Robot Name: locobot
Robot Model: locobot_px100
Initialized InterbotixRobotXSCore!

Turret Group Name: camera
Pan Name: pan, Profile Type: time, Profile Velocity: 2.0, Profile Acceleration: 0.3
Tilt Name: tilt, Profile Type: time, Profile Velocity: 2.0, Profile Acceleration: 0.3
Initialized InterbotixTurretXSInterface!

Initialized InterbotixKobukiInterface!

Arm Group Name: arm
Moving Time: 2.00 seconds
Acceleration Time: 0.30 seconds
Drive Mode: Time-Based-Profile
Initialized InterbotixArmXSInterface!

Gripper Name: gripper
Gripper Pressure: 50%
Initialized InterbotixGripperXSInterface!

Reset odom:[0.0, 0.0, 0.0]
Estimated landmark positions:
Starting move to goal: (0.5, 0.5, 0)
Rel pose: (0, 0, 0)

Landmark 682 range: 0.8587663664164723 bearing: 0.3582412176829679
Raw z: 0.9373694231017965,x: -0.30110723337830697 y: -0.0904416810470057
Initial estimate for 682: (0.8042475403104523, 0.30110723337830697)
Estimated landmark positions:
682: [0.80424754 0.30110723]
Odometry measurement
[0.0, 0.0, 0.0]
Covariance:
[[2.00000000e-04 2.22044605e-24 0.00000000e+00]
 [2.22044605e-24 2.00000000e-04 0.00000000e+00]
 [0.00000000e+00 0.00000000e+00 9.73828555e-03]]
Estimated pose: 
(0, 0, 0)

Current pose: (0.0, 0.0, 0.0)
Goal pose: (0.5, 0.5, 0)
Dist: 0.7071067811865476
Moving to goal, dist: 0.7071067811865476, theta_diff: 0.7853981633974483
dt=0
raw_control = 0.3535533905932738 + 0.0 + 0 = 0.3535533905932738
dt=0
raw_control = 0.5497787143782138 + 0.0 + 0 = 0.5497787143782138
Velocities: 0.2 0.5497787143782138
Rel pose: (0, 0, -0.000174533)

Landmark 682 range: 0.8581983221694889 bearing: 0.3584182077191684
Raw z: 0.9366864030876966,x: -0.30105030629059804 y: -0.09042461847528467
Estimated landmark positions:
682: [0.80398124 0.30100864]
Odometry measurement
[0.0, 0.0, -0.00017453292519942212]
Covariance:
[[ 2.99979189e-04  2.17501216e-09  7.72192275e-07]
 [ 2.17501216e-09  2.99974198e-04 -2.06138104e-06]
 [ 7.72192275e-07 -2.06138104e-06  1.91943403e-02]]
Estimated pose: 
(1.06572e-07, 3.93008e-08, -0.000174579)

Current pose: (1.0657190777251949e-07, 3.930080049600975e-08, -0.0001745793817525419)
Goal pose: (0.5, 0.5, 0)
Dist: 0.7071066780389679
Moving to goal, dist: 0.7071066780389679, theta_diff: 0.785572810050318
dt=0.10002374649047852
raw_control = 0.35355333901948394 + 0.0 + -0.0 = 0.35355333901948394
dt=0.10002303123474121
raw_control = 0.5499009670352225 + 0.0 + 0.0 = 0.5499009670352225
Velocities: 0.2 0.5499009670352225
Rel pose: (0.00162055, 1.1909e-07, 0.000174533)

Landmark 682 range: 0.8586977408597163 bearing: 0.3583374731635173
Raw z: 0.9372764547601741,x: -0.3011605770129161 y: -0.09039555927138057
Estimated landmark positions:
682: [0.80457613 0.30106659]
Odometry measurement
[0.0016205496640470285, -1.637490535740322e-07, 0.0]
Covariance:
[[3.99917013e-04 1.05207649e-08 3.03568048e-06]
 [1.05207649e-08 3.99935609e-04 2.27138043e-05]
 [3.03568048e-06 2.27138043e-05 2.82996466e-02]]
Estimated pose: 
(0.00161992, -1.1808e-07, 2.10074e-05)

Current pose: (0.001619918019445584, -1.1808026171832486e-07, 2.100736053851165e-05)
Goal pose: (0.5, 0.5, 0)
Dist: 0.7059623390771067
Moving to goal, dist: 0.7059623390771067, theta_diff: 0.7869998191042838
dt=0.10021257400512695
raw_control = 0.35298116953855335 + 0.0 + -0.0 = 0.35298116953855335
dt=0.10022473335266113
raw_control = 0.5508998733729986 + 0.0 + 0.0 = 0.5508998733729986
Velocities: 0.2 0.5508998733729986
Rel pose: (0.00388076, 1.08074e-05, 0.0150098)

Landmark 682 range: 0.8195309835859279 bearing: 0.32132179900761104
Raw z: 0.8941360382294128,x: -0.25882508156159145 y: -0.0909727460998614
Estimated landmark positions:
682: [0.79816766 0.29369839]
Odometry measurement
[0.005501304787690035, 1.0643603435771264e-05, 0.015009831567151303]
Covariance:
[[4.99794006e-04 4.81865301e-08 8.45962466e-06]
 [4.81865301e-08 5.00330631e-04 1.18582877e-04]
 [8.45962466e-06 1.18582877e-04 3.69100922e-02]]
Estimated pose: 
(0.00551448, 3.56802e-05, 0.0163321)

Current pose: (0.005514477518261526, 3.568023303675186e-05, 0.01633212342910487)
Goal pose: (0.5, 0.5, 0)
Dist: 0.7031928988436105
Moving to goal, dist: 0.7031928988436105, theta_diff: 0.7745753594135638
dt=0.09997057914733887
raw_control = 0.35159644942180523 + 0.0 + -0.0 = 0.35159644942180523
dt=0.09996509552001953
raw_control = 0.5422027515894946 + 0.0 + -0.0 = 0.5422027515894946
Velocities: 0.2 0.5422027515894946
Rel pose: (0.00733437, 8.47353e-05, 0.0359538)

Landmark 682 range: 0.8236594848022617 bearing: 0.2879721289463972
Raw z: 0.9012872869767403,x: -0.23392624822331426 y: -0.09103273700310881
Estimated landmark positions:
682: [0.79630779 0.29029273]
Odometry measurement
[0.01283357980080104, 0.0002054528793395283, 0.05096361415823436]
Covariance:
[[5.99601398e-04 2.69646830e-07 2.47089049e-05]
 [2.69646830e-07 6.03533526e-04 3.60505160e-04]
 [2.47089049e-05 3.60505160e-04 4.49117186e-02]]
Estimated pose: 
(0.0128522, 0.000265184, 0.0535066)

Current pose: (0.012852203149805019, 0.0002651835635913109, 0.05350661988018318)
Goal pose: (0.5, 0.5, 0)
Dist: 0.6978881448589953
Moving to goal, dist: 0.6978881448589953, theta_diff: 0.7446451749640597
dt=0.10013198852539062
raw_control = 0.34894407242949765 + 0.0 + -0.0 = 0.34894407242949765
dt=0.10013628005981445
raw_control = 0.5212516224748418 + 0.0 + -0.0 = 0.5212516224748418
Velocities: 0.2 0.5212516224748418
Rel pose: (0.017605, 0.000451937, 0.0577704)

Landmark 682 range: 0.8525444650037814 bearing: 0.2400275292137896
Raw z: 0.9389780046371085,x: -0.20267485558510623 y: -0.09638886335181139
Estimated landmark positions:
682: [0.80199067 0.29128562]
Odometry measurement
[0.030392690748659953, 0.001553628630084997, 0.10873401239924675]
Covariance:
[[6.99418194e-04 2.02238551e-06 7.64803238e-05]
 [2.02238551e-06 7.28245508e-04 1.08469404e-03]
 [7.64803238e-05 1.08469404e-03 5.22081114e-02]]
Estimated pose: 
(0.030372, 0.00166607, 0.112035)

Current pose: (0.030372000443492215, 0.0016660746468869433, 0.11203503538942215)
Goal pose: (0.5, 0.5, 0)
Dist: 0.6847533564176881
Moving to goal, dist: 0.6847533564176881, theta_diff: 0.7030104871191991
dt=0.10006070137023926
raw_control = 0.34237667820884404 + 0.0 + -0.0 = 0.34237667820884404
dt=0.1000509262084961
raw_control = 0.49210734098343933 + 0.0 + -0.0 = 0.49210734098343933
Velocities: 0.2 0.49210734098343933
Rel pose: (0.0116415, 0.000115572, 0.0267035)

Landmark 682 range: 0.8318116225438202 bearing: 0.2036194716114976
Raw z: 0.9159404926318296,x: -0.16820507411609867 y: -0.09292012137251107
Estimated landmark positions:
682: [0.80518653 0.29049373]
Odometry measurement
[0.04195288997198368, 0.00293185159952023, 0.13543754995475998]
Covariance:
[[7.99185063e-04 4.44481866e-06 1.21681455e-04]
 [4.44481866e-06 8.57443209e-04 1.59563626e-03]
 [1.21681455e-04 1.59563626e-03 5.87937544e-02]]
Estimated pose: 
(0.0418946, 0.00313306, 0.140693)

Current pose: (0.041894609116048795, 0.0031330556269543266, 0.14069261210870937)
Goal pose: (0.5, 0.5, 0)
Dist: 0.6758234307624625
Moving to goal, dist: 0.6758234307624625, theta_diff: 0.6852724732303195
dt=0.10015130043029785
raw_control = 0.33791171538123127 + 0.0 + -0.0 = 0.33791171538123127
dt=0.10016870498657227
raw_control = 0.4796907312612236 + 0.0 + -0.0 = 0.4796907312612236
Velocities: 0.2 0.4796907312612236
Rel pose: (0.017395, 0.000324732, 0.0453786)

Landmark 682 range: 0.8139585082698004 bearing: 0.14896958009516767
Raw z: 0.8963454455550378,x: -0.12080707382112899 y: -0.08686509715005579
Estimated landmark positions:
682: [0.80778605 0.28911113]
Odometry measurement
[0.059144733550554204, 0.005602348641464896, 0.18081611050661242]
Covariance:
[[8.99379960e-04 1.17403876e-05 2.25279368e-04]
 [1.17403876e-05 1.02425760e-03 2.46456329e-03]
 [2.25279368e-04 2.46456329e-03 6.46351831e-02]]
Estimated pose: 
(0.0590276, 0.00600619, 0.189278)

Current pose: (0.05902761307607483, 0.006006186754294479, 0.18927796010072964)
Goal pose: (0.5, 0.5, 0)
Dist: 0.6621831571056582
Moving to goal, dist: 0.6621831571056582, theta_diff: 0.652768986350693
dt=0.09994888305664062
raw_control = 0.3310915785528291 + 0.0 + -0.0 = 0.3310915785528291
dt=0.0999298095703125
raw_control = 0.45693829044548506 + 0.0 + -0.0 = 0.45693829044548506
Velocities: 0.2 0.45693829044548506
Rel pose: (0.017309, 0.00035331, 0.0490438)

Landmark 682 range: 0.828917993451059 bearing: 0.11990480949519167
Raw z: 0.9151172317365429,x: -0.099153264521292 y: -0.08674121746571405
Estimated landmark positions:
682: [0.81264909 0.29049309]
Odometry measurement
[0.07610797404004947, 0.009062611432910492, 0.2298598624876531]
Covariance:
[[1.00049433e-03 2.53139168e-05 3.74469791e-04]
 [2.53139168e-05 1.21770050e-03 3.36572467e-03]
 [3.74469791e-04 3.36572467e-03 6.97646083e-02]]
Estimated pose: 
(0.0758861, 0.00961545, 0.239068)

Current pose: (0.07588606022929867, 0.00961545149992989, 0.23906762083889418)
Goal pose: (0.5, 0.5, 0)
Dist: 0.6483437663118569
Moving to goal, dist: 0.6483437663118569, theta_diff: 0.6186707038715826
dt=0.10010981559753418
raw_control = 0.32417188315592843 + 0.0 + -0.0 = 0.32417188315592843
dt=0.10011172294616699
raw_control = 0.4330694927101078 + 0.0 + -0.0 = 0.4330694927101078
Velocities: 0.2 0.4330694927101078
Rel pose: (0.00874209, 6.0809e-05, 0.0207694)

Landmark 682 range: 0.8241699614418668 bearing: 0.08152608847685623
Raw z: 0.909978263807628,x: -0.0671169466716965 y: -0.08251860002644883
Estimated landmark positions:
682: [0.81722392 0.2909094 ]
Odometry measurement
[0.08460627502186774, 0.011113627570614206, 0.2506292805863857]
Covariance:
[[1.10094523e-03 3.41125439e-05 4.50705751e-04]
 [3.41125439e-05 1.37035613e-03 3.74103962e-03]
 [4.50705751e-04 3.74103962e-03 7.42958346e-02]]
Estimated pose: 
(0.0842603, 0.0118446, 0.262888)

Current pose: (0.08426033579827022, 0.011844569398930898, 0.26288762549189165)
Goal pose: (0.5, 0.5, 0)
Dist: 0.6411982476706266
Moving to goal, dist: 0.6411982476706266, theta_diff: 0.6024550230658303
dt=0.10001683235168457
raw_control = 0.3205991238353133 + 0.0 + -0.0 = 0.3205991238353133
dt=0.10002660751342773
raw_control = 0.4217185161460812 + 0.0 + -0.0 = 0.4217185161460812
Velocities: 0.2 0.4217185161460812
Rel pose: (0.0173942, 0.000352863, 0.0467748)

Landmark 682 range: 0.7964793999666839 bearing: 0.03941627986558177
Raw z: 0.8766663045485178,x: -0.031386126323041295 y: -0.07386046431674821
Estimated landmark positions:
682: [0.81997185 0.29120652]
Odometry measurement
[0.10136952136562556, 0.015769469033254366, 0.29740410453983396]
Covariance:
[[1.20429506e-03 5.92111998e-05 6.47357171e-04]
 [5.92111998e-05 1.60339189e-03 4.71747852e-03]
 [6.47357171e-04 4.71747852e-03 7.81820184e-02]]
Estimated pose: 
(0.100883, 0.0167911, 0.311879)

Current pose: (0.10088251391639863, 0.016791079167504164, 0.31187857272993097)
Goal pose: (0.5, 0.5, 0)
Dist: 0.6267261195050027
Moving to goal, dist: 0.6267261195050027, theta_diff: 0.5685390786520674
dt=0.10005640983581543
raw_control = 0.31336305975250134 + 0.0 + -0.0 = 0.31336305975250134
dt=0.10004711151123047
raw_control = 0.39797735505644716 + 0.0 + -0.0 = 0.39797735505644716
Velocities: 0.2 0.39797735505644716
Rel pose: (0.0145833, 0.000177693, 0.0352557)

Landmark 682 range: 0.8223636604083017 bearing: -0.009541049135921336
Raw z: 0.9074948502384594,x: 0.00784609304986245 y: -0.06924624682201712
Estimated landmark positions:
682: [0.82552436 0.29226687]
Odometry measurement
[0.11526054255113999, 0.020212839188448677, 0.3326597554301194]
Covariance:
[[1.30844164e-03 8.64771739e-05 8.24177824e-04]
 [8.64771739e-05 1.83277654e-03 5.48883444e-03]
 [8.24177824e-04 5.48883444e-03 8.15281388e-02]]
Estimated pose: 
(0.114514, 0.0215794, 0.351014)

Current pose: (0.11451416256593422, 0.021579428710308244, 0.3510140884725999)
Goal pose: (0.5, 0.5, 0)
Dist: 0.6143985464626345
Moving to goal, dist: 0.6143985464626345, theta_diff: 0.541546968543942
dt=0.10073328018188477
raw_control = 0.30719927323131724 + 0.0 + -0.0 = 0.30719927323131724
dt=0.10073494911193848
raw_control = 0.3790828779807594 + 0.0 + -0.0 = 0.3790828779807594
Velocities: 0.2 0.3790828779807594
Rel pose: (0.0119401, 0.000114099, 0.0233874)

Landmark 682 range: 0.7850132798911605 bearing: -0.030748259156055526
Raw z: 0.8620498700337873,x: 0.024133988416410335 y: -0.06180225325128508
Estimated landmark positions:
682: [0.82831042 0.29270057]
Odometry measurement
[0.1265087609121883, 0.02421980884088306, 0.35604716740684333]
Covariance:
[[0.00141175 0.00011038 0.00094474]
 [0.00011038 0.00204966 0.00607082]
 [0.00094474 0.00607082 0.08442536]]
Estimated pose: 
(0.12556, 0.025913, 0.377341)

Current pose: (0.12555997436678495, 0.025913013425441722, 0.3773411861595541)
Goal pose: (0.5, 0.5, 0)
Dist: 0.6041223416126473
Moving to goal, dist: 0.6041223416126473, theta_diff: 0.5249567751774538
dt=0.10037899017333984
raw_control = 0.30206117080632366 + 0.0 + -0.0 = 0.30206117080632366
dt=0.10038995742797852
raw_control = 0.3674697426242176 + 0.0 + -0.0 = 0.3674697426242176
Velocities: 0.2 0.3674697426242176
Rel pose: (0.0172257, 0.000273922, 0.0403171)

Landmark 682 range: 0.7919011425759402 bearing: -0.06712496633066119
Raw z: 0.8693799915166597,x: 0.05311642823174982 y: -0.05393204209104042
Estimated landmark positions:
682: [0.83220489 0.29385512]
Odometry measurement
[0.1425585877808752, 0.030480937138357405, 0.3963642731279123]
Covariance:
[[0.00152094 0.00015751 0.00118817]
 [0.00015751 0.00234514 0.00704596]
 [0.00118817 0.00704596 0.0868548 ]]
Estimated pose: 
(0.141302, 0.0325569, 0.419382)

Current pose: (0.14130238922504912, 0.03255692026612176, 0.41938166863590204)
Goal pose: (0.5, 0.5, 0)
Dist: 0.5892087989556427
Moving to goal, dist: 0.5892087989556427, theta_diff: 0.49689475234892927
dt=0.10059571266174316
raw_control = 0.29460439947782135 + 0.0 + -0.0 = 0.29460439947782135
dt=0.10058736801147461
raw_control = 0.34782632664425045 + 0.0 + -0.0 = 0.34782632664425045
Velocities: 0.2 0.34782632664425045
Rel pose: (0.0152653, 0.000198532, 0.0322886)

Landmark 682 range: 0.7689212473012321 bearing: -0.10145338651851775
Raw z: 0.840815132639255,x: 0.07787591051400848 y: -0.04788731242567454
Estimated landmark positions:
682: [0.83507413 0.29471384]
Odometry measurement
[0.15656377524901985, 0.03655752340096553, 0.4286528642898075]
Covariance:
[[0.00163073 0.00020545 0.00139525]
 [0.00020545 0.00263685 0.00785038]
 [0.00139525 0.00785038 0.08892105]]
Estimated pose: 
(0.155014, 0.0389968, 0.453188)

Current pose: (0.15501422136607979, 0.03899680708971143, 0.45318799379212976)
Goal pose: (0.5, 0.5, 0)
Dist: 0.5757943481253814
Moving to goal, dist: 0.5757943481253814, theta_diff: 0.47517234920939994
dt=0.09929347038269043
raw_control = 0.2878971740626907 + 0.0 + -0.0 = 0.2878971740626907
dt=0.09930586814880371
raw_control = 0.33262064444657996 + 0.0 + -0.0 = 0.33262064444657996
Velocities: 0.2 0.33262064444657996
Rel pose: (0.0118975, 0.000107259, 0.0225147)

Landmark 682 range: 0.7829546577720875 bearing: -0.13507921420876265
Raw z: 0.8563701536486145,x: 0.10543956738747334 y: -0.04056866552335274
Estimated landmark positions:
682: [0.83910271 0.29590848]
Odometry measurement
[0.1673402868722631, 0.04160022683333125, 0.4511676116405341]
Covariance:
[[0.00173901 0.00024622 0.00154145]
 [0.00024622 0.00289184 0.00837507]
 [0.00154145 0.00837507 0.09072451]]
Estimated pose: 
(0.165414, 0.044388, 0.47844)

Current pose: (0.16541377288375686, 0.044387989630549254, 0.4784400611485121)
Goal pose: (0.5, 0.5, 0)
Dist: 0.565270065870089
Moving to goal, dist: 0.565270065870089, theta_diff: 0.4589358623130111
dt=0.10088372230529785
raw_control = 0.2826350329350445 + 0.0 + -0.0 = 0.2826350329350445
dt=0.10087776184082031
raw_control = 0.32125510361910775 + 0.0 + -0.0 = 0.32125510361910775
Velocities: 0.2 0.32125510361910775
Rel pose: (0.0182074, 0.000242576, 0.0307178)

Landmark 682 range: 0.7710713089399142 bearing: -0.16472357190192427
Raw z: 0.8407206062707188,x: 0.1264400041118788 y: -0.029955108299501463
Estimated landmark positions:
682: [0.84293388 0.29718554]
Odometry measurement
[0.1836200736809784, 0.04975726475687101, 0.48188540647563444]
Covariance:
[[0.00185371 0.00031371 0.00176724]
 [0.00031371 0.00326787 0.0094126 ]
 [0.00176724 0.0094126  0.09219775]]
Estimated pose: 
(0.181219, 0.0530009, 0.51069)

Current pose: (0.1812187115662173, 0.053000914174560765, 0.5106902930318651)
Goal pose: (0.5, 0.5, 0)
Dist: 0.5490261310577857
Moving to goal, dist: 0.5490261310577857, theta_diff: 0.4406032096623843
dt=0.10034298896789551
raw_control = 0.2745130655288929 + 0.0 + -0.0 = 0.2745130655288929
dt=0.10034751892089844
raw_control = 0.308422246763669 + 0.0 + -0.0 = 0.308422246763669
Velocities: 0.2 0.308422246763669
Rel pose: (0.012367, 7.18103e-05, 0.018326)

Landmark 682 range: 0.744966276147683 bearing: -0.18994078402655395
Raw z: 0.8082435578744779,x: 0.14065018742156615 y: -0.01994826473190635
Estimated landmark positions:
682: [0.84561764 0.29803847]
Odometry measurement
[0.19454549337382146, 0.05555240312575529, 0.5002113636215748]
Covariance:
[[0.00196358 0.00036225 0.00189424]
 [0.00036225 0.00356064 0.00994794]
 [0.00189424 0.00994794 0.09350483]]
Estimated pose: 
(0.191759, 0.0591645, 0.530927)

Current pose: (0.19175862520841738, 0.05916448465108725, 0.5309272024687868)
Goal pose: (0.5, 0.5, 0)
Dist: 0.5379114208922752
Moving to goal, dist: 0.5379114208922752, theta_diff: 0.4296662844859832
dt=0.09867143630981445
raw_control = 0.2689557104461376 + 0.0 + -0.0 = 0.2689557104461376
dt=0.0986638069152832
raw_control = 0.3007663991401882 + 0.0 + -0.0 = 0.3007663991401882
Velocities: 0.2 0.3007663991401882
Rel pose: (0.0184215, 0.000197003, 0.0253073)

Landmark 682 range: 0.7229510555710357 bearing: -0.2168885919913786
Raw z: 0.7806504528270309,x: 0.1555733967040459 y: -0.009936054334999375
Estimated landmark positions:
682: [0.8477978  0.29878192]
Odometry measurement
[0.21061556871401227, 0.06456044625251622, 0.5255186377754926]
Covariance:
[[0.00208063 0.00044053 0.002098  ]
 [0.00044053 0.0039896  0.01099102]
 [0.002098   0.01099102 0.09456089]]
Estimated pose: 
(0.207365, 0.0686706, 0.557228)

Current pose: (0.20736485080043315, 0.06867055686604372, 0.5572278193397334)
Goal pose: (0.5, 0.5, 0)
Dist: 0.5212297181294459
Moving to goal, dist: 0.5212297181294459, theta_diff: 0.41745300949326825
dt=0.10132503509521484
raw_control = 0.2606148590647229 + 0.0 + -0.0 = 0.2606148590647229
dt=0.10132861137390137
raw_control = 0.29221710664528777 + 0.0 + -0.0 = 0.29221710664528777
Velocities: 0.2 0.29221710664528777
Rel pose: (0.0156074, 0.000151232, 0.0226893)

Landmark 682 range: 0.7066633453313638 bearing: -0.24347649147151965
Raw z: 0.759981989384225,x: 0.17036100813798874 y: -0.00021500714541609808
Estimated landmark positions:
682: [0.84969453 0.29944872]
Odometry measurement
[0.22404111360049345, 0.07252091507317542, 0.5482079180514189]
Covariance:
[[0.0021985  0.00051738 0.00228487]
 [0.00051738 0.00438203 0.01176242]
 [0.00228487 0.01176242 0.09547697]]
Estimated pose: 
(0.220366, 0.0770394, 0.580527)

Current pose: (0.22036594158477443, 0.07703937151213144, 0.5805272570460248)
Goal pose: (0.5, 0.5, 0)
Dist: 0.5070413196935951
Moving to goal, dist: 0.5070413196935951, theta_diff: 0.4061058925237261
dt=0.09888315200805664
raw_control = 0.25352065984679756 + 0.0 + -0.0 = 0.25352065984679756
dt=0.09887218475341797
raw_control = 0.28427412476660824 + 0.0 + -0.0 = 0.28427412476660824
Velocities: 0.2 0.28427412476660824
Rel pose: (0.0124095, 8.76186e-05, 0.0191986)

Landmark 682 range: 0.7020204492936762 bearing: -0.2742831965313584
Raw z: 0.7530304947988958,x: 0.1901471511030405 y: 0.009685532575556035
Estimated landmark positions:
682: [0.8517275  0.30012909]
Odometry measurement
[0.2345864677393126, 0.07906301606617593, 0.5674065398233565]
Covariance:
[[0.00231636 0.0005884  0.00244713]
 [0.0005884  0.0047149  0.01224822]
 [0.00244713 0.01224822 0.09633094]]
Estimated pose: 
(0.230466, 0.0839678, 0.601415)

Current pose: (0.23046585348282486, 0.0839677999264807, 0.6014153218332791)
Goal pose: (0.5, 0.5, 0)
Dist: 0.4957130698667878
Moving to goal, dist: 0.4957130698667878, theta_diff: 0.39450568081105664
dt=0.10009551048278809
raw_control = 0.2478565349333939 + 0.0 + -0.0 = 0.2478565349333939
dt=0.1000967025756836
raw_control = 0.2761539765677396 + 0.0 + -0.0 = 0.2761539765677396
Velocities: 0.2 0.2761539765677396
Rel pose: (0.0182078, 0.000229339, 0.0263545)

Landmark 682 range: 0.7020350025998733 bearing: -0.3026874479877916
Raw z: 0.751767740147669,x: 0.2092671943738183 y: 0.020679711765219804
Estimated landmark positions:
682: [0.85428056 0.30104834]
Odometry measurement
[0.24981778822168504, 0.08904213015335864, 0.5937610115284709]
Covariance:
[[0.00244531 0.00069792 0.00269571]
 [0.00069792 0.00519887 0.01323151]
 [0.00269571 0.01323151 0.09701438]]
Estimated pose: 
(0.245091, 0.0944051, 0.628228)

Current pose: (0.24509113539560082, 0.09440509825281179, 0.6282277961478504)
Goal pose: (0.5, 0.5, 0)
Dist: 0.47904671335603083
Moving to goal, dist: 0.47904671335603083, theta_diff: 0.3814696300288096
dt=0.10013246536254883
raw_control = 0.23952335667801541 + 0.0 + -0.0 = 0.23952335667801541
dt=0.10013294219970703
raw_control = 0.2670287410201667 + 0.0 + -0.0 = 0.2670287410201667
Velocities: 0.2 0.2670287410201667
Rel pose: (0.015949, 0.00011655, 0.0178024)

Landmark 682 range: 0.6753057067818231 bearing: -0.3286925109440639
Raw z: 0.7190861726182064,x: 0.21799260686148134 y: 0.03167742060488275
Estimated landmark positions:
682: [0.85614167 0.30171629]
Odometry measurement
[0.26297177734575916, 0.0980619073496758, 0.6115633698988132]
Covariance:
[[0.00256659 0.00078895 0.0028463 ]
 [0.00078895 0.00565733 0.01400892]
 [0.0028463  0.01400892 0.09762283]]
Estimated pose: 
(0.257715, 0.103839, 0.646493)

Current pose: (0.25771475721507625, 0.10383874055253438, 0.6464926745150719)
Goal pose: (0.5, 0.5, 0)
Dist: 0.4643768753484088
Moving to goal, dist: 0.4643768753484088, theta_diff: 0.37541120141812145
dt=0.10158729553222656
raw_control = 0.2321884376742044 + 0.0 + -0.0 = 0.2321884376742044
dt=0.10159540176391602
raw_control = 0.262787840992685 + 0.0 + -0.0 = 0.262787840992685
Velocities: 0.2 0.262787840992685
Rel pose: (0.0158211, 0.000111354, 0.0188496)

Landmark 682 range: 0.6532638910316494 bearing: -0.3536649033586598
Raw z: 0.6921155993403783,x: 0.226250244811016 y: 0.040108866821193696
Estimated landmark positions:
682: [0.85756966 0.30223745]
Odometry measurement
[0.2758613673693222, 0.10723671757732757, 0.630412925820352]
Covariance:
[[0.00269223 0.00089081 0.00301831]
 [0.00089081 0.00613021 0.01476402]
 [0.00301831 0.01476402 0.09817456]]
Estimated pose: 
(0.270113, 0.113403, 0.665332)

Current pose: (0.2701128207609613, 0.1134034191856835, 0.6653315286424585)
Goal pose: (0.5, 0.5, 0)
Dist: 0.44978331613767336
Moving to goal, dist: 0.44978331613767336, theta_diff: 0.368993142390568
dt=0.09850192070007324
raw_control = 0.22489165806883668 + 0.0 + -0.0 = 0.22489165806883668
dt=0.09849309921264648
raw_control = 0.2582951996733976 + 0.0 + -0.0 = 0.2582951996733976
Velocities: 0.2 0.2582951996733976
Rel pose: (0.0126229, 7.02773e-05, 0.0129154)

Landmark 682 range: 0.6649957241177117 bearing: -0.3813320209240202
Raw z: 0.704920039555022,x: 0.24748290727527003 y: 0.05007506254321846
Estimated landmark positions:
682: [0.85971708 0.30299666]
Odometry measurement
[0.2860165513579562, 0.11473443633157804, 0.6433283622851099]
Covariance:
[[0.00281139 0.00097201 0.00311882]
 [0.00097201 0.00652926 0.015237  ]
 [0.00311882 0.015237   0.09873692]]
Estimated pose: 
(0.279676, 0.12126, 0.679609)

Current pose: (0.27967553948916485, 0.12125965444332559, 0.6796094885937192)
Goal pose: (0.5, 0.5, 0)
Dist: 0.438163345399612
Moving to goal, dist: 0.438163345399612, theta_diff: 0.3643098110397105
dt=0.10169196128845215
raw_control = 0.219081672699806 + 0.0 + -0.0 = 0.219081672699806
dt=0.1016988754272461
raw_control = 0.25501686772779736 + 0.0 + -0.0 = 0.25501686772779736
Velocities: 0.2 0.25501686772779736
Rel pose: (0.019104, 0.000189197, 0.0246091)

Landmark 682 range: 0.6330264981195549 bearing: -0.41163618217793957
Raw z: 0.6667148736158327,x: 0.25327983367457174 y: 0.06256592349968446
Estimated landmark positions:
682: [0.86119808 0.3035359 ]
Odometry measurement
[0.3011882533001052, 0.1263455834179051, 0.6679375047382297]
Covariance:
[[0.00295596 0.00112461 0.00339686]
 [0.00112461 0.00712603 0.01627535]
 [0.00339686 0.01627535 0.09917444]]
Estimated pose: 
(0.294213, 0.133351, 0.704207)

Current pose: (0.29421321349397767, 0.1333514883330353, 0.7042071630027172)
Goal pose: (0.5, 0.5, 0)
Dist: 0.42045134392468714
Moving to goal, dist: 0.42045134392468714, theta_diff: 0.35513875367331205
dt=0.10025334358215332
raw_control = 0.21022567196234357 + 0.0 + -0.0 = 0.21022567196234357
dt=0.10025429725646973
raw_control = 0.2485971275713184 + 0.0 + -0.0 = 0.2485971275713184
Velocities: 0.2 0.2485971275713184
Rel pose: (0.0127934, 7.81515e-05, 0.0174533)

Estimated landmark positions:
682: [0.86119808 0.3035359 ]
Odometry measurement
[0.31118397630237743, 0.13433077846449773, 0.6853907972581731]
Covariance:
[[0.00309755 0.00124631 0.00369478]
 [0.00124631 0.00761658 0.01748232]
 [0.00369478 0.01748232 0.10881272]]
Estimated pose: 
(0.303913, 0.141694, 0.72166)

Current pose: (0.3039128057891369, 0.14169389371727514, 0.7216604555226607)
Goal pose: (0.5, 0.5, 0)
Dist: 0.4084525107438759
Moving to goal, dist: 0.4084525107438759, theta_diff: 0.3483974640420957
dt=0.1013944149017334
raw_control = 0.20422625537193795 + 0.0 + -0.0 = 0.20422625537193795
dt=0.1013941764831543
raw_control = 0.24387822482946697 + 0.0 + -0.0 = 0.24387822482946697
Velocities: 0.2 0.24387822482946697
Rel pose: (0.0189759, 0.000206174, 0.0268781)

Estimated landmark positions:
682: [0.86119808 0.3035359 ]
Odometry measurement
[0.32574409728142384, 0.14650168907863487, 0.7122688677388861]
Covariance:
[[0.00327032 0.00145082 0.00419634]
 [0.00145082 0.00834496 0.01944138]
 [0.00419634 0.01944138 0.11845101]]
Estimated pose: 
(0.318022, 0.154385, 0.748539)

Current pose: (0.31802201299440946, 0.1543847747023733, 0.7485385260033737)
Goal pose: (0.5, 0.5, 0)
Dist: 0.3905968147746934
Moving to goal, dist: 0.3905968147746934, theta_diff: 0.33760941860068505
dt=0.09728789329528809
raw_control = 0.1952984073873467 + 0.0 + -0.0 = 0.1952984073873467
dt=0.09728121757507324
raw_control = 0.2363265930204795 + 0.0 + -0.0 = 0.2363265930204795
Velocities: 0.1952984073873467 0.2363265930204795
Rel pose: (0.0157355, 0.000138304, 0.0205949)

Estimated landmark positions:
682: [0.86119808 0.3035359 ]
Odometry measurement
[0.33756359893417925, 0.156890338635779, 0.732863752912419]
Covariance:
[[0.00343392 0.00163033 0.00461782]
 [0.00163033 0.00902137 0.02121467]
 [0.00461782 0.02121467 0.1280893 ]]
Estimated pose: 
(0.329457, 0.165195, 0.769133)

Current pose: (0.3294570311294792, 0.1651951872392297, 0.7691334111769066)
Goal pose: (0.5, 0.5, 0)
Dist: 0.3757381626597781
Moving to goal, dist: 0.3757381626597781, theta_diff: 0.33053927428426744
dt=0.10233306884765625
raw_control = 0.18786908132988905 + 0.0 + -0.0 = 0.18786908132988905
dt=0.10233855247497559
raw_control = 0.2313774919989872 + 0.0 + -0.0 = 0.2313774919989872
Velocities: 0.18786908132988905 0.2313774919989872
Rel pose: (0.0153516, 0.000142151, 0.0216421)

Estimated landmark positions:
682: [0.86119808 0.3035359 ]
Odometry measurement
[0.3488787356675013, 0.16726621160685037, 0.7545058356371489]
Covariance:
[[0.00360902 0.00183199 0.00510019]
 [0.00183199 0.0097265  0.02307608]
 [0.00510019 0.02307608 0.13772758]]
Estimated pose: 
(0.340388, 0.175975, 0.790775)

Current pose: (0.34038847935256855, 0.17597454246002187, 0.7907754939016364)
Goal pose: (0.5, 0.5, 0)
Dist: 0.36120400697857385
Moving to goal, dist: 0.36120400697857385, theta_diff: 0.3223192224139081
dt=0.09764933586120605
raw_control = 0.18060200348928693 + 0.0 + -0.0 = 0.18060200348928693
dt=0.09764385223388672
raw_control = 0.22562345568973566 + 0.0 + -0.0 = 0.22562345568973566
Velocities: 0.18060200348928693 0.22562345568973566
Rel pose: (0.0118555, 4.24033e-05, 0.010821)

Estimated landmark positions:
682: [0.86119808 0.3035359 ]
Odometry measurement
[0.35748771431492665, 0.17541726503456462, 0.7653268769995134]
Covariance:
[[0.0037503  0.00196329 0.00536142]
 [0.00196329 0.0103513  0.02465233]
 [0.00536142 0.02465233 0.14736587]]
Estimated pose: 
(0.348696, 0.184432, 0.801597)

Current pose: (0.3486962250077031, 0.18443241142788208, 0.8015965352640009)
Goal pose: (0.5, 0.5, 0)
Dist: 0.34996533440348215
Moving to goal, dist: 0.34996533440348215, theta_diff: 0.32211430987994927
dt=0.09990787506103516
raw_control = 0.17498266720174108 + 0.0 + -0.0 = 0.17498266720174108
dt=0.09990787506103516
raw_control = 0.22548001691596448 + 0.0 + -0.0 = 0.22548001691596448
Velocities: 0.17498266720174108 0.22548001691596448
Rel pose: (0.0170988, 0.000239169, 0.0293215)

Estimated landmark positions:
682: [0.86119808 0.3035359 ]
Odometry measurement
[0.36965289206028673, 0.1874352937904856, 0.7946484084330183]
Covariance:
[[0.00397424 0.00226443 0.0061205 ]
 [0.00226443 0.01121094 0.02700427]
 [0.0061205  0.02700427 0.15700415]]
Estimated pose: 
(0.360418, 0.196884, 0.830918)

Current pose: (0.3604176078232668, 0.19688366637169247, 0.8309180666975056)
Goal pose: (0.5, 0.5, 0)
Dist: 0.3337105870631718
Moving to goal, dist: 0.3337105870631718, theta_diff: 0.30833421342336
dt=0.10074591636657715
raw_control = 0.1668552935315859 + 0.0 + -0.0 = 0.1668552935315859
dt=0.10076522827148438
raw_control = 0.21583394939635198 + 0.0 + -0.0 = 0.21583394939635198
Velocities: 0.1668552935315859 0.21583394939635198
Rel pose: (0.0138165, 0.000123611, 0.0218166)

Estimated landmark positions:
682: [0.86119808 0.3035359 ]
Odometry measurement
[0.3792436087502969, 0.1973815577511022, 0.8164650240829473]
Covariance:
[[0.00417885 0.00251795 0.00673605]
 [0.00251795 0.011981   0.02903348]
 [0.00673605 0.02903348 0.16664244]]
Estimated pose: 
(0.369641, 0.207171, 0.852735)

Current pose: (0.36964134846159874, 0.20717116470991548, 0.8527346823474344)
Goal pose: (0.5, 0.5, 0)
Dist: 0.32053409305135977
Moving to goal, dist: 0.32053409305135977, theta_diff: 0.29923149079675215
dt=0.09960603713989258
raw_control = 0.16026704652567988 + 0.0 + -0.0 = 0.16026704652567988
dt=0.0995936393737793
raw_control = 0.2094620435577265 + 0.0 + -0.0 = 0.2094620435577265
Velocities: 0.16026704652567988 0.2094620435577265
Rel pose: (0.0107466, 5.46171e-05, 0.0151844)

Estimated landmark positions:
682: [0.86119808 0.3035359 ]
Odometry measurement
[0.38656308691917385, 0.2052503161859934, 0.8316493885752985]
Covariance:
[[0.00435866 0.00271569 0.00719421]
 [0.00271569 0.01264372 0.03071862]
 [0.00719421 0.03071862 0.17628072]]
Estimated pose: 
(0.376671, 0.2153, 0.867919)

Current pose: (0.3766706782046578, 0.21530016485425674, 0.8679190468397858)
Goal pose: (0.5, 0.5, 0)
Dist: 0.31026459312417914
Moving to goal, dist: 0.31026459312417914, theta_diff: 0.2940895387265615
dt=0.10281229019165039
raw_control = 0.15513229656208957 + 0.0 + -0.0 = 0.15513229656208957
dt=0.10280728340148926
raw_control = 0.20586267710859305 + 0.0 + -0.0 = 0.20586267710859305
Velocities: 0.15513229656208957 0.20586267710859305
Rel pose: (0.0155224, 0.000124312, 0.0204204)

Estimated landmark positions:
682: [0.86119808 0.3035359 ]
Odometry measurement
[0.3969280062058893, 0.21680579616054507, 0.8520697408236316]
Covariance:
[[0.00457601 0.00301036 0.00785391]
 [0.00301036 0.01362071 0.0333015 ]
 [0.00785391 0.0333015  0.18591901]]
Estimated pose: 
(0.38661, 0.227224, 0.888339)

Current pose: (0.3866097593492392, 0.2272238947777698, 0.888339399088119)
Goal pose: (0.5, 0.5, 0)
Dist: 0.2954050613226636
Moving to goal, dist: 0.2954050613226636, theta_diff: 0.28849846877592866
dt=0.09767413139343262
raw_control = 0.1477025306613318 + 0.0 + -0.0 = 0.1477025306613318
dt=0.09768009185791016
raw_control = 0.20194892814315005 + 0.0 + -0.0 = 0.20194892814315005
Velocities: 0.1477025306613318 0.20194892814315005
Rel pose: (0.0124095, 9.3774e-05, 0.0171042)

Estimated landmark positions:
682: [0.86119808 0.3035359 ]
Odometry measurement
[0.4050281601528882, 0.22620746826515878, 0.869173967493176]
Covariance:
[[0.00478362 0.00327198 0.00844436]
 [0.00327198 0.01446677 0.03546942]
 [0.00844436 0.03546942 0.19555729]]
Estimated pose: 
(0.394364, 0.236913, 0.905444)

Current pose: (0.39436366537596323, 0.23691310907370242, 0.9054436257576634)
Goal pose: (0.5, 0.5, 0)
Dist: 0.2835026408520158
Moving to goal, dist: 0.2835026408520158, theta_diff: 0.28353114691514214
dt=0.10205411911010742
raw_control = 0.1417513204260079 + 0.0 + -0.0 = 0.1417513204260079
dt=0.10210895538330078
raw_control = 0.19847180284059948 + 0.0 + -0.0 = 0.19847180284059948
Velocities: 0.1417513204260079 0.19847180284059948
Rel pose: (0.00959524, 3.7863e-05, 0.0127409)

Estimated landmark positions:
682: [0.86119808 0.3035359 ]
Odometry measurement
[0.4111925646014245, 0.23356071653527785, 0.8819148710327351]
Covariance:
[[0.00497006 0.00348278 0.00891208]
 [0.00348278 0.01517837 0.03723532]
 [0.00891208 0.03723532 0.20519558]]
Estimated pose: 
(0.400257, 0.244485, 0.918185)

Current pose: (0.4002573743366227, 0.24448505314532376, 0.9181845292972226)
Goal pose: (0.5, 0.5, 0)
Dist: 0.2742926893673483
Moving to goal, dist: 0.2742926893673483, theta_diff: 0.2804439307007691
dt=0.09888386726379395
raw_control = 0.13714634468367415 + 0.0 + -0.0 = 0.13714634468367415
dt=0.09883928298950195
raw_control = 0.19631075149053837 + 0.0 + -0.0 = 0.19631075149053837
Velocities: 0.13714634468367415 0.19631075149053837
Rel pose: (0.0141154, 9.58063e-05, 0.0167552)

Estimated landmark positions:
682: [0.86119808 0.3035359 ]
Odometry measurement
[0.42009137772891225, 0.24451807969971248, 0.8986700318518803]
Covariance:
[[0.0051923  0.00379204 0.00956355]
 [0.00379204 0.01624649 0.03997711]
 [0.00956355 0.03997711 0.21483387]]
Estimated pose: 
(0.408753, 0.255758, 0.93494)

Current pose: (0.4087530022751604, 0.25575789611175936, 0.9349396901163676)
Goal pose: (0.5, 0.5, 0)
Dist: 0.26073016684985073
Moving to goal, dist: 0.26073016684985073, theta_diff: 0.278320583208737
dt=0.09970951080322266
raw_control = 0.13036508342492537 + 0.0 + -0.0 = 0.13036508342492537
dt=0.09969949722290039
raw_control = 0.19482440824611588 + 0.0 + -0.0 = 0.19482440824611588
Velocities: 0.13036508342492537 0.19482440824611588
Rel pose: (0.0114289, 6.11224e-05, 0.0137881)

Estimated landmark positions:
682: [0.86119808 0.3035359 ]
Odometry measurement
[0.42715977277786277, 0.2534992521528537, 0.9124581329426354]
Covariance:
[[0.00540091 0.00406266 0.01013456]
 [0.00406266 0.01717856 0.04229671]
 [0.01013456 0.04229671 0.22447215]]
Estimated pose: 
(0.415491, 0.264989, 0.948728)

Current pose: (0.4154910759977142, 0.26498947396844824, 0.9487277912071227)
Goal pose: (0.5, 0.5, 0)
Dist: 0.24974327935231969
Moving to goal, dist: 0.24974327935231969, theta_diff: 0.276870352545305
dt=0.10097861289978027
raw_control = 0.12487163967615984 + 0.0 + -0.0 = 0.12487163967615984
dt=0.10097217559814453
raw_control = 0.1938092467817135 + 0.0 + -0.0 = 0.1938092467817135
Velocities: 0.12487163967615984 0.1938092467817135
Rel pose: (0.0084437, 4.83053e-05, 0.0167552)

Estimated landmark positions:
682: [0.86119808 0.3035359 ]
Odometry measurement
[0.4322874463721959, 0.260207857992935, 0.9292132937617809]
Covariance:
[[0.00564235 0.00435332 0.0108627 ]
 [0.00435332 0.01786642 0.04401627]
 [0.0108627  0.04401627 0.23411044]]
Estimated pose: 
(0.420372, 0.27188, 0.965483)

Current pose: (0.42037211176766637, 0.2718796059430519, 0.9654829520262682)
Goal pose: (0.5, 0.5, 0)
Dist: 0.24161853150997814
Moving to goal, dist: 0.24161853150997814, theta_diff: 0.26947550021528444
dt=0.09877204895019531
raw_control = 0.12080926575498907 + 0.0 + -0.0 = 0.12080926575498907
dt=0.09877848625183105
raw_control = 0.18863285015069908 + 0.0 + -0.0 = 0.18863285015069908
Velocities: 0.12080926575498907 0.18863285015069908
Rel pose: (0.0124522, 9.05367e-05, 0.0153589)

Estimated landmark positions:
682: [0.86119808 0.3035359 ]
Odometry measurement
[0.439667105119019, 0.27023810421364924, 0.944572191179331]
Covariance:
[[0.00588127 0.00468736 0.01156102]
 [0.00468736 0.01895804 0.04675941]
 [0.01156102 0.04675941 0.24374872]]
Estimated pose: 
(0.427383, 0.282171, 0.980842)

Current pose: (0.42738320327340734, 0.282170854573902, 0.9808418494438185)
Goal pose: (0.5, 0.5, 0)
Dist: 0.22961431959678696
Moving to goal, dist: 0.22961431959678696, theta_diff: 0.2681746644090257
dt=0.1005251407623291
raw_control = 0.11480715979839348 + 0.0 + -0.0 = 0.11480715979839348
dt=0.10052752494812012
raw_control = 0.18772226508631798 + 0.0 + -0.0 = 0.18772226508631798
Velocities: 0.11480715979839348 0.18772226508631798
Rel pose: (0.00810262, 3.58831e-05, 0.0129154)

Estimated landmark positions:
682: [0.86119808 0.3035359 ]
Odometry measurement
[0.4443868947158592, 0.2768242562834597, 0.9574876276440893]
Covariance:
[[0.00610619 0.00495657 0.01218072]
 [0.00495657 0.01970604 0.04858115]
 [0.01218072 0.04858115 0.25338701]]
Estimated pose: 
(0.431861, 0.288924, 0.993757)

Current pose: (0.43186106368241617, 0.28892382274274225, 0.9937572859085767)
Goal pose: (0.5, 0.5, 0)
Dist: 0.2218018648434432
Moving to goal, dist: 0.2218018648434432, theta_diff: 0.26478303606617704
dt=0.1001584529876709
raw_control = 0.1109009324217216 + 0.0 + -0.0 = 0.1109009324217216
dt=0.10015225410461426
raw_control = 0.1853481252463239 + 0.0 + -0.0 = 0.1853481252463239
Velocities: 0.1109009324217216 0.1853481252463239
Rel pose: (0.0114712, 9.50168e-05, 0.0178024)

Estimated landmark positions:
682: [0.86119808 0.3035359 ]
Odometry measurement
[0.45091177041306, 0.2862595328653967, 0.9752899860144313]
Covariance:
[[0.00638979 0.00535071 0.01307127]
 [0.00535071 0.02076805 0.05126325]
 [0.01307127 0.05126325 0.26302529]]
Estimated pose: 
(0.43804, 0.298589, 1.01156)

Current pose: (0.4380395089198828, 0.29858949713736593, 1.0115596442789188)
Goal pose: (0.5, 0.5, 0)
Dist: 0.21072563469656083
Moving to goal, dist: 0.21072563469656083, theta_diff: 0.2607920488071904
dt=0.09879064559936523
raw_control = 0.10536281734828042 + 0.0 + -0.0 = 0.10536281734828042
dt=0.098785400390625
raw_control = 0.18255443416503328 + 0.0 + -0.0 = 0.18255443416503328
Velocities: 0.10536281734828042 0.18255443416503328
Rel pose: (0.00921135, 4.99504e-05, 0.0144862)

Estimated landmark positions:
682: [0.86119808 0.3035359 ]
Odometry measurement
[0.45603732291169846, 0.29391330247793895, 0.9897762188059841]
Covariance:
[[0.00665012 0.00568841 0.01383444]
 [0.00568841 0.02167314 0.05349128]
 [0.01383444 0.05349128 0.27266358]]
Estimated pose: 
(0.442884, 0.306424, 1.02605)

Current pose: (0.442884151737597, 0.3064240943622252, 1.0260458770704715)
Goal pose: (0.5, 0.5, 0)
Dist: 0.20182629007693362
Moving to goal, dist: 0.20182629007693362, theta_diff: 0.25783503369330596
dt=0.10010671615600586
raw_control = 0.10091314503846681 + 0.0 + -0.0 = 0.10091314503846681
dt=0.10011816024780273
raw_control = 0.18048452358531417 + 0.0 + -0.0 = 0.18048452358531417
Velocities: 0.10091314503846681 0.18048452358531417
Rel pose: (0.00716443, 3.07846e-05, 0.0115192)

Estimated landmark positions:
682: [0.86119808 0.3035359 ]
Odometry measurement
[0.45994398148724186, 0.2999189708835615, 1.0012953918691472]
Covariance:
[[0.00688465 0.00596632 0.0144638 ]
 [0.00596632 0.02241822 0.05528182]
 [0.0144638  0.05528182 0.28230186]]
Estimated pose: 
(0.44657, 0.312567, 1.03757)

Current pose: (0.44657046522712635, 0.31256747511604577, 1.0375650501336344)
Goal pose: (0.5, 0.5, 0)
Dist: 0.1948991189575259
Moving to goal, dist: 0.1948991189575259, theta_diff: 0.25553653292292067
dt=0.10010409355163574
raw_control = 0.09744955947876295 + 0.0 + -0.0 = 0.09744955947876295
dt=0.10010313987731934
raw_control = 0.17887557304604446 + 0.0 + -0.0 = 0.17887557304604446
Velocities: 0.09744955947876295 0.17887557304604446
