Robot Name: locobot
Robot Model: locobot_px100
Initialized InterbotixRobotXSCore!

Turret Group Name: camera
Pan Name: pan, Profile Type: time, Profile Velocity: 2.0, Profile Acceleration: 0.3
Tilt Name: tilt, Profile Type: time, Profile Velocity: 2.0, Profile Acceleration: 0.3
Initialized InterbotixTurretXSInterface!

Initialized InterbotixKobukiInterface!

Arm Group Name: arm
Moving Time: 2.00 seconds
Acceleration Time: 0.30 seconds
Drive Mode: Time-Based-Profile
Initialized InterbotixArmXSInterface!

Gripper Name: gripper
Gripper Pressure: 50%
Initialized InterbotixGripperXSInterface!

Reset odom:[0.0, 0.0, -0.0003490658503990663]
Estimated landmark positions:
Searching for block.
Starting travel to block.
Block estimated at 1.0808176591846146, -0.03984694976032889
Starting move to goal: (0.7310507982047201, -0.027074206896280085, None)
Rel pose: (0, 0, -0.0101229)

Landmark 683 range: 0.7568317157450961 bearing: -0.2728911523448988
Raw z: 0.8184513976753475,x: 0.20397880655600972 y: -0.020404209326411727
Initial estimate for 683: (0.7266497101347845, -0.2115997275959955)
Landmark 682 range: 1.0891213678736018 bearing: 0.21394836735517314
Raw z: 1.2620085442533013,x: -0.2312421292925913 y: -0.33045792238684085
Initial estimate for 682: (1.0666527990619639, 0.22008443882324646)
Estimated landmark positions:
682: [1.0666528  0.22008444]
683: [ 0.72664971 -0.21159973]
Odometry measurement
[0.0, 0.0, -0.010471975511966216]
Covariance:
[[ 2.00000000e-04 -1.88737914e-23  2.16233377e-22]
 [-1.88737914e-23  2.00000000e-04 -1.53042887e-41]
 [ 2.16233377e-22 -1.53042887e-41  9.73828555e-03]]
Estimated pose: 
(0, 0, -0.010472)

Current pose: (0.0, 0.0, -0.010471975511966216)
Goal pose: (0.7310507982047201, -0.027074206896280085, None)
Dist: 0.7315519682393186
Moving to goal, dist: 0.7315519682393186, theta_diff: -0.026545751748737523
error=0.7315519682393186, dt=0
raw_control = 0.21946559047179556 + 0.0 + 0 = 0.21946559047179556
error=-0.026545751748737523, dt=0
raw_control = -0.018582026224116265 + 0.0 + 0 = -0.018582026224116265
Velocities: 0.2 -0.018582026224116265
Rel pose: (0, 0, -0.000349066)

Landmark 683 range: 0.7569448176367928 bearing: -0.27254703504065897
Raw z: 0.8186008815965221,x: 0.2037584383202924 y: -0.020237158751091607
Landmark 682 range: 1.0883907746757857 bearing: 0.21413372479390402
Raw z: 1.2609586247370985,x: -0.23128414752199494 y: -0.3297121347389631
Estimated landmark positions:
682: [1.06631277 0.21992501]
683: [ 0.72670387 -0.21161617]
Odometry measurement
[0.0, 0.0, -0.01082104136236506]
Covariance:
[[ 2.99959087e-04 -4.38232509e-09 -2.98059936e-07]
 [-4.38232509e-09  2.99950928e-04 -4.02447452e-06]
 [-2.98059936e-07 -4.02447452e-06  1.90189420e-02]]
Estimated pose: 
(1.15511e-07, 6.51548e-08, -0.0108179)

Current pose: (1.1551122673098615e-07, 6.515478796199525e-08, -0.010817913938683603)
Goal pose: (0.7310507982047201, -0.027074206896280085, None)
Dist: 0.7315518552185606
Moving to goal, dist: 0.7315518552185606, theta_diff: -0.02619990816852802
error=0.7315518552185606, dt=0.10015296936035156
raw_control = 0.21946555656556818 + 0.001465341810824257 + -1.1284813490457006e-07 = 0.22093078552825754
error=-0.02619990816852802, dt=0.10015511512756348
raw_control = -0.018339935717969612 + -5.248109637901029e-05 + 0.0006906159106682012 = -0.01770180090368042
Velocities: 0.2 -0.01770180090368042
Rel pose: (0.000767629, 7.44314e-09, 0)

Landmark 682 range: 1.089182556217408 bearing: 0.21392928149696142
Raw z: 1.26207403916731,x: -0.23123480673059896 y: -0.3304337284050349
Landmark 683 range: 0.7572875941244791 bearing: -0.27281367777520066
Raw z: 0.8189970264544785,x: 0.20404517332296365 y: -0.020384716935651567
Estimated landmark positions:
682: [1.06672688 0.21985705]
683: [ 0.72706969 -0.21171595]
Odometry measurement
[0.0007675839326092688, -8.298938123530553e-06, -0.01082104136236506]
Covariance:
[[ 3.99836448e-04 -1.74812657e-08 -1.15095606e-06]
 [-1.74812657e-08  3.99809514e-04 -1.18722742e-06]
 [-1.15095606e-06 -1.18722742e-06  2.76361259e-02]]
Estimated pose: 
(0.000766768, -8.05519e-06, -0.0108026)

Current pose: (0.0007667678062571574, -8.055189332080155e-06, -0.01080256983598618)
Goal pose: (0.7310507982047201, -0.027074206896280085, None)
Dist: 0.7307854278947047
Moving to goal, dist: 0.7307854278947047, theta_diff: -0.026242973864132324
error=0.7307854278947047, dt=0.10042428970336914
raw_control = 0.2192356283684114 + 0.002933113961262225 + -0.0007631891907025235 = 0.2214055531389711
error=-0.026242973864132324, dt=0.1004323959350586
raw_control = -0.018370081704892627 + -0.00010519399121172894 + -8.57605660073115e-05 = -0.018561036262111665
Velocities: 0.2 -0.018561036262111665
Rel pose: (0.00605574, -1.07181e-06, -0.000523599)

Landmark 682 range: 1.089182556217408 bearing: 0.21392928149696142
Raw z: 1.26207403916731,x: -0.23123480673059896 y: -0.3304337284050349
Landmark 683 range: 0.7572875941244791 bearing: -0.27281367777520066
Raw z: 0.8189970264544785,x: 0.20404517332296365 y: -0.020384716935651567
Estimated landmark positions:
682: [1.06847249 0.21967122]
683: [ 0.728738  -0.2118705]
Odometry measurement
[0.006822955808405813, -7.489880006294218e-05, -0.011344640137963326]
Covariance:
[[ 4.99591401e-04 -5.37282769e-08 -2.79375755e-06]
 [-5.37282769e-08  5.00393889e-04  1.38719731e-04]
 [-2.79375755e-06  1.38719731e-04  3.53677517e-02]]
Estimated pose: 
(0.00681383, -7.44021e-05, -0.0113088)

Current pose: (0.006813827170036581, -7.440212562366548e-05, -0.011308781488417447)
Goal pose: (0.7310507982047201, -0.027074206896280085, None)
Dist: 0.7247400773181697
Moving to goal, dist: 0.7247400773181697, theta_diff: -0.025954307725511327
error=0.7247400773181697, dt=0.10641145706176758
raw_control = 0.2174220231954509 + 0.004475526913631915 + -0.00568110872969807 = 0.21621644137938476
error=-0.025954307725511327, dt=0.10646915435791016
raw_control = -0.018168015407857927 + -0.00016046065512133226 + 0.0005422530879706382 = -0.017786222975008623
Velocities: 0.2 -0.017786222975008623
Rel pose: (0.00780423, -2.54555e-06, -0.0010472)

Landmark 682 range: 1.0851490104623476 bearing: 0.2165938689002896
Raw z: 1.2555227444418022,x: -0.23320321988977882 y: -0.3238266304771776
Landmark 683 range: 0.7503953840081773 bearing: -0.2735050249146492
Raw z: 0.8106382881551839,x: 0.20268767058226655 y: -0.01433469524636281
Estimated landmark positions:
682: [1.07022155 0.21969393]
683: [ 0.72989667 -0.21185861]
Odometry measurement
[0.014626650132567628, -0.00016597841923872945, -0.012391837689159859]
Covariance:
[[ 5.99183468e-04 -1.32575627e-07 -5.51179563e-06]
 [-1.32575627e-07  6.03776653e-04  3.63522545e-04]
 [-5.51179563e-06  3.63522545e-04  4.20977631e-02]]
Estimated pose: 
(0.0146056, -0.00016694, -0.0124152)

Current pose: (0.01460563709227092, -0.00016693996667714378, -0.01241520553816413)
Goal pose: (0.7310507982047201, -0.027074206896280085, None)
Dist: 0.7169502562207953
Moving to goal, dist: 0.7169502562207953, theta_diff: -0.025123783040389647
error=0.7169502562207953, dt=0.09368491172790527
raw_control = 0.2150850768662386 + 0.005818875342978801 + -0.008314915340902286 = 0.21258903686831512
error=-0.025123783040389647, dt=0.09362149238586426
raw_control = -0.01758664812827275 + -0.00020750317637373115 + 0.0017742180004963908 = -0.01601993330415009
Velocities: 0.2 -0.01601993330415009
Rel pose: (0.019276, 1.77965e-05, 0.0015708)

Landmark 682 range: 1.0795017672096519 bearing: 0.21620559164249528
Raw z: 1.247235671686752,x: -0.23158023270697697 y: -0.31681180621577354
Landmark 683 range: 0.738440953523001 bearing: -0.27838221740209795
Raw z: 0.7960643622433959,x: 0.2029239497740783 y: -0.006867994645692247
Estimated landmark positions:
682: [1.07363741 0.21962759]
683: [ 0.7318501  -0.21171592]
Odometry measurement
[0.033901392083818024, -0.0003870422125744878, -0.01082104136236506]
Covariance:
[[ 6.98569972e-04 -3.17402359e-07 -7.88806820e-06]
 [-3.17402359e-07  7.30332339e-04  1.06514526e-03]
 [-7.88806820e-06  1.06514526e-03  4.77669672e-02]]
Estimated pose: 
(0.0338474, -0.000395056, -0.0109835)

Current pose: (0.03384736212110769, -0.00039505596156111275, -0.010983525603419657)
Goal pose: (0.7310507982047201, -0.027074206896280085, None)
Dist: 0.6977137008697717
Moving to goal, dist: 0.6977137008697717, theta_diff: -0.027263762121305213
error=0.6977137008697717, dt=0.10094594955444336
raw_control = 0.2093141102609315 + 0.00722750278400768 + -0.019056292437616584 = 0.1974853206073226
error=-0.027263762121305213, dt=0.10094881057739258
raw_control = -0.019084633484913648 + -0.00026254806353394577 + -0.004239731144281185 = -0.02358691269272878
Velocities: 0.1974853206073226 -0.02358691269272878
Rel pose: (0.0121541, -2.23294e-08, 0)

Landmark 682 range: 1.0693126201296352 bearing: 0.21739799379666244
Raw z: 1.23350739638866,x: -0.23063960700649253 y: -0.3093834717645822
Landmark 683 range: 0.7245029399306206 bearing: -0.28488852566993994
Raw z: 0.7791254467561347,x: 0.20362189316681106 y: 0.002614413878483132
Estimated landmark positions:
682: [1.07633045 0.21951611]
683: [ 0.73288536 -0.21166054]
Odometry measurement
[0.046054802750682515, -0.0005185822362102526, -0.01082104136236506]
Covariance:
[[ 7.97712136e-04 -5.65280782e-07 -1.22041501e-05]
 [-5.65280782e-07  8.58613144e-04  1.49584596e-03]
 [-1.22041501e-05  1.49584596e-03  5.24872911e-02]]
Estimated pose: 
(0.045969, -0.00052782, -0.0108304)

Current pose: (0.04596900673114319, -0.0005278197811796543, -0.01083037927991987)
Goal pose: (0.7310507982047201, -0.027074206896280085, None)
Dist: 0.6855959244901549
Moving to goal, dist: 0.6855959244901549, theta_diff: -0.02789946716376246
error=0.6855959244901549, dt=0.09936261177062988
raw_control = 0.20567877734704648 + 0.008589954817540508 + -0.012195509119254641 = 0.20207322304533237
error=-0.02789946716376246, dt=0.0993647575378418
raw_control = -0.01952962701463372 + -0.0003179925393371905 + -0.00127953825523128 = -0.02112715780920219
Velocities: 0.2 -0.02112715780920219
Rel pose: (0.0113438, -9.89937e-07, 0)

Landmark 683 range: 0.713597666272652 bearing: -0.28779762123282265
Raw z: 0.7660659113461074,x: 0.20254835892913597 y: 0.008904380977086781
Estimated landmark positions:
682: [1.07634981 0.21940854]
683: [ 0.73367194 -0.21159506]
Odometry measurement
[0.057397975553628626, -0.0006423219648742494, -0.01082104136236506]
Covariance:
[[ 8.97130472e-04 -1.07541171e-06 -2.71090247e-05]
 [-1.07541171e-06  9.95427482e-04  1.98232183e-03]
 [-2.71090247e-05  1.98232183e-03  5.90234558e-02]]
Estimated pose: 
(0.0573023, -0.000663327, -0.0112341)

Current pose: (0.05730228951066254, -0.0006633268882155267, -0.01123409218584436)
Goal pose: (0.7310507982047201, -0.027074206896280085, None)
Dist: 0.6742659620285358
Moving to goal, dist: 0.6742659620285358, theta_diff: -0.02794575635466856
error=0.6742659620285358, dt=0.10771012306213379
raw_control = 0.20227978860856075 + 0.010042460212474541 + -0.01051893929699002 = 0.20180330952404527
error=-0.02794575635466856, dt=0.10778045654296875
raw_control = -0.01956202944826799 + -0.00037823266690408544 + -8.589533277333507e-05 = -0.020026157447945413
Velocities: 0.2 -0.020026157447945413
Rel pose: (0.0145423, -3.48339e-06, -0.000349066)

Landmark 683 range: 0.7118827610304336 bearing: -0.2891640333454674
Raw z: 0.7640074103271866,x: 0.20299412771486333 y: 0.012541039934799013
Estimated landmark positions:
682: [1.07637528 0.21925304]
683: [ 0.73564278 -0.21174078]
Odometry measurement
[0.07193938695226863, -0.0008031649139949162, -0.011170107212763684]
Covariance:
[[ 9.96392904e-04 -2.09085738e-06 -4.68099104e-05]
 [-2.09085738e-06  1.15920601e-03  2.68410229e-03]
 [-4.68099104e-05  2.68410229e-03  6.47513730e-02]]
Estimated pose: 
(0.071813, -0.000854402, -0.0124072)

Current pose: (0.07181300539989108, -0.000854402471165351, -0.012407178126704724)
Goal pose: (0.7310507982047201, -0.027074206896280085, None)
Dist: 0.6597590057030475
Moving to goal, dist: 0.6597590057030475, theta_diff: -0.027344778228584943
error=0.6597590057030475, dt=0.0937962532043457
raw_control = 0.19792770171091423 + 0.011280118667529948 + -0.015466456100206194 = 0.193741364278238
error=-0.027344778228584943, dt=0.0937352180480957
raw_control = -0.01914134476000946 + -0.00042949604189875006 + 0.0012822888527879775 = -0.01828855194912023
Velocities: 0.193741364278238 -0.01828855194912023
Rel pose: (0.0180819, 5.76843e-06, 0.000523599)

Landmark 683 range: 0.6958225083779176 bearing: -0.2984302041320203
Raw z: 0.7449321798274761,x: 0.20458584516486747 y: 0.02949523882839931
Estimated landmark positions:
682: [1.07638641 0.21917326]
683: [ 0.73729816 -0.21200104]
Odometry measurement
[0.09002024483232458, -0.0009993696429554974, -0.010646508437165638]
Covariance:
[[ 1.09547336e-03 -3.64499711e-06 -6.77993329e-05]
 [-3.64499711e-06  1.36689881e-03  3.63389662e-03]
 [-6.77993329e-05  3.63389662e-03  6.97000593e-02]]
Estimated pose: 
(0.0898621, -0.00109108, -0.0124723)

Current pose: (0.0898621174192731, -0.0010910780694310574, -0.012472341010840512)
Goal pose: (0.7310507982047201, -0.027074206896280085, None)
Dist: 0.6417149268569452
Moving to goal, dist: 0.6417149268569452, theta_diff: -0.028028873255125042
error=0.6417149268569452, dt=0.0991368293762207
raw_control = 0.19251447805708355 + 0.012552470331769768 + -0.018201186138025086 = 0.18686576225082824
error=-0.028028873255125042, dt=0.09914755821228027
raw_control = -0.019620211278587527 + -0.0004850759287524928 + -0.001379953352104577 = -0.021485240559444597
Velocities: 0.18686576225082824 -0.021485240559444597
Rel pose: (0.0117277, 3.11868e-06, 0.000349066)

Landmark 683 range: 0.6761389268073437 bearing: -0.30432016028693093
Raw z: 0.7217342317068774,x: 0.20260140722368086 y: 0.03870699689760547
Estimated landmark positions:
682: [1.07639469 0.21912324]
683: [ 0.73790045 -0.21203785]
Odometry measurement
[0.10174727489272094, -0.0011211074330620351, -0.010297442586766571]
Covariance:
[[ 1.19435886e-03 -5.27268014e-06 -9.20646954e-05]
 [-5.27268014e-06  1.54911736e-03  4.19352770e-03]
 [-9.20646954e-05  4.19352770e-03  7.40068371e-02]]
Estimated pose: 
(0.101574, -0.00125273, -0.0125941)

Current pose: (0.10157421849190111, -0.001252729924663129, -0.012594050930147644)
Goal pose: (0.7310507982047201, -0.027074206896280085, None)
Dist: 0.6300059627336433
Moving to goal, dist: 0.6300059627336433, theta_diff: -0.028403516357784042
error=0.6300059627336433, dt=0.10004258155822754
raw_control = 0.18900178882009297 + 0.013813018789948771 + -0.011703980386078875 = 0.1911108272239629
error=-0.028403516357784042, dt=0.10002398490905762
raw_control = -0.019882461450448828 + -0.000541896586583196 + -0.0007491065327973644 = -0.021173464569829388
Velocities: 0.1911108272239629 -0.021173464569829388
Rel pose: (0.0140732, 4.42122e-06, 0.0010472)

Landmark 682 range: 1.0298780874873392 bearing: 0.22107074905401422
Raw z: 1.175443188282771,x: -0.22582593992509242 y: -0.25814352704010335
Landmark 683 range: 0.6728903574057474 bearing: -0.309445723355806
Raw z: 0.7181754494443021,x: 0.20491579400811205 y: 0.04791011614551179
Estimated landmark positions:
682: [1.08214879 0.21852613]
683: [ 0.73937684 -0.21162756]
Odometry measurement
[0.11581976692987292, -0.001261601775784162, -0.009250245035570039]
Covariance:
[[ 1.29068626e-03 -4.92671743e-06 -6.80920560e-05]
 [-4.92671743e-06  1.74329124e-03  4.51760362e-03]
 [-6.80920560e-05  4.51760362e-03  6.99914207e-02]]
Estimated pose: 
(0.115477, -0.00134813, -0.0097698)

Current pose: (0.11547721893869294, -0.00134813366160948, -0.009769801600343457)
Goal pose: (0.7310507982047201, -0.027074206896280085, None)
Dist: 0.6161109172336289
Moving to goal, dist: 0.6161109172336289, theta_diff: -0.03199792898043441
error=0.6161109172336289, dt=0.10060501098632812
raw_control = 0.18483327517008866 + 0.01505269570189049 + -0.013811484501405902 = 0.18607448637057325
error=-0.03199792898043441, dt=0.1006019115447998
raw_control = -0.022398550286304084 + -0.000606277643001325 + -0.0071458137672656685 = -0.030150641696571077
Velocities: 0.18607448637057325 -0.030150641696571077
Rel pose: (0.0170158, -3.45362e-06, 0.000523599)

Landmark 682 range: 1.029263894775515 bearing: 0.22177242544496273
Raw z: 1.1740826339374055,x: -0.22639584145083788 y: -0.2554062897216398
Landmark 683 range: 0.6729699576990098 bearing: -0.3111467158688241
Raw z: 0.7184236986112319,x: 0.20603008341630485 y: 0.051439930544334635
Estimated landmark positions:
682: [1.0883541  0.21821337]
683: [ 0.74187224 -0.21142473]
Odometry measurement
[0.13283477779183533, -0.0014224530489857195, -0.00872664625997155]
Covariance:
[[ 1.38676915e-03 -5.31591453e-06 -6.05744962e-05]
 [-5.31591453e-06  1.97994886e-03  5.07998893e-03]
 [-6.05744962e-05  5.07998893e-03  6.86803105e-02]]
Estimated pose: 
(0.13225, -0.00149254, -0.00868765)

Current pose: (0.1322503230923841, -0.0014925384752382906, -0.00868765493445443)
Goal pose: (0.7310507982047201, -0.027074206896280085, None)
Dist: 0.5993466699281504
Moving to goal, dist: 0.5993466699281504, theta_diff: -0.034007905985498965
error=0.5993466699281504, dt=0.1067197322845459
raw_control = 0.17980400097844512 + 0.016331938025097817 + -0.01570866694153623 = 0.1804272720620067
error=-0.034007905985498965, dt=0.10675764083862305
raw_control = -0.023805534189849275 + -0.0006788897192587962 + -0.003765495358037889 = -0.02824991926714596
Velocities: 0.1804272720620067 -0.02824991926714596
Rel pose: (0.0141585, -4.43611e-06, -0.000523599)

Landmark 682 range: 1.0142768060855611 bearing: 0.22385931706449608
Raw z: 1.1533117303225895,x: -0.22516365559754664 y: -0.24059705581574298
Landmark 683 range: 0.6510556024683257 bearing: -0.32086739197190783
Raw z: 0.6931144498662345,x: 0.2053362971361086 y: 0.06434340396158057
Estimated landmark positions:
682: [1.09317403 0.21795217]
683: [ 0.74338743 -0.21116818]
Odometry measurement
[0.14699268564297782, -0.0015504435185055092, -0.009250245035570039]
Covariance:
[[ 1.48251148e-03 -6.20656093e-06 -6.40993753e-05]
 [-6.20656093e-06  2.20341685e-03  5.48446627e-03]
 [-6.40993753e-05  5.48446627e-03  6.84920805e-02]]
Estimated pose: 
(0.146208, -0.00158246, -0.00837002)

Current pose: (0.14620836747879407, -0.0015824596637398253, -0.008370020354708267)
Goal pose: (0.7310507982047201, -0.027074206896280085, None)
Dist: 0.5853977262975808
Moving to goal, dist: 0.5853977262975808, theta_diff: -0.035189784291880244
error=0.5853977262975808, dt=0.09235262870788574
raw_control = 0.17561931788927423 + 0.017413198402361836 + -0.015104002805042606 = 0.17792851348659347
error=-0.035189784291880244, dt=0.09231448173522949
raw_control = -0.02463284900431617 + -0.0007438602532443851 + -0.002560547996729412 = -0.027937257254289968
Velocities: 0.17792851348659347 -0.027937257254289968
Rel pose: (0.01096, 2.3818e-06, 0.000349066)

Landmark 683 range: 0.6430204708162491 bearing: -0.32749075244847087
Raw z: 0.6841029018489702,x: 0.2068392093186733 y: 0.07230060803213476
Estimated landmark positions:
682: [1.09319857 0.21776411]
683: [ 0.74475214 -0.21138339]
Odometry measurement
[0.15795227174755155, -0.0016494433608304636, -0.008901179185171417]
Covariance:
[[ 1.58036087e-03 -8.55861301e-06 -1.04370884e-04]
 [-8.55861301e-06  2.41702765e-03  5.97206726e-03]
 [-1.04370884e-04  5.97206726e-03  7.32813403e-02]]
Estimated pose: 
(0.157106, -0.00170032, -0.00894211)

Current pose: (0.15710639182822914, -0.0017003157192734336, -0.008942112142527447)
Goal pose: (0.7310507982047201, -0.027074206896280085, None)
Dist: 0.5745050182237968
Moving to goal, dist: 0.5745050182237968, theta_diff: -0.035238786232193675
error=0.5745050182237968, dt=0.10178351402282715
raw_control = 0.17235150546713904 + 0.018582701193933165 + -0.010701839269708283 = 0.18023236739136392
error=-0.035238786232193675, dt=0.1017923355102539
raw_control = -0.02466715036253557 + -0.0008156010202668167 + -9.627825133945385e-05 = -0.02557902963414184
Velocities: 0.18023236739136392 -0.02557902963414184
Rel pose: (0.0159496, -1.42164e-06, -0.000698132)

Landmark 682 range: 0.9986400814165768 bearing: 0.22686445095746188
Raw z: 1.1314249465988004,x: -0.2246175515554113 y: -0.22377772659518969
Landmark 683 range: 0.6335339997577905 bearing: -0.33226587095555027
Raw z: 0.6737239751987263,x: 0.2066497974421117 y: 0.08123351780050717
Estimated landmark positions:
682: [1.09809168 0.2175117 ]
683: [ 0.74638473 -0.2111531 ]
Odometry measurement
[0.1739012475566775, -0.0017928334975975545, -0.009599310885969107]
Covariance:
[[ 1.67472741e-03 -9.85029841e-06 -1.02612960e-04]
 [-9.85029841e-06  2.68407193e-03  6.46599060e-03]
 [-1.02612960e-04  6.46599060e-03  7.15051354e-02]]
Estimated pose: 
(0.172789, -0.00178808, -0.00847117)

Current pose: (0.17278869382085665, -0.0017880833713919855, -0.008471173923174527)
Goal pose: (0.7310507982047201, -0.027074206896280085, None)
Dist: 0.558834470334477
Moving to goal, dist: 0.558834470334477, theta_diff: -0.036792247008129664
error=0.558834470334477, dt=0.0984945297241211
raw_control = 0.16765034110034308 + 0.019683543960917618 + -0.015910069252792414 = 0.17142381580846827
error=-0.036792247008129664, dt=0.09848904609680176
raw_control = -0.025754572905690762 + -0.0008880736864985886 + -0.0031545858905144466 = -0.0297972324827038
Velocities: 0.17142381580846827 -0.0297972324827038
Rel pose: (0.0156084, 6.63928e-06, 0.00139626)

Landmark 683 range: 0.6203521931526205 bearing: -0.3402347943286446
Raw z: 0.6590882263922528,x: 0.2070167603913244 y: 0.090631687619654
Estimated landmark positions:
682: [1.09812567 0.21725532]
683: [ 0.74783455 -0.21135668]
Odometry measurement
[0.1895090401858709, -0.0019360225695738977, -0.008203047484373508]
Covariance:
[[ 1.77194973e-03 -1.28772747e-05 -1.46261172e-04]
 [-1.28772747e-05  2.98331774e-03  7.26223123e-03]
 [-1.46261172e-04  7.26223123e-03  7.57850144e-02]]
Estimated pose: 
(0.18831, -0.00196858, -0.00851425)

Current pose: (0.18831026611988533, -0.0019685769940482466, -0.008514247744418477)
Goal pose: (0.7310507982047201, -0.027074206896280085, None)
Dist: 0.5433208792422001
Moving to goal, dist: 0.5433208792422001, theta_diff: -0.03770995148334588
error=0.5433208792422001, dt=0.10157489776611328
raw_control = 0.16299626377266002 + 0.020787299216182043 + -0.015273056073360323 = 0.16851050691548175
error=-0.03770995148334588, dt=0.10160088539123535
raw_control = -0.026396966038342115 + -0.000964700975673958 + -0.0018064891298582818 = -0.029168156143874354
Velocities: 0.16851050691548175 -0.029168156143874354
Rel pose: (0.00810275, -3.33453e-06, -0.000349066)

Landmark 683 range: 0.6140898817817345 bearing: -0.34560498754714064
Raw z: 0.6524463382605848,x: 0.20803274479775766 y: 0.09722719573807681
Estimated landmark positions:
682: [1.09813649 0.21711771]
683: [ 0.74915654 -0.21162772]
Odometry measurement
[0.19761148756997118, -0.002005823459221726, -0.00855211333477235]
Covariance:
[[ 1.86893797e-03 -1.72999632e-05 -2.03862338e-04]
 [-1.72999632e-05  3.18564639e-03  7.53429434e-03]
 [-2.03862338e-04  7.53429434e-03  7.93555782e-02]]
Estimated pose: 
(0.196326, -0.0020693, -0.00995285)

Current pose: (0.1963264403940236, -0.0020692989668817077, -0.009952846630549541)
Goal pose: (0.7310507982047201, -0.027074206896280085, None)
Dist: 0.5353086812826965
Moving to goal, dist: 0.5353086812826965, theta_diff: -0.036775351374609855
error=0.5353086812826965, dt=0.09876251220703125
raw_control = 0.16059260438480893 + 0.021844667819576287 + -0.008112590273835875 = 0.17432468193054934
error=-0.036775351374609855, dt=0.09873414039611816
raw_control = -0.025742745962226896 + -0.0010373206297887043 + 0.0018931650288065355 = -0.024886901563209066
Velocities: 0.17432468193054934 -0.024886901563209066
Rel pose: (0.0155658, -4.56264e-06, 0)

Landmark 682 range: 0.9819880053797968 bearing: 0.22944139714074369
Raw z: 1.1074030613643062,x: -0.22333706247001342 y: -0.20085939541968237
Landmark 683 range: 0.6047793580724397 bearing: -0.35271249524120113
Raw z: 0.6424796238650674,x: 0.20891775550728373 y: 0.10514225472308113
Estimated landmark positions:
682: [1.10398914 0.21690457]
683: [ 0.75072693 -0.2112891 ]
Odometry measurement
[0.2131766845647796, -0.0021435048442294195, -0.00855211333477235]
Covariance:
[[ 1.96047239e-03 -1.63503155e-05 -1.71065507e-04]
 [-1.63503155e-05  3.48134012e-03  7.90702050e-03]
 [-1.71065507e-04  7.90702050e-03  7.51318254e-02]]
Estimated pose: 
(0.211478, -0.00211382, -0.00764027)

Current pose: (0.21147787200468576, -0.0021138152732998383, -0.0076402739412985395)
Goal pose: (0.7310507982047201, -0.027074206896280085, None)
Dist: 0.5201721318852432
Moving to goal, dist: 0.5201721318852432, theta_diff: -0.04036302877242104
error=0.5201721318852432, dt=0.10266947746276855
raw_control = 0.15605163956557297 + 0.02291278383900333 + -0.014742988638412292 = 0.16422143476616402
error=-0.04036302877242104, dt=0.10267257690429688
raw_control = -0.028254120140694724 + -0.001120204153303239 + -0.006988579630479771 = -0.03636290392447773
Velocities: 0.16422143476616402 -0.03636290392447773
Rel pose: (0.0130923, 2.69442e-06, 0.000523599)

Landmark 682 range: 0.9711717741913156 bearing: 0.23024991557664445
Raw z: 1.0932963790010648,x: -0.22164164859028496 y: -0.19326578721205623
Landmark 683 range: 0.5965763176747888 bearing: -0.3603232204430485
Raw z: 0.633941191923067,x: 0.2103389188423593 y: 0.11312401448768349
Estimated landmark positions:
682: [1.10903224 0.21676001]
683: [ 0.75230535 -0.21107259]
Odometry measurement
[0.2262685638461487, -0.002252776294588139, -0.008028514559174306]
Covariance:
[[ 2.05161694e-03 -1.50396579e-05 -1.53751227e-04]
 [-1.50396579e-05  3.75180149e-03  8.17406503e-03]
 [-1.53751227e-04  8.17406503e-03  7.32682144e-02]]
Estimated pose: 
(0.224158, -0.00213223, -0.00555598)

Current pose: (0.2241579463980588, -0.0021322347774894064, -0.0055559812893612144)
Goal pose: (0.7310507982047201, -0.027074206896280085, None)
Dist: 0.5075061232988863
Moving to goal, dist: 0.5075061232988863, theta_diff: -0.04360997450155768
error=0.5075061232988863, dt=0.10003256797790527
raw_control = 0.1522518369896659 + 0.023928126654565313 + -0.012661884866491205 = 0.16351807877774002
error=-0.04360997450155768, dt=0.1000356674194336
raw_control = -0.030526982151090374 + -0.0012074552114113952 + -0.006491576080604762 = -0.038226013443106534
Velocities: 0.16351807877774002 -0.038226013443106534
Rel pose: (0.0100218, -3.08146e-06, -0.000698132)

Landmark 683 range: 0.5861855405589537 bearing: -0.3675410859733015
Raw z: 0.623015970953772,x: 0.21062926014375952 y: 0.12092063189322108
Estimated landmark positions:
682: [1.10904001 0.21659729]
683: [ 0.75358497 -0.21133644]
Odometry measurement
[0.23629003569262974, -0.0023363171145703845, -0.00872664625997155]
Covariance:
[[ 2.14745889e-03 -2.16283368e-05 -2.28809152e-04]
 [-2.16283368e-05  4.00326400e-03  8.59634546e-03]
 [-2.28809152e-04  8.59634546e-03  7.74846937e-02]]
Estimated pose: 
(0.234065, -0.00221107, -0.00741606)

Current pose: (0.2340648790001632, -0.002211066462962794, -0.007416061183125948)
Goal pose: (0.7310507982047201, -0.027074206896280085, None)
Dist: 0.4976074553699986
Moving to goal, dist: 0.4976074553699986, theta_diff: -0.04257012190359877
error=0.4976074553699986, dt=0.10067200660705566
raw_control = 0.14928223661099957 + 0.024930029475259886 + -0.009832592259260642 = 0.1643796738269988
error=-0.04257012190359877, dt=0.10066986083984375
raw_control = -0.029799085332519137 + -0.0012931657763708047 + 0.0020658667634660187 = -0.02902638434542392
Velocities: 0.1643796738269988 -0.02902638434542392
Rel pose: (0.0147982, 1.33232e-06, 0.000349066)

Landmark 682 range: 0.9568156313475408 bearing: 0.23310131556008865
Raw z: 1.0734658924505176,x: -0.2210206496705261 y: -0.17702973718639625
Landmark 683 range: 0.5794139016423766 bearing: -0.3745485918983017
Raw z: 0.6164586084979382,x: 0.21197999727816044 y: 0.1287947779501469
Estimated landmark positions:
682: [1.11401584 0.21647484]
683: [ 0.75513096 -0.21112834]
Odometry measurement
[0.251087660904954, -0.0024641216608517155, -0.008377580409572928]
Covariance:
[[ 2.23670238e-03 -2.00357543e-05 -2.02717802e-04]
 [-2.00357543e-05  4.32059233e-03  8.97750382e-03]
 [-2.02717802e-04  8.97750382e-03  7.47908064e-02]]
Estimated pose: 
(0.248375, -0.00222292, -0.00515746)

Current pose: (0.24837452525316012, -0.0022229248562544352, -0.005157463348408647)
Goal pose: (0.7310507982047201, -0.027074206896280085, None)
Dist: 0.4833156015373823
Moving to goal, dist: 0.4833156015373823, theta_diff: -0.04628355262264883
error=0.4833156015373823, dt=0.09769082069396973
raw_control = 0.1449946804612147 + 0.025874339430627617 + -0.014629679360958159 = 0.15623934053088415
error=-0.04628355262264883, dt=0.0976874828338623
raw_control = -0.032398486835854175 + -0.001383592251417108 + -0.0076026745931523565 = -0.04138475368042364
Velocities: 0.15623934053088415 -0.04138475368042364
Rel pose: (0.0127512, 8.70847e-07, -0.000349066)

Landmark 683 range: 0.5583669322857115 bearing: -0.38218695910937395
Raw z: 0.5929709090184642,x: 0.2082432446489273 y: 0.13353965303893137
Estimated landmark positions:
682: [1.11403759 0.21626146]
683: [ 0.75609667 -0.21126819]
Odometry measurement
[0.2638383878699206, -0.0025700735225700298, -0.00872664625997155]
Covariance:
[[ 2.33172356e-03 -2.87197942e-05 -2.88115859e-04]
 [-2.87197942e-05  4.63912273e-03  9.59036259e-03]
 [-2.88115859e-04  9.59036259e-03  7.87496837e-02]]
Estimated pose: 
(0.261017, -0.0023399, -0.00709413)

Current pose: (0.261016506680376, -0.0023398964107362737, -0.007094134256606797)
Goal pose: (0.7310507982047201, -0.027074206896280085, None)
Dist: 0.47068463043102154
Moving to goal, dist: 0.47068463043102154, theta_diff: -0.04547972704734704
error=0.47068463043102154, dt=0.10268044471740723
raw_control = 0.14120538912930647 + 0.026840941574113732 + -0.012301243085889596 = 0.15574508761753061
error=-0.04547972704734704, dt=0.10268592834472656
raw_control = -0.031835808933142924 + -0.0014769948112715399 + 0.0015656002497309398 = -0.031747203494683525
Velocities: 0.15574508761753061 -0.031747203494683525
Rel pose: (0.0097233, -1.28766e-06, -0.000349066)

Landmark 682 range: 0.9394995959304157 bearing: 0.23755365585380597
Raw z: 1.0507356623563189,x: -0.22108839118502058 y: -0.16418607508096716
Landmark 683 range: 0.5601988267092695 bearing: -0.38927166833358795
Raw z: 0.5968771553567377,x: 0.21260367497452412 y: 0.1427510112578272
Estimated landmark positions:
682: [1.11859734 0.21618155]
683: [ 0.75744103 -0.21107411]
Odometry measurement
[0.2735613042819992, -0.0026562118406700127, -0.009075712110370615]
Covariance:
[[ 2.41892931e-03 -2.64032627e-05 -2.58561896e-04]
 [-2.64032627e-05  4.87943794e-03  9.59728198e-03]
 [-2.58561896e-04  9.59728198e-03  7.57616454e-02]]
Estimated pose: 
(0.270218, -0.00230539, -0.0052551)

Current pose: (0.27021781772713516, -0.0023053909481522044, -0.005255098428044459)
Goal pose: (0.7310507982047201, -0.027074206896280085, None)
Dist: 0.46149813665856376
Moving to goal, dist: 0.46149813665856376, theta_diff: -0.048441158587525734
error=0.46149813665856376, dt=0.09956884384155273
raw_control = 0.13844944099756912 + 0.027759958292156214 + -0.009226273418496814 = 0.15698312587122853
error=-0.048441158587525734, dt=0.09956884384155273
raw_control = -0.03390881101126801 + -0.0015734594143696446 + -0.005948510449496271 = -0.041430780875133924
Velocities: 0.15698312587122853 -0.041430780875133924
Rel pose: (0.0144997, -8.70847e-07, -0.000174533)

Landmark 683 range: 0.5542496573986573 bearing: -0.3944297085103782
Raw z: 0.5912910571736557,x: 0.2129880278248729 y: 0.1485532606744757
Landmark 682 range: 0.9374193379702651 bearing: 0.23845187860522596
Raw z: 1.0471725204187343,x: -0.2214171287535175 y: -0.15730516570177344
Estimated landmark positions:
682: [1.12327553 0.21613042]
683: [ 0.75895396 -0.21092609]
Odometry measurement
[0.28806035394733615, -0.0027886755374558294, -0.009250245035570039]
Covariance:
[[ 2.50562200e-03 -2.69346899e-05 -2.48723585e-04]
 [-2.69346899e-05  5.22154421e-03  1.00100844e-02]
 [-2.48723585e-04  1.00100844e-02  7.43374887e-02]]
Estimated pose: 
(0.284116, -0.00232762, -0.00420172)

Current pose: (0.2841163135469276, -0.0023276177465649463, -0.0042017216210918805)
Goal pose: (0.7310507982047201, -0.027074206896280085, None)
Dist: 0.44761906488762443
Moving to goal, dist: 0.44761906488762443, theta_diff: -0.051111410619138375
error=0.44761906488762443, dt=0.09806346893310547
raw_control = 0.1342857194662873 + 0.02863785985742568 + -0.014153151955502428 = 0.14877042736821056
error=-0.051111410619138375, dt=0.09807348251342773
raw_control = -0.03577798743339686 + -0.0016737128950814984 + -0.005445410855573612 = -0.04289711118405196
Velocities: 0.14877042736821056 -0.04289711118405196
Rel pose: (0.0143717, -1.27501e-05, -0.0015708)

Landmark 682 range: 0.9244615875546258 bearing: 0.24136826553405905
Raw z: 1.0306263564364577,x: -0.22097539538602126 y: -0.14998542907371826
Landmark 683 range: 0.5425211370624068 bearing: -0.4006068328242032
Raw z: 0.5791739600080642,x: 0.2115708743075368 y: 0.15416857054892671
Estimated landmark positions:
682: [1.12743923 0.21596846]
683: [ 0.76041436 -0.210757  ]
Odometry measurement
[0.30243133061977306, -0.0029343650240952284, -0.01082104136236506]
Covariance:
[[ 2.59175726e-03 -3.26025501e-05 -2.65275825e-04]
 [-3.26025501e-05  5.57396103e-03  1.04343303e-02]
 [-2.65275825e-04  1.04343303e-02  7.36948769e-02]]
Estimated pose: 
(0.29789, -0.00236579, -0.00497547)

Current pose: (0.29788965282484425, -0.002365794688175065, -0.00497547352925132)
Goal pose: (0.7310507982047201, -0.027074206896280085, None)
Dist: 0.43386528266346863
Moving to goal, dist: 0.43386528266346863, theta_diff: -0.0520048580056125
error=0.43386528266346863, dt=0.10247397422790527
raw_control = 0.13015958479904058 + 0.029527057853306463 + -0.013421732032727611 = 0.14626491061961944
error=-0.0520048580056125, dt=0.10246443748474121
raw_control = -0.03640340060392874 + -0.001780285865521877 + -0.0017439170280072486 = -0.039927603497457866
Velocities: 0.14626491061961944 -0.039927603497457866
Rel pose: (0.0070366, 4.16816e-07, -0.000523599)

Landmark 682 range: 0.9159532726171336 bearing: 0.24485300316851374
Raw z: 1.0189143039112596,x: -0.2220396356324736 y: -0.1397250352263127
Estimated landmark positions:
682: [1.13096228 0.21626202]
683: [ 0.76040935 -0.21051288]
Odometry measurement
[0.30946752041027387, -0.0030100900566400316, -0.011344640137963326]
Covariance:
[[ 2.68433209e-03 -2.62332062e-05 -1.73035174e-04]
 [-2.62332062e-05  5.80053187e-03  1.06353453e-02]
 [-1.73035174e-04  1.06353453e-02  7.77290156e-02]]
Estimated pose: 
(0.304572, -0.00234451, -0.00279896)

Current pose: (0.30457213080805784, -0.00234450673761954, -0.0027989627488800377)
Goal pose: (0.7310507982047201, -0.027074206896280085, None)
Dist: 0.4271950512522004
Moving to goal, dist: 0.4271950512522004, theta_diff: -0.05512196315706408
error=0.4271950512522004, dt=0.10082721710205078
raw_control = 0.12815851537566011 + 0.030388515616857008 + -0.006615506807568671 = 0.15193152418494846
error=-0.05512196315706408, dt=0.1008291244506836
raw_control = -0.03858537420994485 + -0.001891443851184469 + -0.0061829459859610025 = -0.046659764047090324
Velocities: 0.15193152418494846 -0.046659764047090324
Rel pose: (0.00878508, -2.94004e-06, -0.0010472)

Landmark 682 range: 0.9081281535197553 bearing: 0.24760184611275252
Raw z: 1.0092532652947892,x: -0.22256372907885935 y: -0.13790810055691127
Estimated landmark positions:
682: [1.13410191 0.21663079]
683: [ 0.76038169 -0.21035246]
Odometry measurement
[0.31825200604337767, -0.0031126913893515214, -0.012391837689159859]
Covariance:
[[ 2.77694130e-03 -2.19027618e-05 -9.23161179e-05]
 [-2.19027618e-05  6.06926367e-03  1.09791087e-02]
 [-9.23161179e-05  1.09791087e-02  8.10567871e-02]]
Estimated pose: 
(0.313021, -0.00233207, -0.00136778)

Current pose: (0.31302110918019205, -0.0023320662695036905, -0.0013677842787435397)
Goal pose: (0.7310507982047201, -0.027074206896280085, None)
Dist: 0.4187612618530262
Moving to goal, dist: 0.4187612618530262, theta_diff: -0.057750766241831286
error=0.4187612618530262, dt=0.10077404975891113
raw_control = 0.12562837855590786 + 0.031232520981638635 + -0.008369009104378527 = 0.148491890433168
error=-0.057750766241831286, dt=0.1007699966430664
raw_control = -0.040425536369281895 + -0.002007834741590946 + -0.005217432117376346 = -0.04765080322824919
Velocities: 0.148491890433168 -0.04765080322824919
Rel pose: (0.0167599, 1.0532e-05, 0.000698132)

Estimated landmark positions:
682: [1.13410191 0.21663079]
683: [ 0.76038169 -0.21035246]
Odometry measurement
[0.33501074047978924, -0.0033098406882098325, -0.011693705988362169]
Covariance:
[[ 2.87691213e-03 -2.10085948e-05 -8.45565115e-05]
 [-2.10085948e-05  6.56008049e-03  1.23376736e-02]
 [-8.45565115e-05  1.23376736e-02  9.06950727e-02]]
Estimated pose: 
(0.329781, -0.00234446, -0.000669653)

Current pose: (0.32978099862505955, -0.0023444581472770397, -0.0006696525779458679)
Goal pose: (0.7310507982047201, -0.027074206896280085, None)
Dist: 0.402031108905629
Moving to goal, dist: 0.402031108905629, theta_diff: -0.06088123223631747
error=0.402031108905629, dt=0.09998250007629395
raw_control = 0.12060933267168869 + 0.032036442489175226 + -0.01673308122384506 = 0.13591269393701885
error=-0.06088123223631747, dt=0.09999942779541016
raw_control = -0.04261686256542223 + -0.002129596509333171 + -0.006260967814517577 = -0.051007426889272976
Velocities: 0.13591269393701885 -0.051007426889272976
Rel pose: (0.00951007, -5.51537e-06, -0.00122173)

Landmark 682 range: 0.8960994120266719 bearing: 0.2521843527153452
Raw z: 0.9927174333399116,x: -0.22359455845288959 y: -0.12224759161091107
Estimated landmark positions:
682: [1.1375265  0.21714573]
683: [ 0.76032741 -0.21023708]
Odometry measurement
[0.34452009144209267, -0.0034265610537542943, -0.012915436464758345]
Covariance:
[[ 2.96831445e-03 -1.26607350e-05  1.69864613e-05]
 [-1.26607350e-05  6.86067454e-03  1.26135418e-02]
 [ 1.69864613e-05  1.26135418e-02  9.03182438e-02]]
Estimated pose: 
(0.338872, -0.00228856, 0.00129778)

Current pose: (0.3388724530708969, -0.0022885644389551737, 0.0012977770110185194)
Goal pose: (0.7310507982047201, -0.027074206896280085, None)
Dist: 0.39296078998282574
Moving to goal, dist: 0.39296078998282574, theta_diff: -0.06441375923494874
error=0.39296078998282574, dt=0.10001873970031738
raw_control = 0.11788823699484771 + 0.032822511348489694 + -0.009068619490687766 = 0.14164212885264965
error=-0.06441375923494874, dt=0.10003972053527832
raw_control = -0.04508963146446412 + -0.0022584751987829903 + -0.007062248834222898 = -0.05441035549747001
Velocities: 0.14164212885264965 -0.05441035549747001
Rel pose: (0.00857185, -3.49083e-06, -0.0010472)

Landmark 682 range: 0.8874442675251986 bearing: 0.25448263481313416
Raw z: 0.9814435275431738,x: -0.22340942603414993 y: -0.11479995859383192
Estimated landmark positions:
682: [1.14056662 0.21767565]
683: [ 0.76026377 -0.2101729 ]
Odometry measurement
[0.3530911853152095, -0.003540757750800779, -0.013962634015954658]
Covariance:
[[ 3.05967496e-03 -4.90150845e-06  1.02979637e-04]
 [-4.90150845e-06  7.14447060e-03  1.28440953e-02]
 [ 1.02979637e-04  1.28440953e-02  9.05175599e-02]]
Estimated pose: 
(0.347049, -0.00223948, 0.00294916)

Current pose: (0.3470492561253614, -0.0022394848183372664, 0.002949159395127056)
Goal pose: (0.7310507982047201, -0.027074206896280085, None)
Dist: 0.38480377822991046
Moving to goal, dist: 0.38480377822991046, theta_diff: -0.06753271159907559
error=0.38480377822991046, dt=0.10000157356262207
raw_control = 0.11544113346897314 + 0.03359213101520636 + -0.008156883399246981 = 0.14087638108493253
error=-0.06753271159907559, dt=0.09996366500854492
raw_control = -0.04727289811935291 + -0.002393491545971164 + -0.006240172094250924 = -0.055906561759574994
Velocities: 0.14087638108493253 -0.055906561759574994
