Robot Name: locobot
Robot Model: locobot_px100
Initialized InterbotixRobotXSCore!

Turret Group Name: camera
Pan Name: pan, Profile Type: time, Profile Velocity: 2.0, Profile Acceleration: 0.3
Tilt Name: tilt, Profile Type: time, Profile Velocity: 2.0, Profile Acceleration: 0.3
Initialized InterbotixTurretXSInterface!

Initialized InterbotixKobukiInterface!

Arm Group Name: arm
Moving Time: 2.00 seconds
Acceleration Time: 0.30 seconds
Drive Mode: Time-Based-Profile
Initialized InterbotixArmXSInterface!

Gripper Name: gripper
Gripper Pressure: 50%
Initialized InterbotixGripperXSInterface!

Reset odom:[0.0, 0.0, -0.00017453292519942212]
Estimated landmark positions:
Searching for block.
Starting travel to block.
Block estimated at 0.7889922708534679, 0.11595708718002633
Starting move to goal: (0.393253635702674, 0.05772537203280721, None)
Rel pose: (0, 0, -0.0127409)

Landmark 683 range: 0.8892278008201967 bearing: -0.22981601156622977
Raw z: 0.9888796262669654,x: 0.20256464920762293 y: -0.14386585084469708
Initial estimate for 683: (0.8631601588061841, -0.21373025523122924)
Landmark 682 range: 0.9348720253869727 bearing: 0.48920927462733105
Raw z: 1.020604592043325,x: -0.4393225954965223 y: -0.1537457706554679
Initial estimate for 682: (0.8308210078273195, 0.42862822679326396)
Estimated landmark positions:
682: [0.83082101 0.42862823]
683: [ 0.86316016 -0.21373026]
Odometry measurement
[0.0, 0.0, -0.012915436464758123]
Covariance:
[[ 2.00000000e-04 -1.11022302e-24 -1.29740026e-21]
 [-1.11022302e-24  2.00000000e-04  8.64933507e-22]
 [-1.29740026e-21  8.64933507e-22  9.73828555e-03]]
Estimated pose: 
(2.29102e-37, -1.57046e-37, -0.0129154)

Current pose: (2.2910243516146272e-37, -1.5704636938619812e-37, -0.012915436464758123)
Goal pose: (0.393253635702674, 0.05772537203280721, None)
Dist: 0.39746778557475254
Moving to goal, dist: 0.39746778557475254, theta_diff: 0.15866373171915982
dt=0
raw_control = 0.15898711422990103 + 0.0 + 0 = 0.15898711422990103
dt=0
raw_control = 0.07933186585957991 + 0.0 + 0 = 0.07933186585957991
Velocities: 0.15898711422990103 0.07933186585957991
Rel pose: (0, 0, 0)

Landmark 683 range: 0.8887075001904764 bearing: -0.23000053239455365
Raw z: 0.9882198938993358,x: 0.20260579572401521 y: -0.14362581525120574
Landmark 682 range: 0.9363358717466108 bearing: 0.4888977335920843
Raw z: 1.022331628984033,x: -0.43975298543798524 y: -0.15382531722217344
Estimated landmark positions:
682: [0.83153617 0.42883818]
683: [ 0.86288881 -0.21374342]
Odometry measurement
[0.0, 0.0, -0.012915436464758123]
Covariance:
[[ 2.99959135e-04 -1.82610758e-10  4.56624459e-07]
 [-1.82610758e-10  2.99954312e-04 -3.78429867e-06]
 [ 4.56624459e-07 -3.78429867e-06  1.90189241e-02]]
Estimated pose: 
(-1.79278e-07, -6.34584e-08, -0.0129062)

Current pose: (-1.7927840315236593e-07, -6.345837245023243e-08, -0.01290622739417578)
Goal pose: (0.393253635702674, 0.05772537203280721, None)
Dist: 0.3974679721685983
Moving to goal, dist: 0.3974679721685983, theta_diff: 0.15865461510494586
dt=0.0998837947845459
raw_control = 0.15898718886743934 + 0.0003970060936551787 + 1.8681092980694592e-07 = 0.15938438177202432
dt=0.09989166259765625
raw_control = 0.07932730755247293 + 0.00015848273281624268 + -1.825300325750075e-05 = 0.07946753728203167
Velocities: 0.15938438177202432 0.07946753728203167
Rel pose: (0.000724983, -1.48863e-08, -0.000349066)

Landmark 682 range: 0.9358876168903782 bearing: 0.4893491277304542
Raw z: 1.0217075152749473,x: -0.4399153805230355 y: -0.1534401472653222
Landmark 683 range: 0.8897416468632473 bearing: -0.2296026800604477
Raw z: 0.989457907130735,x: 0.20249687838707744 y: -0.14358620734647493
Estimated landmark positions:
682: [0.83186654 0.42886852]
683: [ 0.86337854 -0.21381609]
Odometry measurement
[0.0007249220901778073, -9.378093343186834e-06, -0.013264502315156862]
Covariance:
[[ 3.99836690e-04 -7.70214173e-10  1.75888211e-06]
 [-7.70214173e-10  3.99822431e-04 -1.05014667e-06]
 [ 1.75888211e-06 -1.05014667e-06  2.76359930e-02]]
Estimated pose: 
(0.000723745, -9.3747e-06, -0.0132458)

Current pose: (0.0007237447854271954, -9.374696220267378e-06, -0.013245784772086055)
Goal pose: (0.393253635702674, 0.05772537203280721, None)
Dist: 0.39675309229213407
Moving to goal, dist: 0.39675309229213407, theta_diff: 0.15928238731261904
dt=0.10019850730895996
raw_control = 0.15870123691685364 + 0.0007945467698340374 + -0.0007134635990733068 = 0.15878232008761436
dt=0.10019135475158691
raw_control = 0.07964119365630952 + 0.00031806991454542554 + 0.0012531464600507155 = 0.08121241003090567
Velocities: 0.15878232008761436 0.08121241003090567
Rel pose: (0.00575721, 5.29207e-06, 0.00174533)

Landmark 682 range: 0.9328582851640402 bearing: 0.48666739396829206
Raw z: 1.018181530924482,x: -0.43628178634117254 y: -0.15104439252273585
Landmark 683 range: 0.8873207743214074 bearing: -0.23208107435740297
Raw z: 0.9859919957525858,x: 0.2040867067578321 y: -0.14036500944943914
Estimated landmark positions:
682: [0.83287147 0.42837607]
683: [ 0.86444889 -0.21382204]
Odometry measurement
[0.006481697839632355, -8.04508020510503e-05, -0.011519173063162526]
Covariance:
[[4.99591999e-04 1.25764622e-08 4.26672652e-06]
 [1.25764622e-08 5.00344389e-04 1.32233943e-04]
 [4.26672652e-06 1.32233943e-04 3.53677361e-02]]
Estimated pose: 
(0.00647536, -7.84368e-05, -0.0113341)

Current pose: (0.006475356356823908, -7.843681117678234e-05, -0.011334133079314732)
Goal pose: (0.393253635702674, 0.05772537203280721, None)
Dist: 0.3910738008235892
Moving to goal, dist: 0.3910738008235892, theta_diff: 0.1596856215759525
dt=0.10009336471557617
raw_control = 0.1564295203294357 + 0.0011859856955994585 + -0.005673993960222074 = 0.15194151206481307
dt=0.1000971794128418
raw_control = 0.07984281078797625 + 0.0004779107176708183 + 0.0008056855661643874 = 0.08112640707181147
Velocities: 0.15194151206481307 0.08112640707181147
Rel pose: (0.00776158, 5.85775e-06, 0.00244346)

Landmark 682 range: 0.9284968735330669 bearing: 0.4850312586334091
Raw z: 1.0129953492030803,x: -0.43289868035336077 y: -0.14857015136097765
Landmark 683 range: 0.8833580355758099 bearing: -0.23692442327220725
Raw z: 0.9805655317189481,x: 0.20733657077951997 y: -0.1370948876756831
Estimated landmark positions:
682: [0.83413379 0.42789138]
683: [ 0.86579432 -0.21395488]
Odometry measurement
[0.014242826799513499, -0.00016399840692004694, -0.009075712110370504]
Covariance:
[[5.99184742e-04 6.57809491e-08 8.58449975e-06]
 [6.57809491e-08 6.03651295e-04 3.57827658e-04]
 [8.58449975e-06 3.57827658e-04 4.20972140e-02]]
Estimated pose: 
(0.0142257, -0.000155094, -0.00852161)

Current pose: (0.014225734015870722, -0.00015509400275496148, -0.008521609953998399)
Goal pose: (0.393253635702674, 0.05772537203280721, None)
Dist: 0.38342182854604784
Moving to goal, dist: 0.38342182854604784, theta_diff: 0.16005858359009728
dt=0.10068273544311523
raw_control = 0.15336873141841914 + 0.0015720252808656308 + -0.00760008381165277 = 0.147340672887632
dt=0.10068297386169434
raw_control = 0.08002929179504864 + 0.0006390624595502342 + 0.0007408641199992795 = 0.08140921837459816
Velocities: 0.147340672887632 0.08140921837459816
Rel pose: (0.0107468, 1.17676e-05, 0.00383972)

Landmark 682 range: 0.9201614233534822 bearing: 0.4838466752676812
Raw z: 1.0030345369392253,x: -0.4280478057055228 y: -0.14500294020743187
Landmark 683 range: 0.8700857513515554 bearing: -0.24362383946607083
Raw z: 0.9637164041685079,x: 0.20988298185337895 y: -0.1314486094783018
Estimated landmark positions:
682: [0.8352949  0.42737694]
683: [ 0.86626307 -0.2138012 ]
Odometry measurement
[0.024989284695707936, -0.0002497647615279408, -0.005235987755982997]
Covariance:
[[6.98574950e-04 2.40286840e-07 1.58083879e-05]
 [2.40286840e-07 7.14321864e-04 7.26106482e-04]
 [1.58083879e-05 7.26106482e-04 4.77965003e-02]]
Estimated pose: 
(0.0249619, -0.000225983, -0.0041605)

Current pose: (0.02496192128677337, -0.0002259831698853092, -0.0041604980783133075)
Goal pose: (0.393253635702674, 0.05772537203280721, None)
Dist: 0.3728232107544163
Moving to goal, dist: 0.3728232107544163, theta_diff: 0.1602325767194961
dt=0.10030388832092285
raw_control = 0.14912928430176653 + 0.0019459814578152194 + -0.01056650740968404 = 0.1405087583498977
dt=0.10042905807495117
raw_control = 0.08011628835974804 + 0.0007999825270788476 + 0.0003464995743940079 = 0.08126277046122089
Velocities: 0.1405087583498977 0.08126277046122089
Rel pose: (0.0123247, 2.50164e-05, 0.00558505)

Landmark 682 range: 0.9120162150659813 bearing: 0.4819393686558345
Raw z: 0.9932010554037359,x: -0.42271816243706645 y: -0.14021847636023904
Landmark 683 range: 0.8656230250627862 bearing: -0.25073426471865284
Raw z: 0.9572780909934152,x: 0.2147743431285026 y: -0.12593823921246772
Estimated landmark positions:
682: [0.83659928 0.42694566]
683: [ 0.86770968 -0.21363528]
Odometry measurement
[0.037313919543984136, -0.000289280289631417, 0.00034906585039884424]
Covariance:
[[7.97725081e-04 6.72792076e-07 2.72609390e-05]
 [6.72792076e-07 8.35982284e-04 1.18644472e-03]
 [2.72609390e-05 1.18644472e-03 5.25161534e-02]]
Estimated pose: 
(0.0372625, -0.000241453, 0.00191367)

Current pose: (0.03726254770255221, -0.00024145283996335998, 0.0019136664671387962)
Goal pose: (0.393253635702674, 0.05772537203280721, None)
Dist: 0.3606796466690918
Moving to goal, dist: 0.3606796466690918, theta_diff: 0.15950190968043557
dt=0.10894179344177246
raw_control = 0.14427185866763673 + 0.0023389123334759763 + -0.011146836949967279 = 0.13546393405114543
dt=0.10892415046691895
raw_control = 0.07975095484021778 + 0.0009737186271767744 + -0.001341607046607046 = 0.07938306642078752
Velocities: 0.13546393405114543 0.07938306642078752
Rel pose: (0.00767627, 1.43578e-05, 0.00541052)

Landmark 682 range: 0.9122783417053496 bearing: 0.4797995366660943
Raw z: 0.9933702482114861,x: -0.4211089198587483 y: -0.13758367757129525
Landmark 683 range: 0.8646991236693217 bearing: -0.25363100521559184
Raw z: 0.9555680920111558,x: 0.2169706903470333 y: -0.12254555642144807
Estimated landmark positions:
682: [0.83841788 0.42689622]
683: [ 0.86968801 -0.21326952]
Odometry measurement
[0.04499018085459454, -0.0002722429764802583, 0.005759586531581375]
Covariance:
[[8.96598336e-04 1.20739926e-06 4.07660378e-05]
 [1.20739926e-06 9.52933695e-04 1.43453723e-03]
 [4.07660378e-05 1.43453723e-03 5.63890946e-02]]
Estimated pose: 
(0.0448949, -0.000216967, 0.00733777)

Current pose: (0.04489489023813238, -0.0002169673827032048, 0.007337767690178495)
Goal pose: (0.393253635702674, 0.05772537203280721, None)
Dist: 0.3531446307655994
Moving to goal, dist: 0.3531446307655994, theta_diff: 0.15748284741444488
dt=0.09201216697692871
raw_control = 0.14125785230623975 + 0.002663848360806078 + -0.008189151664455168 = 0.13573254900259066
dt=0.09190988540649414
raw_control = 0.07874142370722244 + 0.0011184609317702748 + -0.004393569325129476 = 0.07546631531386323
Velocities: 0.13573254900259066 0.07546631531386323
Rel pose: (0.00942475, 1.65163e-05, 0.00401426)

Landmark 682 range: 0.9054542499622454 bearing: 0.47468522999283946
Raw z: 0.9853829259246842,x: -0.41384556298204095 y: -0.13252943374768633
Landmark 683 range: 0.8521484835883436 bearing: -0.2646727346396208
Raw z: 0.9390225317103246,x: 0.2229164300209929 y: -0.11426822641682004
Estimated landmark positions:
682: [0.84013339 0.42666204]
683: [ 0.87081506 -0.21301275]
Odometry measurement
[0.05441468434420939, -0.00020144455305213613, 0.009773843811168303]
Covariance:
[[9.95151223e-04 1.96537557e-06 5.43365840e-05]
 [1.96537557e-06 1.07924929e-03 1.77704741e-03]
 [5.43365840e-05 1.77704741e-03 5.95095342e-02]]
Estimated pose: 
(0.0542763, -0.000109989, 0.0123623)

Current pose: (0.05427630979676205, -0.00010998939738669556, 0.01236231207814925)
Goal pose: (0.393253635702674, 0.05772537203280721, None)
Dist: 0.34387578645505706
Moving to goal, dist: 0.34387578645505706, theta_diff: 0.1566276455296828
dt=0.09945321083068848
raw_control = 0.13755031458202283 + 0.003005843871704914 + -0.009319803989357181 = 0.13123635446437054
dt=0.09945011138916016
raw_control = 0.0783138227648414 + 0.0012742272997157632 + -0.0017198610897790996 = 0.07786818897477807
Velocities: 0.13123635446437054 0.07786818897477807
Rel pose: (0.0111305, 4.10114e-05, 0.00994838)

Landmark 682 range: 0.8991148898187632 bearing: 0.4646973683401809
Raw z: 0.978451730535831,x: -0.4029403898423271 y: -0.12729547099711563
Landmark 683 range: 0.8467387598703537 bearing: -0.27913702449088107
Raw z: 0.9307287274061661,x: 0.23329869465779957 y: -0.1059946437840879
Estimated landmark positions:
682: [0.84195056 0.42639242]
683: [ 0.87225711 -0.21278815]
Odometry measurement
[0.06554423975343221, -5.16492139701995e-05, 0.01972222054753592]
Covariance:
[[1.09338742e-03 3.82929881e-06 8.21712674e-05]
 [3.82929881e-06 1.21836217e-03 2.20848444e-03]
 [8.21712674e-05 2.20848444e-03 6.19857822e-02]]
Estimated pose: 
(0.0653436, 0.000107127, 0.0238056)

Current pose: (0.06534356385575128, 0.0001071268088824907, 0.02380564849661642)
Goal pose: (0.393253635702674, 0.05772537203280721, None)
Dist: 0.33293374326033454
Moving to goal, dist: 0.33293374326033454, theta_diff: 0.15013228800290715
dt=0.10927510261535645
raw_control = 0.13317349730413383 + 0.003369657561293792 + -0.010013299400173559 = 0.12652985546525405
dt=0.10938191413879395
raw_control = 0.07506614400145357 + 0.00143844487007371 + -0.011876474420686668 = 0.06462811445084062
Velocities: 0.12652985546525405 0.06462811445084062
Rel pose: (0.00724983, 4.54031e-06, 0.00174533)

Landmark 682 range: 0.8991205777707098 bearing: 0.4638997893615071
Raw z: 0.9783198731006494,x: -0.40230173649962875 y: -0.12556983421976048
Landmark 683 range: 0.845284639102777 bearing: -0.28126122883506327
Raw z: 0.928598363502694,x: 0.2346235772622676 y: -0.10356575017849357
Estimated landmark positions:
682: [0.84401158 0.4263173 ]
683: [ 0.87396752 -0.21250135]
Odometry measurement
[0.07279256581157592, 9.586360589975826e-05, 0.021467549799530253]
Covariance:
[[1.19118110e-03 4.74543319e-06 9.31573684e-05]
 [4.74543319e-06 1.34533984e-03 2.41338135e-03]
 [9.31573684e-05 2.41338135e-03 6.39756124e-02]]
Estimated pose: 
(0.0725042, 0.00030997, 0.0267892)

Current pose: (0.07250422384782879, 0.00030996955888120287, 0.026789155634794302)
Goal pose: (0.393253635702674, 0.05772537203280721, None)
Dist: 0.32584768473394443
Moving to goal, dist: 0.32584768473394443, theta_diff: 0.1503387967229418
dt=0.09198904037475586
raw_control = 0.13033907389357777 + 0.0036694017195639077 + -0.007703155177532105 = 0.12630532043560955
dt=0.091888427734375
raw_control = 0.0751693983614709 + 0.0015765888266571994 + 0.00044947709984025184 = 0.07719546428796835
Velocities: 0.12630532043560955 0.07719546428796835
Rel pose: (0.0108747, 3.54218e-05, 0.00628319)

Landmark 682 range: 0.8908891254930055 bearing: 0.4594106449222725
Raw z: 0.9686092108111994,x: -0.39503799972764414 y: -0.12024469325940408
Landmark 683 range: 0.8358438498637567 bearing: -0.29179880360251825
Raw z: 0.9159361623179868,x: 0.2404517590526742 y: -0.09603368531625774
Estimated landmark positions:
682: [0.84589272 0.42619945]
683: [ 0.87548988 -0.2121704 ]
Odometry measurement
[0.08366395819844828, 0.00036471154427989935, 0.0277507351067099]
Covariance:
[[1.28859103e-03 7.06716037e-06 1.16803855e-04]
 [7.06716037e-06 1.49499712e-03 2.82831989e-03]
 [1.16803855e-04 2.82831989e-03 6.55286419e-02]]
Estimated pose: 
(0.083279, 0.000670754, 0.0345066)

Current pose: (0.08327898671517783, 0.0006707544070589251, 0.034506578157748026)
Goal pose: (0.393253635702674, 0.05772537203280721, None)
Dist: 0.3151817133136721
Moving to goal, dist: 0.3151817133136721, theta_diff: 0.14751827583480903
dt=0.09842109680175781
raw_control = 0.12607268532546886 + 0.003979607018725796 + -0.010837078397689446 = 0.11921521394650521
dt=0.09841442108154297
raw_control = 0.07375913791740452 + 0.0017217680838095004 + -0.005731925986326259 = 0.06974898001488776
Velocities: 0.11921521394650521 0.06974898001488776
Rel pose: (0.00869979, 9.63886e-06, 0.00279253)

Landmark 683 range: 0.8273327558982528 bearing: -0.29930761968062597
Raw z: 0.9046656099387902,x: 0.24394624407337093 y: -0.08897893622969755
Landmark 682 range: 0.8848706833322577 bearing: 0.45813433683170257
Raw z: 0.961183920481739,x: -0.39135671519749 y: -0.11534602591450833
Estimated landmark positions:
682: [0.8476166  0.42612585]
683: [ 0.87676268 -0.2118472 ]
Odometry measurement
[0.09236012643654025, 0.0006157411460074653, 0.030543261909900754]
Covariance:
[[1.38549520e-03 8.89658947e-06 1.32642716e-04]
 [8.89658947e-06 1.63795953e-03 3.10233524e-03]
 [1.32642716e-04 3.10233524e-03 6.67661585e-02]]
Estimated pose: 
(0.0918737, 0.00101919, 0.0389149)

Current pose: (0.09187366365184756, 0.0010191905672425525, 0.03891488371220148)
Goal pose: (0.393253635702674, 0.05772537203280721, None)
Dist: 0.3066683527359197
Moving to goal, dist: 0.3066683527359197, theta_diff: 0.14706585104351388
dt=0.11158108711242676
raw_control = 0.12266734109436789 + 0.004321790900538306 + -0.007629752315618277 = 0.11935937967928792
dt=0.11165857315063477
raw_control = 0.07353292552175694 + 0.001885979714676526 + -0.000810371794174365 = 0.0746085334422591
Velocities: 0.11935937967928792 0.0746085334422591
Rel pose: (0.00699395, 5.79076e-06, 0.00174533)

Landmark 682 range: 0.8829242713969921 bearing: 0.45739143655501
Raw z: 0.958798064772583,x: -0.3899074717773461 y: -0.11358108952772575
Landmark 683 range: 0.8241279109924203 bearing: -0.3016311359299129
Raw z: 0.9005169810631006,x: 0.24483035107988765 y: -0.08684408703940452
Estimated landmark positions:
682: [0.84940756 0.42610034]
683: [ 0.87812161 -0.21147508]
Odometry measurement
[0.09935063537166544, 0.0008351139735605515, 0.0322885911618952]
Covariance:
[[1.48187211e-03 1.04164676e-05 1.45563116e-04]
 [1.04164676e-05 1.77333612e-03 3.27082207e-03]
 [1.45563116e-04 3.27082207e-03 6.77698218e-02]]
Estimated pose: 
(0.0987404, 0.00131982, 0.0419661)

Current pose: (0.09874040871741685, 0.0013198231520195765, 0.04196607254064909)
Goal pose: (0.393253635702674, 0.05772537203280721, None)
Dist: 0.2998660147696176
Moving to goal, dist: 0.2998660147696176, theta_diff: 0.14726373433705808
dt=0.09047389030456543
raw_control = 0.11994640590784705 + 0.004593091349801642 + -0.007518564685792925 = 0.11702093257185577
dt=0.09040689468383789
raw_control = 0.07363186716852904 + 0.002019116283886117 + 0.0004377615097525842 = 0.07608874496216773
Velocities: 0.11702093257185577 0.07608874496216773
Rel pose: (0.00818801, 1.67991e-05, 0.00453786)

Landmark 682 range: 0.8758401782247013 bearing: 0.45420457168768436
Raw z: 0.9500010322251181,x: -0.3842728397676514 y: -0.10556926729349678
Landmark 683 range: 0.8182145333366756 bearing: -0.3099078659851552
Raw z: 0.8921404268283113,x: 0.24953161676105648 y: -0.07781217038929251
Estimated landmark positions:
682: [0.85099346 0.42603247]
683: [ 0.87942512 -0.21112176]
Odometry measurement
[0.10753383953841224, 0.001116237864180615, 0.03682644721708038]
Covariance:
[[1.57776899e-03 1.32386088e-05 1.68543562e-04]
 [1.32386088e-05 1.91937299e-03 3.51559259e-03]
 [1.68543562e-04 3.51559259e-03 6.85682026e-02]]
Estimated pose: 
(0.106791, 0.0017076, 0.0479142)

Current pose: (0.10679097437997213, 0.0017076041197725139, 0.04791417259215742)
Goal pose: (0.393253635702674, 0.05772537203280721, None)
Dist: 0.2918884147307728
Moving to goal, dist: 0.2918884147307728, theta_diff: 0.14519888392118432
dt=0.09919285774230957
raw_control = 0.11675536589230913 + 0.00488262380979182 + -0.008042514572540677 = 0.11359547512956027
dt=0.09918665885925293
raw_control = 0.07259944196059216 + 0.0021631342055484647 + -0.0041635648173285215 = 0.07059901134881211
Velocities: 0.11359547512956027 0.07059901134881211
Rel pose: (0.0101071, 2.44134e-05, 0.00575959)

Landmark 682 range: 0.8706208570089184 bearing: 0.4499305269846151
Raw z: 0.9439121818266675,x: -0.3786356019300251 y: -0.10127884834305727
Landmark 683 range: 0.80916089834153 bearing: -0.32019955161105884
Raw z: 0.8801961713140086,x: 0.2546882281437001 y: -0.07134004148267901
Estimated landmark positions:
682: [0.8526235  0.42600962]
683: [ 0.88060609 -0.21074154]
Odometry measurement
[0.11763315479541168, 0.0015127579823693837, 0.04258603374866156]
Covariance:
[[1.67314561e-03 1.74325393e-05 1.97547063e-04]
 [1.74325393e-05 2.08359097e-03 3.87440244e-03]
 [1.97547063e-04 3.87440244e-03 6.91859849e-02]]
Estimated pose: 
(0.11674, 0.00224617, 0.0552544)

Current pose: (0.11674038607488935, 0.0022461671225820685, 0.055254439125033715)
Goal pose: (0.393253635702674, 0.05772537203280721, None)
Dist: 0.2820239695437044
Moving to goal, dist: 0.2820239695437044, theta_diff: 0.14275499201144756
dt=0.10046005249023438
raw_control = 0.11280958781748177 + 0.005165945237630468 + -0.009819271384540964 = 0.10815626167057127
dt=0.10045647621154785
raw_control = 0.07137749600572378 + 0.0023065408401392417 + -0.004865573633282246 = 0.06881846321258078
Velocities: 0.10815626167057127 0.06881846321258078
Rel pose: (0.00622631, 7.68131e-06, 0.00331613)

Landmark 682 range: 0.8674400515414418 bearing: 0.44673437489617235
Raw z: 0.9400722523212294,x: -0.37475379087765404 y: -0.0968367892458131
Landmark 683 range: 0.8043046191053113 bearing: -0.32704086171441593
Raw z: 0.8735012728309466,x: 0.25837653996621357 y: -0.06511012867653956
Estimated landmark positions:
682: [0.85419613 0.42601469]
683: [ 0.88170572 -0.2103749 ]
Odometry measurement
[0.12385349738242009, 0.0017855062400683587, 0.045902159327450905]
Covariance:
[[1.76785323e-03 2.03968305e-05 2.17986233e-04]
 [2.03968305e-05 2.22131183e-03 3.98108324e-03]
 [2.17986233e-04 3.98108324e-03 6.97190850e-02]]
Estimated pose: 
(0.1228, 0.00262548, 0.0602525)

Current pose: (0.12280017365500029, 0.002625480448726954, 0.06025246500043261)
Goal pose: (0.393253635702674, 0.05772537203280721, None)
Dist: 0.2760091904016058
Moving to goal, dist: 0.2760091904016058, theta_diff: 0.14072849476776855
dt=0.10007643699645996
raw_control = 0.11040367616064234 + 0.00544216540116717 + -0.006010185137098101 = 0.10983565642471141
dt=0.10007643699645996
raw_control = 0.07036424738388428 + 0.0024473769035415743 + -0.00404989886630495 = 0.0687617254211209
Velocities: 0.10983565642471141 0.0687617254211209
Rel pose: (0.00635426, 5.42605e-06, 0.00244346)

Landmark 682 range: 0.8602047772267524 bearing: 0.44494734735632047
Raw z: 0.9316025588683797,x: -0.37024104342402936 y: -0.09443231601595128
Landmark 683 range: 0.7976782835901941 bearing: -0.33382530494739054
Raw z: 0.8649568871558638,x: 0.26136690678787755 y: -0.061704631876597825
Estimated landmark positions:
682: [0.85552034 0.42596432]
683: [ 0.8826461  -0.21001996]
Odometry measurement
[0.13020081228490218, 0.0020824982698591605, 0.04834562028024293]
Covariance:
[[1.86188514e-03 2.33069935e-05 2.35451865e-04]
 [2.33069935e-05 2.36190443e-03 4.10634978e-03]
 [2.35451865e-04 4.10634978e-03 7.01719943e-02]]
Estimated pose: 
(0.128992, 0.00304525, 0.0644874)

Current pose: (0.12899181621674383, 0.0030452493873361105, 0.06448737914803931)
Goal pose: (0.393253635702674, 0.05772537203280721, None)
Dist: 0.2698596395360709
Moving to goal, dist: 0.2698596395360709, theta_diff: 0.13954970029925734
dt=0.10059928894042969
raw_control = 0.10794385581442836 + 0.005713642279677664 + -0.006112916831028905 = 0.10754458126307712
dt=0.1006002426147461
raw_control = 0.06977485014962867 + 0.002587764240610778 + -0.002343522118580704 = 0.07001909227165874
Velocities: 0.10754458126307712 0.07001909227165874
Rel pose: (0.0111732, 2.49568e-05, 0.00523599)

Landmark 682 range: 0.8597229909174843 bearing: 0.4434142933535519
Raw z: 0.9307656695695856,x: -0.36884357090971265 y: -0.09012745702391033
Landmark 683 range: 0.7951060342503895 bearing: -0.33786610464510747
Raw z: 0.8613011489930301,x: 0.26355745036554906 y: -0.056830807284966575
Estimated landmark positions:
682: [0.85720268 0.42599997]
683: [ 0.88391902 -0.2096266 ]
Odometry measurement
[0.14135977450700044, 0.0026473919176637902, 0.05358160803622604]
Covariance:
[[1.95535441e-03 2.89803490e-05 2.63606949e-04]
 [2.89803490e-05 2.54657460e-03 4.53743474e-03]
 [2.63606949e-04 4.53743474e-03 7.04982248e-02]]
Estimated pose: 
(0.139924, 0.00378271, 0.0706282)

Current pose: (0.1399238033246048, 0.003782706746903599, 0.07062823603742016)
Goal pose: (0.393253635702674, 0.05772537203280721, None)
Dist: 0.25900929541398254
Moving to goal, dist: 0.25900929541398254, theta_diff: 0.13917286294017453
dt=0.10157895088195801
raw_control = 0.10360371816559302 + 0.005976741204645939 + -0.0106816855538282 = 0.09889877381641075
dt=0.1017601490020752
raw_control = 0.06958643147008726 + 0.0027293867533091536 + -0.0007406383791264402 = 0.07157517984426998
Velocities: 0.09889877381641075 0.07157517984426998
Rel pose: (0.00605573, 5.80565e-06, 0.00226893)

Landmark 682 range: 0.8486765508609849 bearing: 0.4416718226888546
Raw z: 0.9176408998222908,x: -0.36276802519259777 y: -0.08534296797804103
Landmark 683 range: 0.7830571023837212 bearing: -0.3461074856490382
Raw z: 0.8461256249930769,x: 0.26564327123797865 y: -0.050753520271464465
Estimated landmark positions:
682: [0.85846741 0.42591179]
683: [ 0.88475112 -0.20920928]
Odometry measurement
[0.14740650637658487, 0.0029775099413131734, 0.05585053606381852]
Covariance:
[[2.04797328e-03 3.22901686e-05 2.80261419e-04]
 [3.22901686e-05 2.68958179e-03 4.62795658e-03]
 [2.80261419e-04 4.62795658e-03 7.08118431e-02]]
Estimated pose: 
(0.14579, 0.00422849, 0.0742936)

Current pose: (0.1457895712619656, 0.004228488561696409, 0.07429360683520539)
Goal pose: (0.393253635702674, 0.05772537203280721, None)
Dist: 0.25318052794525236
Moving to goal, dist: 0.25318052794525236, theta_diff: 0.13861053759819528
dt=0.0997018814086914
raw_control = 0.10127221117810095 + 0.0062291669543678135 + -0.005846196066087537 = 0.10165518206638123
dt=0.09951949119567871
raw_control = 0.06930526879909764 + 0.0028673312550704724 + -0.0011300808218032167 = 0.0710425192323649
Velocities: 0.10165518206638123 0.0710425192323649
Rel pose: (0.00865714, 1.03236e-05, 0.00366519)

Landmark 683 range: 0.7822295357849233 bearing: -0.3529225327367216
Raw z: 0.8443673175884934,x: 0.27037113611548225 y: -0.04562160572889475
Landmark 682 range: 0.8483282814026625 bearing: 0.43895434375467496
Raw z: 0.9171615412557604,x: -0.3605337281869218 y: -0.08168523569586619
Estimated landmark positions:
682: [0.85993688 0.42592645]
683: [ 0.88583365 -0.20884502]
Odometry measurement
[0.15604956807755577, 0.0034710718578612235, 0.0595157274930066]
Covariance:
[[2.13994993e-03 3.76510929e-05 3.04350712e-04]
 [3.76510929e-05 2.85899605e-03 4.89238060e-03]
 [3.04350712e-04 4.89238060e-03 7.10682119e-02]]
Estimated pose: 
(0.154189, 0.00488668, 0.0793563)

Current pose: (0.1541892151436023, 0.00488667939843912, 0.07935627701627211)
Goal pose: (0.393253635702674, 0.05772537203280721, None)
Dist: 0.24483407568505236
Moving to goal, dist: 0.24483407568505236, theta_diff: 0.13816942017582495
dt=0.10017037391662598
raw_control = 0.09793363027402095 + 0.006474418163456845 + -0.00833225626885145 = 0.09607579216862634
dt=0.10017108917236328
raw_control = 0.06908471008791248 + 0.003005737068163735 + -0.00088072801446992 = 0.07120971914160629
Velocities: 0.09607579216862634 0.07120971914160629
Rel pose: (0.0074204, 8.09069e-06, 0.00296706)

Landmark 683 range: 0.7770947391121877 bearing: -0.35843146403904536
Raw z: 0.8376419175061921,x: 0.27260935150101584 y: -0.04019548866844164
Landmark 682 range: 0.8435568675740455 bearing: 0.4372251933392552
Raw z: 0.9113895240079574,x: -0.3571850216594648 y: -0.07728205635586274
Estimated landmark positions:
682: [0.8613645  0.42592163]
683: [ 0.88689812 -0.20847279]
Odometry measurement
[0.16345635307396536, 0.003920518310348518, 0.062482787221397]
Covariance:
[[2.23110507e-03 4.25336119e-05 3.25027933e-04]
 [4.25336119e-05 3.01927154e-03 5.07269016e-03]
 [3.25027933e-04 5.07269016e-03 7.13022452e-02]]
Estimated pose: 
(0.161335, 0.00548024, 0.0835952)

Current pose: (0.16133479075545668, 0.0054802430660713785, 0.08359517433578187)
Goal pose: (0.393253635702674, 0.05772537203280721, None)
Dist: 0.23773073874112766
Moving to goal, dist: 0.23773073874112766, theta_diff: 0.13797940595225486
dt=0.13045406341552734
raw_control = 0.09509229549645107 + 0.006784547572132397 + -0.005445086766901909 = 0.09643175630168156
dt=0.1305103302001953
raw_control = 0.06898970297612743 + 0.003185814446480291 + -0.00029118648811726154 = 0.07188433093449045
Velocities: 0.09643175630168156 0.07188433093449045
Rel pose: (0.00562928, -2.45624e-07, 0.00122173)

Landmark 682 range: 0.8433909903566794 bearing: 0.4383231248594921
Raw z: 0.9109647422286337,x: -0.35795344746688307 y: -0.07575349941387145
Landmark 683 range: 0.7761686129434939 bearing: -0.3589225595432761
Raw z: 0.8364512852119785,x: 0.27264137691099344 y: -0.0388366317508585
Estimated landmark positions:
682: [0.8628594  0.42595737]
683: [ 0.8880475  -0.20811872]
Odometry measurement
[0.16907466112093356, 0.004271777308734199, 0.06370451769779308]
Covariance:
[[2.32127725e-03 4.53528546e-05 3.35374925e-04]
 [4.53528546e-05 3.16300415e-03 5.14112889e-03]
 [3.35374925e-04 5.14112889e-03 7.15378908e-02]]
Estimated pose: 
(0.166655, 0.00591676, 0.0854566)

Current pose: (0.16665484350453158, 0.005916762357612366, 0.08545663199126355)
Goal pose: (0.393253635702674, 0.05772537203280721, None)
Dist: 0.23244600375599844
Moving to goal, dist: 0.23244600375599844, theta_diff: 0.1393157676905472
dt=0.0695655345916748
raw_control = 0.09297840150239939 + 0.006946249877282242 + -0.007596771901702111 = 0.09232787947797952
dt=0.06951093673706055
raw_control = 0.0696578838452736 + 0.0032826541416244174 + 0.003845040222511793 = 0.07678557820940982
Velocities: 0.09232787947797952 0.07678557820940982
Rel pose: (0.0078042, 1.7536e-05, 0.00366519)

Landmark 682 range: 0.8338528399737691 bearing: 0.4352550979427383
Raw z: 0.8998611397908426,x: -0.35158715262327805 y: -0.07228849023220259
Landmark 683 range: 0.7668801534280745 bearing: -0.36738918159552836
Raw z: 0.8246507756432166,x: 0.2754480632675487 y: -0.03311446148390458
Estimated landmark positions:
682: [0.86415577 0.42589934]
683: [ 0.88902223 -0.20773109]
Odometry measurement
[0.1768619158845842, 0.004786104443081894, 0.06736970912698127]
Covariance:
[[2.41084693e-03 5.15123351e-05 3.59536800e-04]
 [5.15123351e-05 3.33117590e-03 5.36032676e-03]
 [3.59536800e-04 5.36032676e-03 7.17365655e-02]]
Estimated pose: 
(0.174154, 0.00658364, 0.09016)

Current pose: (0.17415365155294035, 0.006583639477432724, 0.09016003801825201)
Goal pose: (0.393253635702674, 0.05772537203280721, None)
Dist: 0.2249895105625571
Moving to goal, dist: 0.2249895105625571, theta_diff: 0.13915155018254372
dt=0.09813737869262695
raw_control = 0.08999580422502285 + 0.007167048685281707 + -0.007598015448115449 = 0.0895648374621891
dt=0.0981283187866211
raw_control = 0.06957577509127186 + 0.003419201218384069 + -0.00033469952412123506 = 0.07266027678553469
Velocities: 0.0895648374621891 0.07266027678553469
Rel pose: (0.00656743, 2.3416e-05, 0.00628319)

Landmark 682 range: 0.8347752322381794 bearing: 0.4293660342682986
Raw z: 0.9012703262772307,x: -0.34751230916600434 y: -0.06965688235663976
Landmark 683 range: 0.7628595062062031 bearing: -0.37878597399173997
Raw z: 0.8188913191155482,x: 0.28209993245897597 y: -0.02795372620415924
Estimated landmark positions:
682: [0.86556903 0.42596443]
683: [ 0.88997509 -0.20739315]
Odometry measurement
[0.18341287220284863, 0.005251578618511811, 0.07365289443416077]
Covariance:
[[2.49992190e-03 6.05610465e-05 3.99420190e-04]
 [6.05610465e-05 3.48755875e-03 5.49478598e-03]
 [3.99420190e-04 5.49478598e-03 7.19274743e-02]]
Estimated pose: 
(0.18038, 0.00717819, 0.0978186)

Current pose: (0.1803801837158723, 0.007178194722310156, 0.09781863663929638)
Goal pose: (0.393253635702674, 0.05772537203280721, None)
Dist: 0.21879242147486735
Moving to goal, dist: 0.21879242147486735, theta_diff: 0.13531550583821625
dt=0.1002657413482666
raw_control = 0.08751696858994695 + 0.007386422528687307 + -0.00618066450649833 = 0.08872272661213593
dt=0.1002817153930664
raw_control = 0.06765775291910812 + 0.003554897928831437 + -0.007650535951228244 = 0.06356211489671132
Velocities: 0.08872272661213593 0.06356211489671132
Rel pose: (0.00524545, 8.47772e-06, 0.00523599)

Landmark 683 range: 0.7571700761169206 bearing: -0.3902497317254926
Raw z: 0.8112225637460785,x: 0.2880421727287653 y: -0.023924655940138848
Landmark 682 range: 0.8307797827341548 bearing: 0.42205067163100984
Raw z: 0.897137658748867,x: -0.3403140171637694 y: -0.06787945321212246
Estimated landmark positions:
682: [0.86689511 0.42602274]
683: [ 0.89081105 -0.20706116]
Odometry measurement
[0.18864347912286447, 0.005646026870005809, 0.07888888219014356]
Covariance:
[[2.58815377e-03 6.93195793e-05 4.36295589e-04]
 [6.93195793e-05 3.63065274e-03 5.54902112e-03]
 [4.36295589e-04 5.54902112e-03 7.21261247e-02]]
Estimated pose: 
(0.185287, 0.00769547, 0.105101)

Current pose: (0.18528699484370706, 0.007695474749505985, 0.10510122211353702)
Goal pose: (0.393253635702674, 0.05772537203280721, None)
Dist: 0.2138997763728149
Moving to goal, dist: 0.2138997763728149, theta_diff: 0.13097974724402678
dt=0.10036873817443848
raw_control = 0.08555991054912597 + 0.007601111035190647 + -0.004874670331661588 = 0.08828635125265503
dt=0.10034775733947754
raw_control = 0.06548987362201339 + 0.003686333167759734 + -0.008641465856624085 = 0.06053474093314904
Velocities: 0.08828635125265503 0.06053474093314904
Rel pose: (0.00823064, 2.37882e-05, 0.00418879)

Landmark 683 range: 0.752557626008041 bearing: -0.3956174338597096
Raw z: 0.8053051273093316,x: 0.29001915637346337 y: -0.020307276998515308
Landmark 682 range: 0.826583461805209 bearing: 0.42197464079796654
Raw z: 0.8920409088844046,x: -0.33853773752234423 y: -0.06511659015038411
Estimated landmark positions:
682: [0.8682272  0.42608957]
683: [ 0.89168471 -0.20673969]
Odometry measurement
[0.19684664998121085, 0.006318374114099633, 0.08307767239493002]
Covariance:
[[2.67527511e-03 7.81272262e-05 4.63361202e-04]
 [7.81272262e-05 3.80899326e-03 5.80613441e-03]
 [4.63361202e-04 5.80613441e-03 7.22828152e-02]]
Estimated pose: 
(0.193127, 0.0085475, 0.110491)

Current pose: (0.1931267591277557, 0.008547498878306055, 0.11049142641928944)
Goal pose: (0.393253635702674, 0.05772537203280721, None)
Dist: 0.20608063940029106
Moving to goal, dist: 0.20608063940029106, theta_diff: 0.13046767176569055
dt=0.10277986526489258
raw_control = 0.08243225576011642 + 0.007812920438703295 + -0.00760765442956335 = 0.08263752176925637
dt=0.10279345512390137
raw_control = 0.06523383588284527 + 0.003820445395387398 + -0.0009963192261978275 = 0.06805796205203483
Velocities: 0.08263752176925637 0.06805796205203483
Rel pose: (0.00665278, 4.95713e-06, 0.00279253)

Landmark 682 range: 0.8219012080198781 bearing: 0.4218361013625081
Raw z: 0.8864239045112058,x: -0.33651618023236396 y: -0.06285215084402938
Landmark 683 range: 0.7494315941198697 bearing: -0.39933576796883935
Raw z: 0.8012846629855055,x: 0.2913838437971106 y: -0.017214389849845784
Estimated landmark positions:
682: [0.86950767 0.42612987]
683: [ 0.89259268 -0.20642511]
Odometry measurement
[0.2034760733144533, 0.00687537605709153, 0.08587019919812112]
Covariance:
[[2.76121070e-03 8.47257577e-05 4.81412179e-04]
 [8.47257577e-05 3.97135557e-03 5.95280026e-03]
 [4.81412179e-04 5.95280026e-03 7.24395470e-02]]
Estimated pose: 
(0.199372, 0.00923357, 0.113986)

Current pose: (0.1993718818139754, 0.00923357089323231, 0.11398564596075271)
Goal pose: (0.393253635702674, 0.05772537203280721, None)
Dist: 0.19985391982324988
Moving to goal, dist: 0.19985391982324988, theta_diff: 0.13109671706660336
dt=0.0974435806274414
raw_control = 0.07994156792929996 + 0.008007665254203366 + -0.006390076736658482 = 0.08155915644684485
dt=0.0974423885345459
raw_control = 0.06554835853330168 + 0.003948189167787472 + 0.0012911122364160934 = 0.07078765993750524
Velocities: 0.08155915644684485 0.07078765993750524
Rel pose: (0.00503223, 6.78814e-06, 0.00506145)

Landmark 682 range: 0.8166947890384341 bearing: 0.4182863282605639
Raw z: 0.8806261611932406,x: -0.3317374381503292 y: -0.06242881597350796
Landmark 683 range: 0.7408477580880397 bearing: -0.40781132066006087
Raw z: 0.7905438067959742,x: 0.293821029461702 y: -0.015435788523198444
Estimated landmark positions:
682: [0.87067445 0.42615105]
683: [ 0.8933    -0.2060964]
Odometry measurement
[0.20848917594543, 0.0073137266162328594, 0.0909316540289047]
Covariance:
[[2.84662161e-03 9.38481573e-05 5.13486859e-04]
 [9.38481573e-05 4.11546930e-03 5.99701928e-03]
 [5.13486859e-04 5.99701928e-03 7.26156680e-02]]
Estimated pose: 
(0.20403, 0.00975653, 0.119801)

Current pose: (0.20403022207936392, 0.00975652927662582, 0.11980104814874191)
Goal pose: (0.393253635702674, 0.05772537203280721, None)
Dist: 0.19520888847238888
Moving to goal, dist: 0.19520888847238888, theta_diff: 0.12847252288295313
dt=0.10027360916137695
raw_control = 0.07808355538895556 + 0.008203408252078437 + -0.004632356798273257 = 0.08165460684276074
dt=0.10027265548706055
raw_control = 0.06423626144147657 + 0.00407701197805343 + -0.005234117259393541 = 0.06307915616013646
Velocities: 0.08165460684276074 0.06307915616013646
Rel pose: (0.00678069, 1.90693e-05, 0.00401426)

Landmark 683 range: 0.7424387535508077 bearing: -0.416408239994981
Raw z: 0.7916469823382624,x: 0.30030031557111647 y: -0.008178586620780819
Landmark 682 range: 0.8144784253228987 bearing: 0.41232248527875215
Raw z: 0.8781849474881653,x: -0.3263926593502928 y: -0.05700319198455671
Estimated landmark positions:
682: [0.87187765 0.42618094]
683: [ 0.894191   -0.20580378]
Odometry measurement
[0.21524011723631878, 0.007948446832112733, 0.09494591130849163]
Covariance:
[[0.00293098 0.00010359 0.00054056]
 [0.00010359 0.00428117 0.0061635 ]
 [0.00054056 0.0061635  0.07277241]]
Estimated pose: 
(0.21035, 0.0105481, 0.125145)

Current pose: (0.210350296324364, 0.010548139579345089, 0.12514455286872203)
Goal pose: (0.393253635702674, 0.05772537203280721, None)
Dist: 0.18888971072481753
Moving to goal, dist: 0.18888971072481753, theta_diff: 0.1272885954205286
dt=0.10321712493896484
raw_control = 0.07555588428992702 + 0.00839837478079412 + -0.006122218334707591 = 0.07783204073601355
dt=0.10321354866027832
raw_control = 0.0636442977102643 + 0.004208391054426782 + -0.002294131880537072 = 0.065558556884154
Velocities: 0.07783204073601355 0.065558556884154
Rel pose: (0.00362491, 4.73383e-06, 0.00523599)

Landmark 682 range: 0.8092959406858523 bearing: 0.4103939570741105
Raw z: 0.8722905270794261,x: -0.3228852896862938 y: -0.057023863111075795
Landmark 683 range: 0.7372495314555982 bearing: -0.42156640258453537
Raw z: 0.7851651659297505,x: 0.3016752958382028 y: -0.006930978936238108
Estimated landmark positions:
682: [0.87294108 0.42617243]
683: [ 0.89496071 -0.20551004]
Odometry measurement
[0.21884824937531605, 0.008296812612871542, 0.1001818990644745]
Covariance:
[[0.00301456 0.000113   0.0005722 ]
 [0.000113   0.00440901 0.00612361]
 [0.0005722  0.00612361 0.07296073]]
Estimated pose: 
(0.213562, 0.0109451, 0.130967)

Current pose: (0.21356188493133615, 0.010945094640234309, 0.13096673025895306)
Goal pose: (0.393253635702674, 0.05772537203280721, None)
Dist: 0.18568123127606265
Moving to goal, dist: 0.18568123127606265, theta_diff: 0.12371626566259802
dt=0.1033620834350586
raw_control = 0.07427249251042506 + 0.008590298769988928 + -0.0031041164633361304 = 0.07975867481707785
dt=0.10337305068969727
raw_control = 0.06185813283129901 + 0.00433628033244158 + -0.006911530102084146 = 0.05928288306165645
Velocities: 0.07975867481707785 0.05928288306165645
Rel pose: (0.00801745, 1.15592e-05, 0.00471239)

Landmark 682 range: 0.805580392162736 bearing: 0.4039911938820859
Raw z: 0.8681471243389157,x: -0.3166666950963198 y: -0.05164754589419285
