Robot Name: locobot
Robot Model: locobot_px100
Initialized InterbotixRobotXSCore!

Turret Group Name: camera
Pan Name: pan, Profile Type: time, Profile Velocity: 2.0, Profile Acceleration: 0.3
Tilt Name: tilt, Profile Type: time, Profile Velocity: 2.0, Profile Acceleration: 0.3
Initialized InterbotixTurretXSInterface!

Initialized InterbotixKobukiInterface!

Arm Group Name: arm
Moving Time: 2.00 seconds
Acceleration Time: 0.30 seconds
Drive Mode: Time-Based-Profile
Initialized InterbotixArmXSInterface!

Gripper Name: gripper
Gripper Pressure: 50%
Initialized InterbotixGripperXSInterface!

Reset odom:[0.0, 0.0, 0.0]
Estimated landmark positions:
Starting move to goal: (0.5, 0, 0)
Rel pose: (0, 0, 0)

Landmark 682 range: 0.8806306671169348 bearing: 0.2856216211839264
Raw z: 0.9709570217903386,x: -0.2481211627412456 y: -0.11187596178926638
Initial estimate for 682: (0.8449534072756615, 0.2481211627412456)
Estimated landmark positions:
682: [0.84495341 0.24812116]
Odometry measurement
[0.0, 0.0, 0.0]
Covariance:
[[ 2.00000000e-04 -7.68215275e-41  4.32466753e-22]
 [-7.68215275e-41  2.00000000e-04 -1.72986701e-21]
 [ 4.32466753e-22 -1.72986701e-21  9.73828555e-03]]
Estimated pose: 
(-2.46519e-36, 9.86076e-36, 4.80135e-34)

Current pose: (-2.465190328815662e-36, 9.860761315262648e-36, 4.801345470404824e-34)
Goal pose: (0.5, 0, 0)
Dist: 0.5
Moving to goal, dist: 0.5, theta_diff: 0.0
dt=0
raw_control = 0.25 + 0.0 + 0 = 0.25
dt=0
raw_control = 0.0 + 0.0 + 0 = 0.0
Velocities: 0.2 0.0
Rel pose: (0, 0, 0)

Landmark 682 range: 0.8809668588284434 bearing: 0.2854356208788305
Raw z: 0.9713763698321604,x: -0.24805866019886608 y: -0.1119594663525029
Estimated landmark positions:
682: [0.84513729 0.24809144]
Odometry measurement
[0.0, 0.0, 0.0]
Covariance:
[[ 2.99979584e-04  1.42958729e-09  6.04415299e-07]
 [ 1.42958729e-09  2.99975134e-04 -2.06043377e-06]
 [ 6.04415299e-07 -2.06043377e-06  1.91943378e-02]]
Estimated pose: 
(-7.61753e-08, 2.08137e-08, 3.51675e-06)

Current pose: (-7.617534739506306e-08, 2.0813674654157102e-08, 3.5167502672929134e-06)
Goal pose: (0.5, 0, 0)
Dist: 0.5000000761753478
Moving to goal, dist: 0.5000000761753478, theta_diff: -3.558377610346497e-06
dt=0.09999823570251465
raw_control = 0.2500000380876739 + 0.0 + 0.0 = 0.2500000380876739
dt=0.10000491142272949
raw_control = -2.490864327242548e-06 + 0.0 + 0 = -2.490864327242548e-06
Velocities: 0.2 -2.490864327242548e-06
Rel pose: (0.000810275, 0, 0)

Landmark 682 range: 0.8805133874992249 bearing: 0.2855947118276181
Raw z: 0.970837467881765,x: -0.24806538453247115 y: -0.11202254719188974
Estimated landmark positions:
682: [0.84530963 0.24808642]
Odometry measurement
[0.0008102748391684146, 0.0, 0.0]
Covariance:
[[3.99918498e-04 6.18453934e-09 2.37358246e-06]
 [6.18453934e-09 3.99908247e-04 7.32057983e-06]
 [2.37358246e-06 7.32057983e-06 2.82996275e-02]]
Estimated pose: 
(0.000809986, 5.03989e-08, 1.0617e-05)

Current pose: (0.0008099863071590322, 5.0398880526246305e-08, 1.0616989571477958e-05)
Goal pose: (0.5, 0, 0)
Dist: 0.49919001369284355
Moving to goal, dist: 0.49919001369284355, theta_diff: -1.071795088680716e-05
dt=0.10024452209472656
raw_control = 0.24959500684642177 + 0.0 + -0.0 = 0.24959500684642177
dt=0.10024476051330566
raw_control = -7.502565620765011e-06 + 0.0 + -0.0 = -7.502565620765011e-06
Velocities: 0.2 -7.502565620765011e-06
Rel pose: (0.00742041, 1.30999e-06, 0.000349066)

Landmark 682 range: 0.8779469970248538 bearing: 0.285522659174881
Raw z: 0.9674556952675215,x: -0.247281663435154 y: -0.1088740109308088
Estimated landmark positions:
682: [0.8466065  0.24799957]
Odometry measurement
[0.008230686343613304, 1.3099924170289777e-06, 0.00034906585039884424]
Covariance:
[[4.99796724e-04 4.34125736e-08 5.84127387e-06]
 [4.34125736e-08 5.01329227e-04 2.01671997e-04]
 [5.84127387e-06 2.01671997e-04 3.69075469e-02]]
Estimated pose: 
(0.00822719, 2.44498e-06, 0.000480939)

Current pose: (0.008227185133451399, 2.4449751375265858e-06, 0.00048093920768915515)
Goal pose: (0.5, 0, 0)
Dist: 0.49177281487262653
Moving to goal, dist: 0.49177281487262653, theta_diff: -0.0004859109651018656
dt=0.10000944137573242
raw_control = 0.24588640743631326 + 0.0 + -0.0 = 0.24588640743631326
dt=0.09999990463256836
raw_control = -0.0003401376755713059 + 0.0 + -0.0 = -0.0003401376755713059
Velocities: 0.2 -0.0003401376755713059
Rel pose: (0.00835862, -1.15369e-06, -0.000872665)

Landmark 682 range: 0.8703986181564831 bearing: 0.2875127242499983
Raw z: 0.95767553998962,x: -0.2468171311885904 y: -0.10220756124308154
Estimated landmark positions:
682: [0.84753686 0.24776307]
Odometry measurement
[0.016589310725544107, 3.074016291263253e-06, -0.0005235987755983215]
Covariance:
[[5.99594334e-04 1.33859321e-07 1.09623234e-05]
 [1.33859321e-07 6.06699845e-04 4.79775012e-04]
 [1.09623234e-05 4.79775012e-04 4.49086396e-02]]
Estimated pose: 
(0.0165819, 8.53904e-06, -0.000166678)

Current pose: (0.01658188721931259, 8.539040711540163e-06, -0.0001666783581744378)
Goal pose: (0.5, 0, 0)
Dist: 0.48341811285610375
Moving to goal, dist: 0.48341811285610375, theta_diff: 0.0001490144757403802
dt=0.09979104995727539
raw_control = 0.24170905642805188 + 0.0 + -0.0 = 0.24170905642805188
dt=0.0997927188873291
raw_control = 0.00010431013301826613 + 0.0 + 0.0 = 0.00010431013301826613
Velocities: 0.2 0.00010431013301826613
Rel pose: (0.01096, 5.03156e-06, 0.00139626)

Estimated landmark positions:
682: [0.84753686 0.24776307]
Odometry measurement
[0.027549342672752972, 2.3669180632033e-06, 0.0008726646259972215]
Covariance:
[[6.99594965e-04 2.81252738e-07 1.20934852e-05]
 [2.81252738e-07 7.22610330e-04 9.71959148e-04]
 [1.20934852e-05 9.71959148e-04 5.45469252e-02]]
Estimated pose: 
(0.0275419, 1.17438e-05, 0.00122959)

Current pose: (0.02754191872078805, 1.1743801623047573e-05, 0.001229585043421105)
Goal pose: (0.5, 0, 0)
Dist: 0.4724580814251687
Moving to goal, dist: 0.4724580814251687, theta_diff: -0.0012544418552442593
dt=0.10069417953491211
raw_control = 0.23622904071258435 + 0.0 + -0.0 = 0.23622904071258435
dt=0.10070371627807617
raw_control = -0.0008781092986709815 + 0.0 + -0.0 = -0.0008781092986709815
Velocities: 0.2 -0.0008781092986709815
Rel pose: (0.0208113, 3.18566e-06, 0.000174533)

Landmark 682 range: 0.849448203024153 bearing: 0.29156134610648904
Raw z: 0.9311818084314972,x: -0.24417220939803458 y: -0.08760534082929537
Estimated landmark positions:
682: [0.84983571 0.24752457]
Odometry measurement
[0.04836060078779648, 2.3713835991990133e-05, 0.0010471975511965326]
Covariance:
[[7.99056729e-04 9.31741773e-07 2.72993501e-05]
 [9.31741773e-07 8.81200632e-04 1.95569193e-03]
 [2.72993501e-05 1.95569193e-03 5.99663156e-02]]
Estimated pose: 
(0.0483339, 6.55535e-05, 0.00224502)

Current pose: (0.04833389457277779, 6.555353741539073e-05, 0.0022450201153810584)
Goal pose: (0.5, 0, 0)
Dist: 0.4516661101843494
Moving to goal, dist: 0.4516661101843494, theta_diff: -0.0023901572779161384
dt=0.09973883628845215
raw_control = 0.2258330550921747 + 0.0 + -0.0 = 0.2258330550921747
dt=0.09975290298461914
raw_control = -0.0016731100945412969 + 0.0 + -0.0 = -0.0016731100945412969
Velocities: 0.2 -0.0016731100945412969
Rel pose: (0.011685, 3.06657e-06, 0.000349066)

Landmark 682 range: 0.8420846303062806 bearing: 0.2936597645282947
Raw z: 0.9216219385985442,x: -0.24374750069809903 y: -0.07971770363089245
Estimated landmark positions:
682: [0.85200506 0.24748328]
Odometry measurement
[0.06004560673593694, 3.901692489939172e-05, 0.0013962634015954323]
Covariance:
[[8.98416530e-04 1.73863671e-06 4.41844913e-05]
 [1.73863671e-06 1.02841646e-03 2.48535930e-03]
 [4.41844913e-05 2.48535930e-03 6.51725391e-02]]
Estimated pose: 
(0.0599953, 0.000120646, 0.00343416)

Current pose: (0.05999533430979282, 0.00012064610176998207, 0.0034341603016330596)
Goal pose: (0.5, 0, 0)
Dist: 0.44000468223035183
Moving to goal, dist: 0.44000468223035183, theta_diff: -0.0037083530731054637
dt=0.09964323043823242
raw_control = 0.22000234111517591 + 0.0 + -0.0 = 0.22000234111517591
dt=0.09962224960327148
raw_control = -0.0025958471511738244 + 0.0 + -0.0 = -0.0025958471511738244
Velocities: 0.2 -0.0025958471511738244
Rel pose: (0.0145423, 1.49607e-06, 0.000349066)

Landmark 682 range: 0.8372240925477844 bearing: 0.2958302039757916
Raw z: 0.9150423125950646,x: -0.24407936460038993 y: -0.0714150531431816
Estimated landmark positions:
682: [0.85473828 0.24768468]
Odometry measurement
[0.07458789131611786, 6.081787017135102e-05, 0.0017453292519943322]
Covariance:
[[9.97651904e-04 3.04459667e-06 6.35916876e-05]
 [3.04459667e-06 1.20537303e-03 3.22484956e-03]
 [6.35916876e-05 3.22484956e-03 6.99862787e-02]]
Estimated pose: 
(0.0745001, 0.000203947, 0.00478107)

Current pose: (0.0745001339194306, 0.00020394665096415215, 0.004781071664488883)
Goal pose: (0.5, 0, 0)
Dist: 0.4254999149574755
Moving to goal, dist: 0.4254999149574755, theta_diff: -0.005260382356698123
dt=0.10010457038879395
raw_control = 0.21274995747873776 + 0.0 + -0.0 = 0.21274995747873776
dt=0.10009455680847168
raw_control = -0.003682267649688686 + 0.0 + -0.0 = -0.003682267649688686
Velocities: 0.2 -0.003682267649688686
Rel pose: (0.0180819, 7.77808e-06, 0.0010472)

Landmark 682 range: 0.818599865760177 bearing: 0.29803575159663137
Raw z: 0.8921517435784747,x: -0.24037621828278805 y: -0.0618341964189547
Estimated landmark positions:
682: [0.85675622 0.24769246]
Odometry measurement
[0.09266976999583182, 0.00010015482511297843, 0.0027925268031909196]
Covariance:
[[1.09674875e-03 5.36437972e-06 8.87438280e-05]
 [5.36437972e-06 1.43157069e-03 4.22628466e-03]
 [8.87438280e-05 4.22628466e-03 7.43196065e-02]]
Estimated pose: 
(0.0925468, 0.000350581, 0.00709098)

Current pose: (0.09254675338556516, 0.000350580733088655, 0.007090980171573448)
Goal pose: (0.5, 0, 0)
Dist: 0.4074533974376626
Moving to goal, dist: 0.4074533974376626, theta_diff: -0.007951399494495526
dt=0.09985661506652832
raw_control = 0.2037266987188313 + 0.0 + -0.0 = 0.2037266987188313
dt=0.09985685348510742
raw_control = -0.005565979646146867 + 0.0 + -0.0 = -0.005565979646146867
Velocities: 0.2 -0.005565979646146867
Rel pose: (0.0119409, 5.13577e-07, 0.000698132)

Landmark 682 range: 0.8074323671188819 bearing: 0.29919644661734135
Raw z: 0.8783053002895781,x: -0.23799266637327998 y: -0.053368172188467684
Landmark 683 range: 0.9358841469074124 bearing: -0.26569447362336934
Raw z: 1.046261276320871,x: 0.24574393166503117 y: -0.1745886739718023
Initial estimate for 683: (1.0085072458647892, -0.2424562079332529)
Estimated landmark positions:
682: [0.85840189 0.24767568]
683: [ 1.00971595 -0.23694091]
Odometry measurement
[0.10461061414162472, 0.0001340136176842326, 0.0034906585039886644]
Covariance:
[[1.19568427e-03 7.72548509e-06 1.15833044e-04]
 [7.72548509e-06 1.62820664e-03 4.82350643e-03]
 [1.15833044e-04 4.82350643e-03 7.82190824e-02]]
Estimated pose: 
(0.104452, 0.000495845, 0.00918772)

Current pose: (0.1044519455361541, 0.000495845042356359, 0.009187722546300986)
Goal pose: (0.5, 0, 0)
Dist: 0.3955483652506222
Moving to goal, dist: 0.3955483652506222, theta_diff: -0.010441286498982016
dt=0.10046172142028809
raw_control = 0.1977741826253111 + 0.0 + -0.0 = 0.1977741826253111
dt=0.1004633903503418
raw_control = -0.007308900549287411 + 0.0 + -0.0 = -0.007308900549287411
Velocities: 0.1977741826253111 -0.007308900549287411
Rel pose: (0.0117277, 4.10861e-06, 0.000349066)

Landmark 682 range: 0.8036417318339227 bearing: 0.3023227379985422
Raw z: 0.8732222593398672,x: -0.23927500650253122 y: -0.04655767184578026
Estimated landmark positions:
682: [0.8603676  0.24790431]
683: [ 1.0099105  -0.23600353]
Odometry measurement
[0.11633818951082806, 0.00017905938215424623, 0.003839724354387453]
Covariance:
[[1.29443513e-03 1.03871011e-05 1.43541924e-04]
 [1.03871011e-05 1.83541194e-03 5.42278300e-03]
 [1.43541924e-04 5.42278300e-03 8.16805340e-02]]
Estimated pose: 
(0.116129, 0.000657752, 0.010824)

Current pose: (0.11612928254247255, 0.0006577523930708076, 0.010823954068783798)
Goal pose: (0.5, 0, 0)
Dist: 0.38387128097783957
Moving to goal, dist: 0.38387128097783957, theta_diff: -0.012537426129663132
dt=0.09992337226867676
raw_control = 0.19193564048891978 + 0.0 + -0.0 = 0.19193564048891978
dt=0.09992742538452148
raw_control = -0.008776198290764191 + 0.0 + -0.0 = -0.008776198290764191
Velocities: 0.19193564048891978 -0.008776198290764191
Rel pose: (0.0204701, 1.01524e-05, 0.000872665)

Landmark 682 range: 0.7834626243538351 bearing: 0.30428466678023025
Raw z: 0.8487467891090432,x: -0.23473384800344343 y: -0.037302735676551436
Estimated landmark positions:
682: [0.86199094 0.24798228]
683: [ 1.01013946 -0.23494711]
Odometry measurement
[0.13680809745461744, 0.00026781108788108735, 0.004712388980384675]
Covariance:
[[1.39300947e-03 1.56949477e-05 1.79600490e-04]
 [1.56949477e-05 2.16751284e-03 6.69644815e-03]
 [1.79600490e-04 6.69644815e-03 8.46308227e-02]]
Estimated pose: 
(0.136548, 0.000982814, 0.013536)

Current pose: (0.1365476147546695, 0.0009828137564742295, 0.013535968711112378)
Goal pose: (0.5, 0, 0)
Dist: 0.3634537140591633
Moving to goal, dist: 0.3634537140591633, theta_diff: -0.016240068067386204
dt=0.10006880760192871
raw_control = 0.18172685702958166 + 0.0 + -0.0 = 0.18172685702958166
dt=0.10006427764892578
raw_control = -0.011368047647170343 + 0.0 + -0.0 = -0.011368047647170343
Velocities: 0.18172685702958166 -0.011368047647170343
Rel pose: (0.0111306, 1.5184e-05, 0.00331613)

Landmark 682 range: 0.7828521830038861 bearing: 0.3047371570017349
Raw z: 0.8476786515055542,x: -0.23488888920445378 y: -0.029250043588298816
Estimated landmark positions:
682: [0.86406431 0.24833265]
683: [ 1.01027231 -0.23424686]
Odometry measurement
[0.1479385016979072, 0.0003354464257648361, 0.008028514559173862]
Covariance:
[[1.49148311e-03 2.24657548e-05 2.35283876e-04]
 [2.24657548e-05 2.40194078e-03 7.22373045e-03]
 [2.35283876e-04 7.22373045e-03 8.72442502e-02]]
Estimated pose: 
(0.147604, 0.00121691, 0.0184462)

Current pose: (0.14760391011287954, 0.0012169139503689442, 0.018446153444435055)
Goal pose: (0.5, 0, 0)
Dist: 0.35239819103862335
Moving to goal, dist: 0.35239819103862335, theta_diff: -0.021899395827372103
dt=0.10004258155822754
raw_control = 0.17619909551931168 + 0.0 + -0.0 = 0.17619909551931168
dt=0.10004401206970215
raw_control = -0.015329577079160472 + 0.0 + -0.0 = -0.015329577079160472
Velocities: 0.17619909551931168 -0.015329577079160472
Rel pose: (0.0137747, -7.20496e-06, -0.000872665)

Landmark 682 range: 0.7780883090837061 bearing: 0.30749276035622464
Raw z: 0.8417581138557507,x: -0.23550395087232728 y: -0.026217017939947424
Estimated landmark positions:
682: [0.86640887 0.24878823]
683: [ 1.01038409 -0.23361074]
Odometry measurement
[0.16171278491150717, 0.0004388306454733259, 0.0071558499331768055]
Covariance:
[[1.58957301e-03 2.71025693e-05 2.64949602e-04]
 [2.71025693e-05 2.68933485e-03 7.97631588e-03]
 [2.64949602e-04 7.97631588e-03 8.95036064e-02]]
Estimated pose: 
(0.161281, 0.00154259, 0.0194407)

Current pose: (0.16128073462346273, 0.0015425933587590842, 0.01944070724881687)
Goal pose: (0.5, 0, 0)
Dist: 0.3387227779932899
Moving to goal, dist: 0.3387227779932899, theta_diff: -0.023994870096218257
dt=0.10058760643005371
raw_control = 0.16936138899664496 + 0.0 + -0.0 = 0.16936138899664496
dt=0.10059762001037598
raw_control = -0.016796409067352778 + 0.0 + -0.0 = -0.016796409067352778
Velocities: 0.16936138899664496 -0.016796409067352778
Rel pose: (0.0154379, 7.1603e-06, 0)

Landmark 682 range: 0.7713097071878329 bearing: 0.3104821088292709
Raw z: 0.833317580726711,x: -0.23564879040103254 y: -0.017911070864452823
Landmark 683 range: 0.9018826607966481 bearing: -0.28361637218942587
Raw z: 0.9993849066159427,x: 0.2523732550170407 y: -0.1375364993431243
Estimated landmark positions:
682: [0.86895036 0.24927629]
683: [ 1.02909483 -0.23233775]
Odometry measurement
[0.17715020414645638, 0.0005564608688245215, 0.0071558499331768055]
Covariance:
[[1.68688601e-03 3.30931557e-05 2.87309049e-04]
 [3.30931557e-05 3.02289328e-03 8.83172691e-03]
 [2.87309049e-04 8.83172691e-03 8.97240823e-02]]
Estimated pose: 
(0.176559, 0.00193431, 0.0208257)

Current pose: (0.17655887105743812, 0.0019343116954705967, 0.02082568202586175)
Goal pose: (0.5, 0, 0)
Dist: 0.323446912882739
Moving to goal, dist: 0.323446912882739, theta_diff: -0.02680602423480405
dt=0.09994864463806152
raw_control = 0.1617234564413695 + 0.0 + -0.0 = 0.1617234564413695
dt=0.0999443531036377
raw_control = -0.018764216964362833 + 0.0 + -0.0 = -0.018764216964362833
Velocities: 0.1617234564413695 -0.018764216964362833
Rel pose: (0.00959536, -4.09373e-07, 0.000174533)

Landmark 682 range: 0.7622541093672771 bearing: 0.313043031440409
Raw z: 0.8222854027924684,x: -0.23474011711206239 y: -0.009230814861043055
Landmark 683 range: 0.8919781094314118 bearing: -0.2862551211731701
Raw z: 0.9861961194252583,x: 0.25186047423450847 y: -0.1274901395838273
Estimated landmark positions:
682: [0.87115559 0.24974303]
683: [ 1.03525026 -0.23095701]
Odometry measurement
[0.18674532130778224, 0.0006247138761906191, 0.007330382858376172]
Covariance:
[[1.78415666e-03 3.87139552e-05 3.22449608e-04]
 [3.87139552e-05 3.26899141e-03 9.20672667e-03]
 [3.22449608e-04 9.20672667e-03 9.09139497e-02]]
Estimated pose: 
(0.186017, 0.00221043, 0.022598)

Current pose: (0.18601724916419035, 0.0022104313329862823, 0.02259798698794394)
Goal pose: (0.5, 0, 0)
Dist: 0.31399053143223915
Moving to goal, dist: 0.31399053143223915, theta_diff: -0.029637847652017157
dt=0.09984755516052246
raw_control = 0.15699526571611958 + 0.0 + -0.0 = 0.15699526571611958
dt=0.09984326362609863
raw_control = -0.02074649335641201 + 0.0 + -0.0 = -0.02074649335641201
Velocities: 0.15699526571611958 -0.02074649335641201
Rel pose: (0.0123247, 9.93659e-06, 0.00244346)

Landmark 682 range: 0.7537713349373654 bearing: 0.31316982945310334
Raw z: 0.8121827229102714,x: -0.23221873250650085 y: -0.0029016487198473737
Landmark 683 range: 0.8831617440762853 bearing: -0.2924356678500516
Raw z: 0.9746372636176633,x: 0.25460258224857507 y: -0.12173018880270213
Estimated landmark positions:
682: [0.87327133 0.25021403]
683: [ 1.03917338 -0.2297442 ]
Odometry measurement
[0.19906961712369098, 0.0007249941547513294, 0.00977384381116825]
Covariance:
[[1.88136555e-03 4.98779636e-05 3.83117587e-04]
 [4.98779636e-05 3.57622196e-03 9.82746752e-03]
 [3.83117587e-04 9.82746752e-03 9.19870798e-02]]
Estimated pose: 
(0.198195, 0.00258082, 0.0268047)

Current pose: (0.1981950819073463, 0.0025808232657731807, 0.026804679120847105)
Goal pose: (0.5, 0, 0)
Dist: 0.3018159525830975
Moving to goal, dist: 0.3018159525830975, theta_diff: -0.035355766947916756
dt=0.09996557235717773
raw_control = 0.15090797629154876 + 0.0 + -0.0 = 0.15090797629154876
dt=0.09996342658996582
raw_control = -0.024749036863541726 + 0.0 + -0.0 = -0.024749036863541726
Velocities: 0.15090797629154876 -0.024749036863541726
Rel pose: (0.0142438, -2.23071e-05, -0.0020944)

Landmark 682 range: 0.743774452105106 bearing: 0.31929870552880363
Raw z: 0.799959247200003,x: -0.23347138792357644 y: 0.0021310651494814326
Landmark 683 range: 0.8773484454537597 bearing: -0.2929666000072297
Raw z: 0.9672233535878495,x: 0.25337269404135426 y: -0.11743810120261801
Estimated landmark positions:
682: [0.8753263  0.25069033]
683: [ 1.04319829 -0.22860909]
Odometry measurement
[0.21331291121693138, 0.0008419021825352527, 0.007679448708775017]
Covariance:
[[1.97777629e-03 5.48203586e-05 4.00306654e-04]
 [5.48203586e-05 3.93815812e-03 1.06096810e-02]
 [4.00306654e-04 1.06096810e-02 9.27902493e-02]]
Estimated pose: 
(0.212272, 0.00302365, 0.0263754)

Current pose: (0.2122723379218289, 0.0030236474097651424, 0.026375415496022864)
Goal pose: (0.5, 0, 0)
Dist: 0.287743548960926
Moving to goal, dist: 0.287743548960926, theta_diff: -0.0368837416394614
dt=0.10083293914794922
raw_control = 0.143871774480463 + 0.0 + -0.0 = 0.143871774480463
dt=0.10083556175231934
raw_control = -0.025818619147622977 + 0.0 + -0.0 = -0.025818619147622977
Velocities: 0.143871774480463 -0.025818619147622977
Rel pose: (0.00904096, 5.80565e-06, 0.000698132)

Landmark 683 range: 0.8677511487258811 bearing: -0.29698227326760623
Raw z: 0.9546866829511752,x: 0.2539351565829344 y: -0.10947428782987381
Landmark 682 range: 0.7345972022279832 bearing: 0.32431550490145505
Raw z: 0.788854385355984,x: -0.2340867803300408 y: 0.010659349832267496
Estimated landmark positions:
682: [0.87710554 0.25114421]
683: [ 1.04569397 -0.22781325]
Odometry measurement
[0.22235355868326362, 0.0009171365544692491, 0.008377580409572816]
Covariance:
[[2.07403340e-03 6.27433043e-05 4.43174553e-04]
 [6.27433043e-05 4.20260788e-03 1.09371077e-02]
 [4.43174553e-04 1.09371077e-02 9.34167230e-02]]
Estimated pose: 
(0.221158, 0.00331087, 0.0281953)

Current pose: (0.2211580593250363, 0.0033108660689813423, 0.02819531796824799)
Goal pose: (0.5, 0, 0)
Dist: 0.2788615959817822
Moving to goal, dist: 0.2788615959817822, theta_diff: -0.04006839015416741
dt=0.10016512870788574
raw_control = 0.1394307979908911 + 0.0 + -0.0 = 0.1394307979908911
dt=0.10016512870788574
raw_control = -0.028047873107917187 + 0.0 + -0.0 = -0.028047873107917187
Velocities: 0.1394307979908911 -0.028047873107917187
Rel pose: (0.0109174, -1.06735e-05, -0.0020944)

Landmark 682 range: 0.7296221527910788 bearing: 0.3266932581729707
Raw z: 0.7829314862817189,x: -0.23414519355531915 y: 0.01690727169185795
Landmark 683 range: 0.8626346324685035 bearing: -0.2974266193963673
Raw z: 0.947836416419502,x: 0.2528043838312072 y: -0.10241501469781729
Estimated landmark positions:
682: [0.87896094 0.25160764]
683: [ 1.04831175 -0.22687152]
Odometry measurement
[0.23327064446750087, 0.000997923626729046, 0.006283185307179586]
Covariance:
[[2.16951532e-03 6.65184933e-05 4.58830573e-04]
 [6.65184933e-05 4.51685136e-03 1.14422988e-02]
 [4.58830573e-04 1.14422988e-02 9.38431541e-02]]
Estimated pose: 
(0.23189, 0.00367618, 0.0276356)

Current pose: (0.2318895686829869, 0.0036761768195979474, 0.027635561072944684)
Goal pose: (0.5, 0, 0)
Dist: 0.26813563294907994
Moving to goal, dist: 0.26813563294907994, theta_diff: -0.04134612969868634
dt=0.09987664222717285
raw_control = 0.13406781647453997 + 0.0 + -0.0 = 0.13406781647453997
dt=0.09987473487854004
raw_control = -0.028942290789080435 + 0.0 + -0.0 = -0.028942290789080435
Velocities: 0.13406781647453997 -0.028942290789080435
Rel pose: (0.0122821, 7.44313e-09, -0.000174533)

Landmark 682 range: 0.7201734375881506 bearing: 0.32977852989824685
Raw z: 0.7717109511921976,x: -0.23321628515722614 y: 0.022483710652829093
Landmark 683 range: 0.8555529696601833 bearing: -0.2998988730578605
Raw z: 0.9386894604095993,x: 0.25275053391801033 y: -0.09655873657283666
Estimated landmark positions:
682: [0.8807308  0.25204817]
683: [ 1.05091402 -0.22587652]
Odometry measurement
[0.24555246245203202, 0.001075101023828306, 0.006108652381980108]
Covariance:
[[2.26473856e-03 7.57933760e-05 4.96550638e-04]
 [7.57933760e-05 4.87396814e-03 1.20652427e-02]
 [4.96550638e-04 1.20652427e-02 9.40931295e-02]]
Estimated pose: 
(0.243968, 0.00409266, 0.0290047)

Current pose: (0.24396845222807376, 0.004092664065980512, 0.02900465513771719)
Goal pose: (0.5, 0, 0)
Dist: 0.25606425629838525
Moving to goal, dist: 0.25606425629838525, theta_diff: -0.0449882929703076
dt=0.10036563873291016
raw_control = 0.12803212814919263 + 0.0 + -0.0 = 0.12803212814919263
dt=0.1003713607788086
raw_control = -0.03149180507921532 + 0.0 + -0.0 = -0.03149180507921532
Velocities: 0.12803212814919263 -0.03149180507921532
Rel pose: (0.00797481, -6.1778e-07, 0.000174533)

Landmark 682 range: 0.7157123756751526 bearing: 0.33262562528495526
Raw z: 0.7664892051717034,x: -0.2336985998945516 y: 0.029163434252568173
Landmark 683 range: 0.851797839141394 bearing: -0.3025720427748579
Raw z: 0.9333914480210017,x: 0.25381564748031116 y: -0.08975863773148784
Estimated landmark positions:
682: [0.88245237 0.25249568]
683: [ 1.05334247 -0.22510272]
Odometry measurement
[0.25352712728046334, 0.0011231982930560724, 0.006283185307179586]
Covariance:
[[2.35947092e-03 8.40948393e-05 5.36744528e-04]
 [8.40948393e-05 5.13619058e-03 1.23107342e-02]
 [5.36744528e-04 1.23107342e-02 9.42829915e-02]]
Estimated pose: 
(0.251725, 0.00438014, 0.0304971)

Current pose: (0.2517253791264644, 0.004380140230859255, 0.030497129247570958)
Goal pose: (0.5, 0, 0)
Dist: 0.24831325578458316
Moving to goal, dist: 0.24831325578458316, theta_diff: -0.04813761887410273
dt=0.10056900978088379
raw_control = 0.12415662789229158 + 0.0 + -0.0 = 0.12415662789229158
dt=0.1005702018737793
raw_control = -0.033696333211871904 + 0.0 + -0.0 = -0.033696333211871904
Velocities: 0.12415662789229158 -0.033696333211871904
Rel pose: (0.00951006, -7.38359e-06, -0.0015708)

Landmark 682 range: 0.7071979494377693 bearing: 0.3371055078476298
Raw z: 0.7564199766836142,x: -0.23391060354954699 y: 0.0352700020865096
Landmark 683 range: 0.845212488076382 bearing: -0.3033181163657625
Raw z: 0.9249909040862805,x: 0.25245524319747686 y: -0.08361475237900719
Estimated landmark positions:
682: [0.8840334  0.25290623]
683: [ 1.05555318 -0.22432764]
Odometry measurement
[0.2630370498326374, 0.0011755679470499753, 0.004712388980384675]
Covariance:
[[2.45331153e-03 8.84118159e-05 5.54252518e-04]
 [8.84118159e-05 5.44309564e-03 1.27100204e-02]
 [5.54252518e-04 1.27100204e-02 9.43915012e-02]]
Estimated pose: 
(0.26101, 0.00471894, 0.0301507)

Current pose: (0.2610101831877163, 0.004718941062796319, 0.030150672289883974)
Goal pose: (0.5, 0, 0)
Dist: 0.23903640087803169
Moving to goal, dist: 0.23903640087803169, theta_diff: -0.049893471361746045
dt=0.09985041618347168
raw_control = 0.11951820043901584 + 0.0 + -0.0 = 0.11951820043901584
dt=0.09984922409057617
raw_control = -0.03492542995322223 + 0.0 + -0.0 = -0.03492542995322223
Velocities: 0.11951820043901584 -0.03492542995322223
Rel pose: (0.0114718, 4.92736e-06, -0.000349066)

Landmark 682 range: 0.699640076450672 bearing: 0.34178784962099307
Raw z: 0.7475559054982609,x: -0.23449980696592762 y: 0.04183779049190082
Landmark 683 range: 0.8364274440690116 bearing: -0.30626544154657587
Raw z: 0.9138689587817823,x: 0.2521828509784798 y: -0.07745799752087547
Estimated landmark positions:
682: [0.88559705 0.25331972]
683: [ 1.05755618 -0.22359335]
Odometry measurement
[0.2745086831565788, 0.0012345545577034846, 0.004363323129985774]
Covariance:
[[2.54671368e-03 9.74767652e-05 5.86023540e-04]
 [9.74767652e-05 5.80912567e-03 1.32833346e-02]
 [5.86023540e-04 1.32833346e-02 9.44133324e-02]]
Estimated pose: 
(0.272237, 0.005119, 0.0309076)

Current pose: (0.2722374792248936, 0.005119004909523241, 0.030907592107013188)
Goal pose: (0.5, 0, 0)
Dist: 0.22782003880496224
Moving to goal, dist: 0.22782003880496224, theta_diff: -0.05337899444966787
dt=0.09995079040527344
raw_control = 0.11391001940248112 + 0.0 + -0.0 = 0.11391001940248112
dt=0.0999460220336914
raw_control = -0.03736529611476751 + 0.0 + -0.0 = -0.03736529611476751
Velocities: 0.11391001940248112 -0.03736529611476751
Rel pose: (0.00716454, 1.22067e-06, 0)

Landmark 682 range: 0.6895768906281688 bearing: 0.3438733995151844
Raw z: 0.7357310149264905,x: -0.23248136477707124 y: 0.0446483807901746
Landmark 683 range: 0.8302899427600015 bearing: -0.3078416053712287
Raw z: 0.9062102462998163,x: 0.2515798584660011 y: -0.07386529342491799
Estimated landmark positions:
682: [0.88690573 0.25365633]
683: [ 1.05930926 -0.22282021]
Odometry measurement
[0.2816731448361534, 0.0012670363038174103, 0.004363323129985774]
Covariance:
[[0.00263952 0.00010538 0.00062128]
 [0.00010538 0.00606881 0.01347896]
 [0.00062128 0.01347896 0.09445339]]
Estimated pose: 
(0.279172, 0.0053966, 0.0319424)

Current pose: (0.2791724038337668, 0.005396599880958689, 0.031942362675042725)
Goal pose: (0.5, 0, 0)
Dist: 0.22089352756210884
Moving to goal, dist: 0.22089352756210884, theta_diff: -0.05637556777155428
dt=0.10212540626525879
raw_control = 0.11044676378105442 + 0.0 + -0.0 = 0.11044676378105442
dt=0.10213327407836914
raw_control = -0.03946289744008799 + 0.0 + -0.0 = -0.03946289744008799
Velocities: 0.11044676378105442 -0.03946289744008799
Rel pose: (0.00690866, 1.02715e-06, 0.0010472)

Landmark 682 range: 0.6852554679975204 bearing: 0.3473061346992078
Raw z: 0.7307868396922399,x: -0.23323767822501185 y: 0.050085354645375765
Landmark 683 range: 0.8265207438905773 bearing: -0.30966480510761907
Raw z: 0.9012213451360188,x: 0.2518734372035815 y: -0.06868614507470754
Estimated landmark positions:
682: [0.88817442 0.25399267]
683: [ 1.06098553 -0.22218083]
Odometry measurement
[0.28858173300606, 0.0012982080604525162, 0.005410520681182362]
Covariance:
[[0.00273181 0.00011582 0.00066556]
 [0.00011582 0.00632536 0.01367283]
 [0.00066556 0.01367283 0.09449724]]
Estimated pose: 
(0.285838, 0.00564491, 0.0335226)

Current pose: (0.2858376532686372, 0.00564491120299995, 0.033522618400999946)
Goal pose: (0.5, 0, 0)
Dist: 0.21423672836368235
Moving to goal, dist: 0.21423672836368235, theta_diff: -0.05987461056083365
dt=0.09824776649475098
raw_control = 0.10711836418184117 + 0.0 + -0.0 = 0.10711836418184117
dt=0.09824419021606445
raw_control = -0.04191222739258355 + 0.0 + -0.0 = -0.04191222739258355
Velocities: 0.10711836418184117 -0.04191222739258355
Rel pose: (0.0114718, -2.11832e-05, -0.00314159)

Landmark 683 range: 0.8215109561589377 bearing: -0.31061129448908975
Raw z: 0.8948161532796641,x: 0.25108721300379305 y: -0.0629712656765553
Landmark 682 range: 0.6803380458331942 bearing: 0.3513032403536857
Raw z: 0.7251869219969296,x: -0.23411911507338726 y: 0.05592493862241191
Estimated landmark positions:
682: [0.8895461  0.25435334]
683: [ 1.06285044 -0.22149098]
Odometry measurement
[0.30005344163961456, 0.0013390931183024665, 0.0022689280275925987]
Covariance:
[[0.0028225  0.00011607 0.00065915]
 [0.00011607 0.0067145  0.01427791]
 [0.00065915 0.01427791 0.0944668 ]]
Estimated pose: 
(0.297014, 0.00606746, 0.0315422)

Current pose: (0.2970138967474943, 0.006067462086790798, 0.031542218090931724)
Goal pose: (0.5, 0, 0)
Dist: 0.20307676432770821
Moving to goal, dist: 0.20307676432770821, theta_diff: -0.06142434262779517
dt=0.10016965866088867
raw_control = 0.10153838216385411 + 0.0 + -0.0 = 0.10153838216385411
dt=0.10016775131225586
raw_control = -0.042997039839456616 + 0.0 + -0.0 = -0.042997039839456616
Velocities: 0.10153838216385411 -0.042997039839456616
Rel pose: (0.00682337, 1.74914e-06, 0.000698132)

Landmark 682 range: 0.6740148654350232 bearing: 0.35456086251735763
Raw z: 0.7178156911651757,x: -0.23400352119490692 y: 0.05914405325511009
Landmark 683 range: 0.8128346485391544 bearing: -0.3130089405785233
Raw z: 0.8842126813264263,x: 0.2502902935104867 y: -0.06033310968601085
Estimated landmark positions:
682: [0.89080842 0.25468887]
683: [ 1.0643133  -0.22082766]
Odometry measurement
[0.30687678682537534, 0.0013563239660805888, 0.0029670597283903417]
Covariance:
[[0.00291326 0.000127   0.00070303]
 [0.000127   0.0069779  0.01446598]
 [0.00070303 0.01446598 0.09447877]]
Estimated pose: 
(0.303553, 0.00632136, 0.0330445)

Current pose: (0.30355297887188093, 0.0063213619137564726, 0.033044525207480566)
Goal pose: (0.5, 0, 0)
Dist: 0.1965487006483542
Moving to goal, dist: 0.1965487006483542, theta_diff: -0.06521188212366713
dt=0.10042762756347656
raw_control = 0.0982743503241771 + 0.0 + -0.0 = 0.0982743503241771
dt=0.10042738914489746
raw_control = -0.04564831748656699 + 0.0 + -0.0 = -0.04564831748656699
Velocities: 0.0982743503241771 -0.04564831748656699
Rel pose: (0.00605573, -5.53769e-06, -0.000349066)

Landmark 682 range: 0.6696400996620862 bearing: 0.35628848388072876
Raw z: 0.7129119551315233,x: -0.23356927396909047 y: 0.06310061926055467
Landmark 683 range: 0.809932148717185 bearing: -0.3160885753165374
Raw z: 0.8802814420713594,x: 0.2517684620910716 y: -0.05596640572785237
Estimated landmark positions:
682: [0.89201168 0.25501262]
683: [ 1.06573961 -0.22027744]
Odometry measurement
[0.31293251135936706, 0.0013687539970804136, 0.002617993877991443]
Covariance:
[[0.00300305 0.00013441 0.00073445]
 [0.00013441 0.00722232 0.01460564]
 [0.00073445 0.01460564 0.09452183]]
Estimated pose: 
(0.309311, 0.00655608, 0.0337223)

Current pose: (0.30931149523189094, 0.006556075069987686, 0.03372232115139743)
Goal pose: (0.5, 0, 0)
Dist: 0.1908011739246393
Moving to goal, dist: 0.1908011739246393, theta_diff: -0.06808985519893085
dt=0.10276365280151367
raw_control = 0.09540058696231965 + 0.0 + -0.0 = 0.09540058696231965
dt=0.10276937484741211
raw_control = -0.04766289863925159 + 0.0 + -0.0 = -0.04766289863925159
Velocities: 0.09540058696231965 -0.04766289863925159
Rel pose: (0.00997917, 7.44314e-07, 0.0010472)

Landmark 682 range: 0.6656462439695613 bearing: 0.35981613130332907
Raw z: 0.7081486574125897,x: -0.2343754704407339 y: 0.06457907983029407
Landmark 683 range: 0.8039506007992835 bearing: -0.31828728518336075
Raw z: 0.8730240481504478,x: 0.2515885666977052 y: -0.055388677470971835
Estimated landmark positions:
682: [0.89328533 0.25535825]
683: [ 1.06719564 -0.21971174]
Odometry measurement
[0.32291164875008227, 0.0013956236936874089, 0.003665191429188031]
Covariance:
[[0.00309231 0.00014991 0.00078262]
 [0.00014991 0.00758586 0.01509957]
 [0.00078262 0.01509957 0.09451732]]
Estimated pose: 
(0.31895, 0.00691766, 0.0354399)

Current pose: (0.31894977008802355, 0.006917663524119662, 0.035439898140445916)
Goal pose: (0.5, 0, 0)
Dist: 0.18118233859792313
Moving to goal, dist: 0.18118233859792313, theta_diff: -0.0736298530831645
dt=0.0977315902709961
raw_control = 0.09059116929896156 + 0.0 + -0.0 = 0.09059116929896156
dt=0.09773039817810059
raw_control = -0.051540897158215145 + 0.0 + -0.0 = -0.051540897158215145
Velocities: 0.09059116929896156 -0.051540897158215145
Rel pose: (0.00528811, -2.61254e-06, -0.00139626)

Landmark 683 range: 0.7965253286497516 bearing: -0.31947017595450905
Raw z: 0.8638917021043389,x: 0.25015960323707215 y: -0.05086706549242869
Landmark 682 range: 0.6620262731646026 bearing: 0.36374627746437477
Raw z: 0.7040752027826862,x: -0.23553430545589987 y: 0.0688493968921388
Estimated landmark positions:
682: [0.89450157 0.25569348]
683: [ 1.0683323 -0.2191938]
Odometry measurement
[0.3281997305935606, 0.0014123930541732857, 0.0022689280275925987]
Covariance:
[[0.00318001 0.00015123 0.00079376]
 [0.00015123 0.00781378 0.01518086]
 [0.00079376 0.01518086 0.0945701 ]]
Estimated pose: 
(0.323904, 0.00711302, 0.0346995)

Current pose: (0.32390436580888654, 0.007113018987851978, 0.03469945610787842)
Goal pose: (0.5, 0, 0)
Dist: 0.17623923348758638
Moving to goal, dist: 0.17623923348758638, theta_diff: -0.07507044142751162
dt=0.09976768493652344
raw_control = 0.08811961674379319 + 0.0 + -0.0 = 0.08811961674379319
dt=0.09977197647094727
raw_control = -0.05254930899925814 + 0.0 + -0.0 = -0.05254930899925814
Velocities: 0.08811961674379319 -0.05254930899925814
Rel pose: (0.00597044, 5.70144e-06, 0.00226893)

Landmark 682 range: 0.6565020521782438 bearing: 0.363265802186157
Raw z: 0.6984798044942477,x: -0.23327408846759107 y: 0.07702168806951458
Landmark 683 range: 0.7962634752887997 bearing: -0.3235843607817466
Raw z: 0.8628068568077134,x: 0.25318545654568086 y: -0.0416838065772099
Estimated landmark positions:
682: [0.89563046 0.25600289]
683: [ 1.06961202 -0.21874016]
Odometry measurement
[0.33417014389611227, 0.0014316409717819358, 0.004537856055185253]
Covariance:
[[0.003268   0.00017052 0.00086056]
 [0.00017052 0.00806319 0.01533833]
 [0.00086056 0.01533833 0.09463865]]
Estimated pose: 
(0.329522, 0.00734478, 0.0376674)

Current pose: (0.3295219271119964, 0.0073447780482571974, 0.03766738881482382)
Goal pose: (0.5, 0, 0)
Dist: 0.17063621860609085
Moving to goal, dist: 0.17063621860609085, theta_diff: -0.08072417943975463
dt=0.10015130043029785
raw_control = 0.08531810930304543 + 0.0 + -0.0 = 0.08531810930304543
dt=0.10014605522155762
raw_control = -0.05650692560782824 + 0.0 + -0.0 = -0.05650692560782824
Velocities: 0.08531810930304543 -0.05650692560782824
Rel pose: (0.00912625, -1.12391e-06, -0.00139626)

Landmark 682 range: 0.6526932382738232 bearing: 0.3666391108972235
Raw z: 0.6939887442125056,x: -0.23397743728261008 y: 0.0784733462160704
Landmark 683 range: 0.7901919192771002 bearing: -0.3254959376482514
Raw z: 0.8554577437142302,x: 0.25268656227293596 y: -0.04082386994116673
Estimated landmark positions:
682: [0.89681013 0.25632671]
683: [ 1.07087835 -0.21825747]
Odometry measurement
[0.34329630826207913, 0.0014719305507586793, 0.0031415926535897643]
Covariance:
[[0.00335391 0.00017644 0.00087427]
 [0.00017644 0.00841417 0.01578185]
 [0.00087427 0.01578185 0.09466518]]
Estimated pose: 
(0.338252, 0.00771426, 0.0372327)

Current pose: (0.33825229924442407, 0.007714255905981165, 0.03723267192437838)
Goal pose: (0.5, 0, 0)
Dist: 0.16193155481220547
Moving to goal, dist: 0.16193155481220547, theta_diff: -0.08488970073562552
dt=0.10045504570007324
raw_control = 0.08096577740610274 + 0.0 + -0.0 = 0.08096577740610274
dt=0.10045504570007324
raw_control = -0.05942279051493786 + 0.0 + -0.0 = -0.05942279051493786
Velocities: 0.08096577740610274 -0.05942279051493786
Rel pose: (0.00516017, -2.89538e-06, -0.000523599)

Landmark 683 range: 0.7877571813695717 bearing: -0.3259413285038104
Raw z: 0.8523943892142899,x: 0.2522403968838884 y: -0.03743679503187534
Landmark 682 range: 0.6486244455269757 bearing: 0.37105997577206934
Raw z: 0.6893689299361055,x: -0.23519347664130413 y: 0.08186637110816186
Estimated landmark positions:
682: [0.89792195 0.25663534]
683: [ 1.07210783 -0.21786429]
Odometry measurement
[0.34845646213308895, 0.0014852463105727123, 0.002617993877991443]
Covariance:
[[0.00343907 0.00018155 0.00089656]
 [0.00018155 0.00864374 0.01587164]
 [0.00089656 0.01587164 0.09474132]]
Estimated pose: 
(0.343012, 0.00790872, 0.037233)

Current pose: (0.34301184832180026, 0.007908715494207422, 0.03723302282266427)
Goal pose: (0.5, 0, 0)
Dist: 0.15718723723033548
Moving to goal, dist: 0.15718723723033548, theta_diff: -0.08756825521766753
dt=0.0999903678894043
raw_control = 0.07859361861516774 + 0.0 + -0.0 = 0.07859361861516774
dt=0.0999901294708252
raw_control = -0.06129777865236727 + 0.0 + -0.0 = -0.06129777865236727
Velocities: 0.07859361861516774 -0.06129777865236727
Rel pose: (0.00469106, -9.75051e-07, -0.00122173)

Landmark 683 range: 0.7832586959645812 bearing: -0.32661036611812855
Raw z: 0.8468762708826738,x: 0.25129636179799786 y: -0.03373310889711102
Landmark 682 range: 0.6449231076913338 bearing: 0.37424547829508165
Raw z: 0.685395826696312,x: -0.23576475762131244 y: 0.08622992026596395
Estimated landmark positions:
682: [0.89897401 0.2569286 ]
683: [ 1.07320268 -0.21749505]
Odometry measurement
[0.35314751318034715, 0.0014965524270885795, 0.0013962634015954323]
Covariance:
[[0.00352303 0.00018267 0.00090772]
 [0.00018267 0.00886043 0.01593826]
 [0.00090772 0.01593826 0.09484815]]
Estimated pose: 
(0.347302, 0.00808292, 0.0365448)

Current pose: (0.3473020740131934, 0.008082922944268317, 0.03654482564519546)
Goal pose: (0.5, 0, 0)
Dist: 0.15291170734772155
Moving to goal, dist: 0.15291170734772155, theta_diff: -0.0894295394751472
dt=0.09991288185119629
raw_control = 0.07645585367386078 + 0.0 + -0.0 = 0.07645585367386078
dt=0.09991121292114258
raw_control = -0.06260067763260303 + 0.0 + -0.0 = -0.06260067763260303
Velocities: 0.07645585367386078 -0.06260067763260303
Rel pose: (0.00780423, 2.39669e-06, -0.000349066)

Landmark 683 range: 0.7821461858191626 bearing: -0.32823644646542316
Raw z: 0.8452192729970193,x: 0.2521436954311119 y: -0.027339064788892427
Landmark 682 range: 0.6407076581314882 bearing: 0.37598181726954705
Raw z: 0.6810581612260351,x: -0.23525884426397936 y: 0.09145495164402846
Estimated landmark positions:
682: [0.90003143 0.25722026]
683: [ 1.07445745 -0.2171104 ]
Odometry measurement
[0.36095172775438106, 0.0015098458663110339, 0.0010471975511965326]
Covariance:
[[0.00360632 0.00019215 0.00093518]
 [0.00019215 0.00917753 0.01628708]
