Robot Name: locobot
Robot Model: locobot_px100
Initialized InterbotixRobotXSCore!

Turret Group Name: camera
Pan Name: pan, Profile Type: time, Profile Velocity: 2.0, Profile Acceleration: 0.3
Tilt Name: tilt, Profile Type: time, Profile Velocity: 2.0, Profile Acceleration: 0.3
Initialized InterbotixTurretXSInterface!

Initialized InterbotixKobukiInterface!

Arm Group Name: arm
Moving Time: 2.00 seconds
Acceleration Time: 0.30 seconds
Drive Mode: Time-Based-Profile
Initialized InterbotixArmXSInterface!

Gripper Name: gripper
Gripper Pressure: 50%
Initialized InterbotixGripperXSInterface!

Reset odom:[0.0, 0.0, 0.0]
Estimated landmark positions:
Starting move to goal: (0.5, 0.5, 0)
Rel pose: (0, 0, 0)

Landmark 682 range: 0.8740605507906123 bearing: 0.31101118764214
Raw z: 0.9600554091998122,x: -0.26748129309681756 y: -0.09999967596630648
Initial estimate for 682: (0.8321271563238656, 0.26748129309681756)
Landmark 683 range: 1.0044884024211527 bearing: -0.2168241380224319
Raw z: 1.1398530547597332,x: 0.21609479862228853 y: -0.22847366130837057
Initial estimate for 683: (0.9809689029765378, -0.21609479862228853)
Estimated landmark positions:
682: [0.83212716 0.26748129]
683: [ 0.9809689 -0.2160948]
Odometry measurement
[0.0, 0.0, 0.0]
Covariance:
[[2.00000000e-04 3.46944695e-26 0.00000000e+00]
 [3.46944695e-26 2.00000000e-04 0.00000000e+00]
 [0.00000000e+00 0.00000000e+00 9.73828555e-03]]
Estimated pose: 
(0, 0, 7.20202e-34)

Current pose: (0.0, 0.0, 7.202018205607237e-34)
Goal pose: (0.5, 0.5, 0)
Dist: 0.7071067811865476
Moving to goal, dist: 0.7071067811865476, theta_diff: 0.7853981633974483
dt=0
raw_control = 0.3535533905932738 + 0.0 + 0 = 0.3535533905932738
dt=0
raw_control = 0.5497787143782138 + 0.0 + 0 = 0.5497787143782138
Velocities: 0.2 0.5497787143782138
Rel pose: (0, 0, 0)

Landmark 682 range: 0.8740695174332637 bearing: 0.3109520506986565
Raw z: 0.9600924300078724,x: -0.2674348266528411 y: -0.10021068825087408
Landmark 683 range: 1.004793330360408 bearing: -0.21684256042634523
Raw z: 1.140244811188304,x: 0.21617847478427207 y: -0.2286544890179383
Estimated landmark positions:
682: [0.83213911 0.26745867]
683: [ 0.98111593 -0.21613591]
Odometry measurement
[0.0, 0.0, 0.0]
Covariance:
[[ 2.99959453e-04  1.73310588e-09  2.51862989e-07]
 [ 1.73310588e-09  2.99956172e-04 -3.82487692e-06]
 [ 2.51862989e-07 -3.82487692e-06  1.90189258e-02]]
Estimated pose: 
(-6.4551e-08, 2.84284e-08, 1.43833e-06)

Current pose: (-6.455096654135872e-08, 2.8428379682054325e-08, 1.438327410287458e-06)
Goal pose: (0.5, 0.5, 0)
Dist: 0.7071068067290767
Moving to goal, dist: 0.7071068067290767, theta_diff: 0.7853966320906951
dt=0.10030293464660645
raw_control = 0.35355340336453833 + 0.0 + 0.0 = 0.35355340336453833
dt=0.10033702850341797
raw_control = 0.5497776424634865 + 0.0 + -0.0 = 0.5497776424634865
Velocities: 0.2 0.5497776424634865
Rel pose: (0.00226024, 2.6051e-07, 0.000349066)

Landmark 682 range: 0.87437979689366 bearing: 0.31078086356624207
Raw z: 0.9604823010322106,x: -0.267387253241539 y: -0.10031935545478977
Landmark 683 range: 1.0042442181580522 bearing: -0.21699192679252408
Raw z: 1.1395607554428808,x: 0.21620681996592295 y: -0.2284938089984227
Estimated landmark positions:
682: [0.83297859 0.2675316 ]
683: [ 0.98175319 -0.21604524]
Odometry measurement
[0.0022602403181044353, 2.6050985795852186e-07, 0.00034906585039884424]
Covariance:
[[3.99837898e-04 7.65672932e-09 9.79531303e-07]
 [7.65672932e-09 3.99893635e-04 2.74584845e-05]
 [9.79531303e-07 2.74584845e-05 2.76360078e-02]]
Estimated pose: 
(0.00225838, 1.63162e-07, 0.000349318)

Current pose: (0.0022583824693609136, 1.6316190063078353e-07, 0.0003493178130702302)
Goal pose: (0.5, 0.5, 0)
Dist: 0.7055115552988079
Moving to goal, dist: 0.7055115552988079, theta_diff: 0.7873121728637533
dt=0.09976387023925781
raw_control = 0.35275577764940397 + 0.0 + -0.0 = 0.35275577764940397
dt=0.09974241256713867
raw_control = 0.5511185210046273 + 0.0 + 0.0 = 0.5511185210046273
Velocities: 0.2 0.5511185210046273
Rel pose: (0.00341163, 1.31295e-05, 0.0167552)

Landmark 682 range: 0.8347493025391081 bearing: 0.272015176984846
Raw z: 0.9161448356011862,x: -0.224274651711207 y: -0.0980369820310209
Estimated landmark positions:
682: [0.82615069 0.26041691]
683: [ 0.98181469 -0.21577663]
Odometry measurement
[0.005671864554423089, 1.4580921749518891e-05, 0.017104226669544368]
Covariance:
[[4.99715864e-04 3.20054971e-08 5.75487598e-06]
 [3.20054971e-08 5.00210632e-04 1.08511611e-04]
 [5.75487598e-06 1.08511611e-04 3.62827554e-02]]
Estimated pose: 
(0.00568514, 3.77738e-05, 0.0183649)

Current pose: (0.0056851389859946125, 3.777381262927411e-05, 0.0183648850785547)
Goal pose: (0.5, 0.5, 0)
Dist: 0.7030714113328227
Moving to goal, dist: 0.7030714113328227, theta_diff: 0.7727130878181611
dt=0.10005950927734375
raw_control = 0.35153570566641135 + 0.0 + -0.0 = 0.35153570566641135
dt=0.10005593299865723
raw_control = 0.5408991614727127 + 0.0 + -0.0 = 0.5408991614727127
Velocities: 0.2 0.5408991614727127
Rel pose: (0.0111692, 0.000255958, 0.0541052)

Landmark 682 range: 0.8414958341607939 bearing: 0.2227008122080061
Raw z: 0.9272919569125471,x: -0.1858565900683026 y: -0.10070296174786995
Estimated landmark positions:
682: [0.82524713 0.25766947]
683: [ 0.98184422 -0.21564217]
Odometry measurement
[0.016835007185093523, 0.00046153231980956334, 0.07120943348136868]
Covariance:
[[5.99533285e-04 4.00458312e-07 2.82260750e-05]
 [4.00458312e-07 6.06520463e-04 4.81856077e-04]
 [2.82260750e-05 4.81856077e-04 4.43122306e-02]]
Estimated pose: 
(0.0168499, 0.000521731, 0.0735556)

Current pose: (0.016849910479840163, 0.0005217310669275495, 0.07355561423803272)
Goal pose: (0.5, 0.5, 0)
Dist: 0.6949190961109912
Moving to goal, dist: 0.6949190961109912, theta_diff: 0.7284578612242008
dt=0.10010242462158203
raw_control = 0.3474595480554956 + 0.0 + -0.0 = 0.3474595480554956
dt=0.10009407997131348
raw_control = 0.5099205028569405 + 0.0 + -0.0 = 0.5099205028569405
Velocities: 0.2 0.5099205028569405
Rel pose: (0.0160299, 0.000333181, 0.0486947)

Landmark 682 range: 0.8418978598148583 bearing: 0.174725198672519
Raw z: 0.9299368093361808,x: -0.14635344182142554 y: -0.09954437271478683
Estimated landmark positions:
682: [0.82726397 0.25644185]
683: [ 0.98186505 -0.21554124]
Odometry measurement
[0.03280058616946949, 0.001934385284170523, 0.11990411961201045]
Covariance:
[[6.99349646e-04 2.14578513e-06 7.52124730e-05]
 [2.14578513e-06 7.31470744e-04 1.12656277e-03]
 [7.52124730e-05 1.12656277e-03 5.16427419e-02]]
Estimated pose: 
(0.032797, 0.00206336, 0.123519)

Current pose: (0.032797032394130184, 0.0020633622509682427, 0.12351948746688036)
Goal pose: (0.5, 0.5, 0)
Dist: 0.6828026861052481
Moving to goal, dist: 0.6828026861052481, theta_diff: 0.6937116750676019
dt=0.0999302864074707
raw_control = 0.34140134305262404 + 0.0 + -0.0 = 0.34140134305262404
dt=0.09992766380310059
raw_control = 0.4855981725473213 + 0.0 + -0.0 = 0.4855981725473213
Velocities: 0.2 0.4855981725473213
Rel pose: (0.0144541, 0.000240425, 0.0389208)

Landmark 682 range: 0.8416798403388285 bearing: 0.13440727316481227
Raw z: 0.9311563271716026,x: -0.11278758458191822 y: -0.0991997120541805
Estimated landmark positions:
682: [0.83068315 0.25594436]
683: [ 0.98188154 -0.21545711]
Odometry measurement
[0.04712213278772493, 0.003902038248617444, 0.158824961931484]
Covariance:
[[7.99240575e-04 5.73989566e-06 1.38290070e-04]
 [5.73989566e-06 8.71167813e-04 1.76901796e-03]
 [1.38290070e-04 1.76901796e-03 5.82497982e-02]]
Estimated pose: 
(0.0470774, 0.00412449, 0.16399)

Current pose: (0.0470774157843627, 0.004124488280548788, 0.16398972772306963)
Goal pose: (0.5, 0.5, 0)
Dist: 0.6715887062894957
Moving to goal, dist: 0.6715887062894957, theta_diff: 0.6666484297095318
dt=0.10012984275817871
raw_control = 0.33579435314474787 + 0.0 + -0.0 = 0.33579435314474787
dt=0.1001288890838623
raw_control = 0.4666539007966722 + 0.0 + -0.0 = 0.4666539007966722
Velocities: 0.2 0.4666539007966722
Rel pose: (0.0110867, 0.000132918, 0.037001)

Landmark 682 range: 0.8260055455954441 bearing: 0.08718822763355757
Raw z: 0.9130892911718371,x: -0.0719267500120792 y: -0.09321376779374453
Estimated landmark positions:
682: [0.83291916 0.25468996]
683: [ 0.98190316 -0.21535199]
Odometry measurement
[0.05804829079314902, 0.005786737822809168, 0.19582594207376378]
Covariance:
[[8.99348831e-04 1.13060204e-05 2.20566316e-04]
 [1.13060204e-05 1.01216740e-03 2.27615938e-03]
 [2.20566316e-04 2.27615938e-03 6.41488403e-02]]
Estimated pose: 
(0.0579572, 0.00615138, 0.203661)

Current pose: (0.057957167435667936, 0.006151380913628756, 0.2036612563008499)
Goal pose: (0.5, 0.5, 0)
Dist: 0.662788295306287
Moving to goal, dist: 0.662788295306287, theta_diff: 0.6370349552531289
dt=0.1000213623046875
raw_control = 0.3313941476531435 + 0.0 + -0.0 = 0.3313941476531435
dt=0.1000206470489502
raw_control = 0.4459244686771902 + 0.0 + -0.0 = 0.4459244686771902
Velocities: 0.2 0.4459244686771902
Rel pose: (0.0146252, 0.000217201, 0.0361283)

Estimated landmark positions:
682: [0.83291916 0.25468996]
683: [ 0.98190316 -0.21535199]
Odometry measurement
[0.07235170592819234, 0.008845512631890607, 0.23195425759004648]
Covariance:
[[1.00050683e-03 2.07719116e-05 3.22602035e-04]
 [2.07719116e-05 1.19121642e-03 3.20478807e-03]
 [3.22602035e-04 3.20478807e-03 7.37871258e-02]]
Estimated pose: 
(0.0722362, 0.00932213, 0.23979)

Current pose: (0.07223617729778364, 0.009322132435860341, 0.23978957181713262)
Goal pose: (0.5, 0.5, 0)
Dist: 0.6509582611274739
Moving to goal, dist: 0.6509582611274739, theta_diff: 0.6140026076373599
dt=0.10018444061279297
raw_control = 0.32547913056373695 + 0.0 + -0.0 = 0.32547913056373695
dt=0.10020232200622559
raw_control = 0.4298018253461519 + 0.0 + -0.0 = 0.4298018253461519
Velocities: 0.2 0.4298018253461519
Rel pose: (0.0173527, 0.000319589, 0.0432842)

Landmark 682 range: 0.8264773307133216 bearing: 0.022981756507855788
Raw z: 0.913855342522306,x: -0.018992228844512956 y: -0.08659477187777324
Estimated landmark positions:
682: [0.8377454  0.25576427]
683: [ 0.98190531 -0.21533102]
Odometry measurement
[0.0891661867649573, 0.013145571945623541, 0.2752384230395058]
Covariance:
[[1.10198585e-03 3.80484590e-05 4.76335143e-04]
 [3.80484590e-05 1.40490995e-03 4.12472544e-03]
 [4.76335143e-04 4.12472544e-03 7.64136273e-02]]
Estimated pose: 
(0.0889227, 0.0137742, 0.284092)

Current pose: (0.08892272626621521, 0.013774184913000037, 0.2840916166481534)
Goal pose: (0.5, 0.5, 0)
Dist: 0.6367103487751856
Moving to goal, dist: 0.6367103487751856, theta_diff: 0.5848609019185272
dt=0.10061287879943848
raw_control = 0.3183551743875928 + 0.0 + -0.0 = 0.3183551743875928
dt=0.10063719749450684
raw_control = 0.40940263134296906 + 0.0 + -0.0 = 0.40940263134296906
Velocities: 0.2 0.40940263134296906
Rel pose: (0.011599, 0.000104252, 0.0267035)

Estimated landmark positions:
682: [0.8377454  0.25576427]
683: [ 0.98190531 -0.21533102]
Odometry measurement
[0.10030027649287429, 0.01639823600142084, 0.30194196059501893]
Covariance:
[[1.20447708e-03 5.39059231e-05 6.01998647e-04]
 [5.39059231e-05 1.60828611e-03 4.99675531e-03]
 [6.01998647e-04 4.99675531e-03 8.60519129e-02]]
Estimated pose: 
(0.100028, 0.0171253, 0.310795)

Current pose: (0.10002758356849825, 0.017125292465334105, 0.3107951542036665)
Goal pose: (0.5, 0.5, 0)
Dist: 0.6270134903514786
Moving to goal, dist: 0.6270134903514786, theta_diff: 0.5682317893528446
dt=0.09933686256408691
raw_control = 0.3135067451757393 + 0.0 + -0.0 = 0.3135067451757393
dt=0.09930872917175293
raw_control = 0.39776225254699116 + 0.0 + -0.0 = 0.39776225254699116
Velocities: 0.2 0.39776225254699116
Rel pose: (0.0116414, 0.000121444, 0.0287979)

Landmark 682 range: 0.8093099860759725 bearing: -0.06503235303044051
Raw z: 0.8913441411533518,x: 0.0525942424366044 y: -0.06911166942293695
Estimated landmark positions:
682: [0.84262943 0.25540255]
683: [ 0.98192425 -0.2152322 ]
Odometry measurement
[0.11137888127091206, 0.019976035010990052, 0.3307398932529255]
Covariance:
[[1.30681232e-03 7.45642754e-05 7.36363517e-04]
 [7.45642754e-05 1.80247807e-03 5.44211066e-03]
 [7.36363517e-04 5.44211066e-03 8.58328077e-02]]
Estimated pose: 
(0.110875, 0.0211062, 0.346144)

Current pose: (0.11087536143271497, 0.021106203697795686, 0.3461443040923902)
Goal pose: (0.5, 0.5, 0)
Dist: 0.6170553074699685
Moving to goal, dist: 0.6170553074699685, theta_diff: 0.5423059994310477
dt=0.1008765697479248
raw_control = 0.30852765373498425 + 0.0 + -0.0 = 0.30852765373498425
dt=0.10087203979492188
raw_control = 0.37961419960173337 + 0.0 + -0.0 = 0.37961419960173337
Velocities: 0.2 0.37961419960173337
Rel pose: (0.0207204, 0.000403473, 0.0438078)

Landmark 682 range: 0.7950927557733117 bearing: -0.09965902967549092
Raw z: 0.8730407879558082,x: 0.07910707310201795 y: -0.06085830055114135
Estimated landmark positions:
682: [0.84691329 0.25603184]
683: [ 0.98192973 -0.21519703]
Odometry measurement
[0.13084527349721975, 0.0270864489272185, 0.37454765747798313]
Covariance:
[[0.0014134  0.00011721 0.00096939]
 [0.00011721 0.0021185  0.0066106 ]
 [0.00096939 0.0066106  0.08652287]]
Estimated pose: 
(0.130058, 0.0286576, 0.392929)

Current pose: (0.1300580300131288, 0.02865762314925679, 0.39292865606505384)
Goal pose: (0.5, 0.5, 0)
Dist: 0.5991833587250861
Moving to goal, dist: 0.5991833587250861, theta_diff: 0.5124213508619488
dt=0.09924721717834473
raw_control = 0.29959167936254305 + 0.0 + -0.0 = 0.29959167936254305
dt=0.09924578666687012
raw_control = 0.3586949456033642 + 0.0 + -0.0 = 0.3586949456033642
Velocities: 0.2 0.3586949456033642
Rel pose: (0.0118546, 0.000119792, 0.0253073)

Estimated landmark positions:
682: [0.84691329 0.25603184]
683: [ 0.98192973 -0.21519703]
Odometry measurement
[0.14183424887065074, 0.03153497680648638, 0.3998549316319009]
Covariance:
[[0.0015202  0.00014974 0.00115195]
 [0.00014974 0.00238036 0.00760959]
 [0.00115195 0.00760959 0.09616116]]
Estimated pose: 
(0.140963, 0.0333074, 0.418236)

Current pose: (0.14096338526525495, 0.033307376589725476, 0.4182359302189716)
Goal pose: (0.5, 0.5, 0)
Dist: 0.5888202573500253
Moving to goal, dist: 0.5888202573500253, theta_diff: 0.4968078441283908
dt=0.10130095481872559
raw_control = 0.29441012867501265 + 0.0 + -0.0 = 0.29441012867501265
dt=0.10130429267883301
raw_control = 0.3477654908898735 + 0.0 + -0.0 = 0.3477654908898735
Velocities: 0.2 0.3477654908898735
Rel pose: (0.0149677, 0.000146713, 0.0247837)

Landmark 682 range: 0.7753338823530932 bearing: -0.16286052107411064
Raw z: 0.8465710311212399,x: 0.12571382612882842 y: -0.04529389226505111
Estimated landmark positions:
682: [0.85103719 0.25660355]
683: [ 0.98193534 -0.21516168]
Odometry measurement
[0.15556413127965615, 0.03749680782764432, 0.4246386070102202]
Covariance:
[[0.00162627 0.00018906 0.00128624]
 [0.00018906 0.00266309 0.00820433]
 [0.00128624 0.00820433 0.09403635]]
Estimated pose: 
(0.154337, 0.0397537, 0.447347)

Current pose: (0.15433668147322052, 0.03975368494687829, 0.4473472688400539)
Goal pose: (0.5, 0.5, 0)
Dist: 0.5755951704930499
Moving to goal, dist: 0.5755951704930499, theta_diff: 0.47928278406391617
dt=0.09894943237304688
raw_control = 0.28779758524652493 + 0.0 + -0.0 = 0.28779758524652493
dt=0.09894514083862305
raw_control = 0.3354979488447413 + 0.0 + -0.0 = 0.3354979488447413
Velocities: 0.2 0.3354979488447413
Rel pose: (0.0183347, 0.000276517, 0.0349066)

Landmark 682 range: 0.7802150510603597 bearing: -0.1959117987832152
Raw z: 0.8506384850494515,x: 0.15187742049191452 y: -0.035471969857540246
Estimated landmark positions:
682: [0.85608127 0.25788772]
683: [ 0.9819354  -0.21514987]
Odometry measurement
[0.1721565552321411, 0.04530250420297865, 0.4595451920501067]
Covariance:
[[0.0017387  0.00025142 0.00151732]
 [0.00025142 0.00301907 0.00910208]
 [0.00151732 0.00910208 0.09335005]]
Estimated pose: 
(0.170482, 0.0480103, 0.484311)

Current pose: (0.1704823854214835, 0.04801028345501933, 0.48431126907603395)
Goal pose: (0.5, 0.5, 0)
Dist: 0.5593537004257035
Moving to goal, dist: 0.5593537004257035, theta_diff: 0.4565352497412546
dt=0.10027456283569336
raw_control = 0.27967685021285177 + 0.0 + -0.0 = 0.27967685021285177
dt=0.10027503967285156
raw_control = 0.3195746748188782 + 0.0 + -0.0 = 0.3195746748188782
Velocities: 0.2 0.3195746748188782
Rel pose: (0.0123241, 9.14438e-05, 0.020944)

Landmark 682 range: 0.7660826492103807 bearing: -0.22814309997645427
Raw z: 0.8319101133191574,x: 0.17326424657142803 y: -0.02452580137872162
Estimated landmark positions:
682: [0.86026675 0.25885241]
683: [ 0.98193658 -0.21513487]
Odometry measurement
[0.18316156483224152, 0.050850719127632296, 0.4804891430740391]
Covariance:
[[0.00184741 0.00029635 0.00164311]
 [0.00029635 0.00329066 0.00951165]
 [0.00164311 0.00951165 0.09351548]]
Estimated pose: 
(0.181071, 0.0539689, 0.508168)

Current pose: (0.18107116172420565, 0.05396891585856679, 0.5081682294718767)
Goal pose: (0.5, 0.5, 0)
Dist: 0.5483241120945986
Moving to goal, dist: 0.5483241120945986, theta_diff: 0.4418811519828765
dt=0.10056090354919434
raw_control = 0.2741620560472993 + 0.0 + -0.0 = 0.2741620560472993
dt=0.10055947303771973
raw_control = 0.3093168063880135 + 0.0 + -0.0 = 0.3093168063880135
Velocities: 0.2 0.3093168063880135
Rel pose: (0.0152663, 0.000146587, 0.0228638)

Estimated landmark positions:
682: [0.86026675 0.25885241]
683: [ 0.98193658 -0.21513487]
Odometry measurement
[0.19663144822591558, 0.05803696804452224, 0.5033529562751647]
Covariance:
[[0.00196247 0.00035963 0.00187906]
 [0.00035963 0.00368733 0.01089917]
 [0.00187906 0.01089917 0.10315377]]
Estimated pose: 
(0.194337, 0.0615252, 0.531032)

Current pose: (0.19433700218690841, 0.06152519860558131, 0.5310320426730023)
Goal pose: (0.5, 0.5, 0)
Dist: 0.5344997845555796
Moving to goal, dist: 0.5344997845555796, theta_diff: 0.43098388361868445
dt=0.10103511810302734
raw_control = 0.2672498922777898 + 0.0 + -0.0 = 0.2672498922777898
dt=0.10104131698608398
raw_control = 0.3016887185330791 + 0.0 + -0.0 = 0.3016887185330791
Velocities: 0.2 0.3016887185330791
Rel pose: (0.0185494, 0.000206694, 0.0249582)

Landmark 682 range: 0.7520217872576846 bearing: -0.2742783933691029
Raw z: 0.8124401256884413,x: 0.20368688631274176 y: -0.007878362699220097
Estimated landmark positions:
682: [0.86497855 0.26030454]
683: [ 0.98193373 -0.21513735]
Odometry measurement
[0.2127804976525168, 0.06716563083106034, 0.5283111645786837]
Covariance:
[[0.00207702 0.00043386 0.00203215]
 [0.00043386 0.00411713 0.0117152 ]
 [0.00203215 0.0117152  0.10010432]]
Estimated pose: 
(0.209944, 0.0710175, 0.556052)

Current pose: (0.20994422627426496, 0.07101745515869226, 0.5560518000092018)
Goal pose: (0.5, 0.5, 0)
Dist: 0.517840106258833
Moving to goal, dist: 0.517840106258833, theta_diff: 0.4202064808243966
dt=0.09891486167907715
raw_control = 0.2589200531294165 + 0.0 + -0.0 = 0.2589200531294165
dt=0.09891033172607422
raw_control = 0.2941445365770776 + 0.0 + -0.0 = 0.2941445365770776
Velocities: 0.2 0.2941445365770776
Rel pose: (0.012708, 8.81172e-05, 0.0193732)

Landmark 682 range: 0.7164787945369135 bearing: -0.30159507524662615
Raw z: 0.7686714929747055,x: 0.21282548606422033 y: 0.0015152708951855014
Estimated landmark positions:
682: [0.8677201  0.26111506]
683: [ 0.98193245 -0.21513699]
Odometry measurement
[0.22371148400832852, 0.07364753570276433, 0.5476843192758206]
Covariance:
[[0.00219003 0.0004946  0.00214812]
 [0.0004946  0.00443644 0.01204561]
 [0.00214812 0.01204561 0.09873833]]
Estimated pose: 
(0.220493, 0.077787, 0.575949)

Current pose: (0.22049251432360673, 0.07778697555914751, 0.5759491664948302)
Goal pose: (0.5, 0.5, 0)
Dist: 0.5063479757603768
Moving to goal, dist: 0.5063479757603768, theta_diff: 0.41007823144155653
dt=0.10054731369018555
raw_control = 0.2531739878801884 + 0.0 + -0.0 = 0.2531739878801884
dt=0.10054445266723633
raw_control = 0.2870547620090895 + 0.0 + -0.0 = 0.2870547620090895
Velocities: 0.2 0.2870547620090895
Rel pose: (0.0156075, 0.000144876, 0.0226893)

Landmark 682 range: 0.7089639268912518 bearing: -0.33472518023021675
Raw z: 0.7579364907220689,x: 0.23290146655708208 y: 0.012761824386889085
Estimated landmark positions:
682: [0.87052911 0.26192199]
683: [ 0.98193141 -0.21513539]
Odometry measurement
[0.23696064591697324, 0.08189820884539029, 0.570373599551747]
Covariance:
[[0.0023095  0.00057739 0.0023212 ]
 [0.00057739 0.00483752 0.01268859]
 [0.0023212  0.01268859 0.09822623]]
Estimated pose: 
(0.233261, 0.0864295, 0.599662)

Current pose: (0.23326147401096667, 0.08642953376431003, 0.5996624331142483)
Goal pose: (0.5, 0.5, 0)
Dist: 0.49212800345967733
Moving to goal, dist: 0.49212800345967733, theta_diff: 0.39830627769977267
dt=0.09943389892578125
raw_control = 0.24606400172983867 + 0.0 + -0.0 = 0.24606400172983867
dt=0.09943366050720215
raw_control = 0.27881439438984085 + 0.0 + -0.0 = 0.27881439438984085
Velocities: 0.2 0.27881439438984085
Rel pose: (0.0186776, 0.000199633, 0.0214675)

Landmark 682 range: 0.6929297770267994 bearing: -0.3592708933323091
Raw z: 0.7377511198211462,x: 0.24362840754395032 y: 0.02301743737207228
Estimated landmark positions:
682: [0.87308628 0.26272255]
683: [ 0.98192972 -0.21513738]
Odometry measurement
[0.25257374997192206, 0.09215112737805767, 0.5918411493512769]
Covariance:
[[0.00243001 0.00067169 0.00248236]
 [0.00067169 0.00534236 0.01362931]
 [0.00248236 0.01362931 0.09814148]]
Estimated pose: 
(0.248374, 0.0970562, 0.620808)

Current pose: (0.24837400891546113, 0.09705617402976155, 0.6208078938744935)
Goal pose: (0.5, 0.5, 0)
Dist: 0.47505722421284186
Moving to goal, dist: 0.47505722421284186, theta_diff: 0.3917709388752574
dt=0.10171723365783691
raw_control = 0.23752861210642093 + 0.0 + -0.0 = 0.23752861210642093
dt=0.10171937942504883
raw_control = 0.2742396572126801 + 0.0 + -0.0 = 0.2742396572126801
Velocities: 0.2 0.2742396572126801
Rel pose: (0.0125799, 0.000100345, 0.0219911)

Landmark 682 range: 0.6943454432805848 bearing: -0.3951590013650502
Raw z: 0.7376036504034743,x: 0.267291709607913 y: 0.03576402059393009
Estimated landmark positions:
682: [0.87599993 0.26357667]
683: [ 0.98192845 -0.21513663]
Odometry measurement
[0.262958040420838, 0.09925262236766326, 0.6138322979264058]
Covariance:
[[0.00255635 0.00076452 0.00267677]
 [0.00076452 0.00569698 0.01401591]
 [0.00267677 0.01401591 0.09841445]]
Estimated pose: 
(0.258251, 0.104467, 0.643797)

Current pose: (0.2582507014349492, 0.10446660240376059, 0.6437969358077409)
Goal pose: (0.5, 0.5, 0)
Dist: 0.4635616377254689
Moving to goal, dist: 0.4635616377254689, theta_diff: 0.37838658629328537
dt=0.09862852096557617
raw_control = 0.23178081886273444 + 0.0 + -0.0 = 0.23178081886273444
dt=0.0986320972442627
raw_control = 0.26487061040529974 + 0.0 + -0.0 = 0.26487061040529974
Velocities: 0.2 0.26487061040529974
Rel pose: (0.0188908, 0.000200585, 0.0233874)

Landmark 682 range: 0.6876131509902385 bearing: -0.4252541326651769
Raw z: 0.7282548235907653,x: 0.2836763822257701 y: 0.04619033707922021
Estimated landmark positions:
682: [0.87909962 0.26452373]
683: [ 0.98192667 -0.21513782]
Odometry measurement
[0.27828468295998304, 0.11029774535617191, 0.6372197099031298]
Covariance:
[[0.00268812 0.00088641 0.0028902 ]
 [0.00088641 0.00624606 0.01499843]
 [0.0028902  0.01499843 0.09876581]]
Estimated pose: 
(0.272936, 0.115897, 0.667195)

Current pose: (0.2729364713955584, 0.11589709570927101, 0.667195149169013)
Goal pose: (0.5, 0.5, 0)
Dist: 0.4461982598653574
Moving to goal, dist: 0.4461982598653574, theta_diff: 0.36971232844593815
dt=0.10006952285766602
raw_control = 0.2230991299326787 + 0.0 + -0.0 = 0.2230991299326787
dt=0.10006833076477051
raw_control = 0.2587986299121567 + 0.0 + -0.0 = 0.2587986299121567
Velocities: 0.2 0.2587986299121567
Rel pose: (0.0156079, 0.000100644, 0.0204204)

Estimated landmark positions:
682: [0.87909962 0.26452373]
683: [ 0.98192667 -0.21513782]
Odometry measurement
[0.2907697263632106, 0.11966478175154269, 0.6576400621514635]
Covariance:
[[0.00282719 0.00101177 0.00321739]
 [0.00101177 0.00679866 0.0164777 ]
 [0.00321739 0.0164777  0.1084041 ]]
Estimated pose: 
(0.285135, 0.125634, 0.687616)

Current pose: (0.28513516716066495, 0.1256341127704489, 0.6876155014173466)
Goal pose: (0.5, 0.5, 0)
Dist: 0.4316441982840084
Moving to goal, dist: 0.4316441982840084, theta_diff: 0.36214096567766263
dt=0.10202717781066895
raw_control = 0.2158220991420042 + 0.0 + -0.0 = 0.2158220991420042
dt=0.10203075408935547
raw_control = 0.2534986759743638 + 0.0 + -0.0 = 0.2534986759743638
Velocities: 0.2 0.2534986759743638
Rel pose: (0.0125801, 9.43174e-05, 0.0158825)

Estimated landmark positions:
682: [0.87909962 0.26452373]
683: [ 0.98192667 -0.21513782]
Odometry measurement
[0.30066839790165373, 0.12742899899702542, 0.6735225583446118]
Covariance:
[[0.00296106 0.00111997 0.00349012]
 [0.00111997 0.00729592 0.01778824]
 [0.00349012 0.01778824 0.11804238]]
Estimated pose: 
(0.294797, 0.133692, 0.703498)

Current pose: (0.2947966909497908, 0.13369151469274954, 0.7034979976104949)
Goal pose: (0.5, 0.5, 0)
Dist: 0.4198693897550139
Moving to goal, dist: 0.4198693897550139, theta_diff: 0.356663386315071
dt=0.10075855255126953
raw_control = 0.20993469487750696 + 0.0 + -0.0 = 0.20993469487750696
dt=0.10086703300476074
raw_control = 0.24966437042054967 + 0.0 + -0.0 = 0.24966437042054967
Velocities: 0.2 0.24966437042054967
Rel pose: (0.0155651, 0.000110103, 0.0235619)

Estimated landmark positions:
682: [0.87909962 0.26452373]
683: [ 0.98192667 -0.21513782]
Odometry measurement
[0.31276589882820394, 0.13722371455569815, 0.6970845032465355]
Covariance:
[[0.00311824 0.00128666 0.00393853]
 [0.00128666 0.00792032 0.01953822]
 [0.00393853 0.01953822 0.12768067]]
Estimated pose: 
(0.306595, 0.143844, 0.72706)

Current pose: (0.3065952003828226, 0.14384440377460378, 0.7270599425124185)
Goal pose: (0.5, 0.5, 0)
Dist: 0.40528042789854535
Moving to goal, dist: 0.40528042789854535, theta_diff: 0.346256639464551
dt=0.09742212295532227
raw_control = 0.20264021394927267 + 0.0 + -0.0 = 0.20264021394927267
dt=0.09730911254882812
raw_control = 0.24237964762518568 + 0.0 + -0.0 = 0.24237964762518568
Velocities: 0.2 0.24237964762518568
Rel pose: (0.0191468, 0.000179016, 0.0235619)

Estimated landmark positions:
682: [0.87909962 0.26452373]
683: [ 0.98192667 -0.21513782]
Odometry measurement
[0.3273311910660064, 0.14965296055115984, 0.7206464481484588]
Covariance:
[[0.00328392 0.00148849 0.0044325 ]
 [0.00148849 0.00874824 0.02188455]
 [0.0044325  0.02188455 0.13731896]]
Estimated pose: 
(0.320781, 0.156705, 0.750622)

Current pose: (0.32078143314030455, 0.1567046018348516, 0.750621887414342)
Goal pose: (0.5, 0.5, 0)
Dist: 0.38726092639021936
Moving to goal, dist: 0.38726092639021936, theta_diff: 0.3390400800772586
dt=0.10015273094177246
raw_control = 0.19363046319510968 + 0.0 + -0.0 = 0.19363046319510968
dt=0.10016846656799316
raw_control = 0.237328056054081 + 0.0 + -0.0 = 0.237328056054081
Velocities: 0.19363046319510968 0.237328056054081
Rel pose: (0.0125376, 7.97445e-05, 0.016057)

Estimated landmark positions:
682: [0.87909962 0.26452373]
683: [ 0.98192667 -0.21513782]
Odometry measurement
[0.33669903383769956, 0.15798604590934687, 0.7367034772668066]
Covariance:
[[0.00343429 0.00163828 0.00480001]
 [0.00163828 0.00936751 0.02353216]
 [0.00480001 0.02353216 0.14695724]]
Estimated pose: 
(0.329895, 0.165315, 0.766679)

Current pose: (0.3298953171087432, 0.1653147068746351, 0.7666789165326899)
Goal pose: (0.5, 0.5, 0)
Dist: 0.375432881585972
Moving to goal, dist: 0.375432881585972, theta_diff: 0.3338895086325062
dt=0.09974312782287598
raw_control = 0.187716440792986 + 0.0 + -0.0 = 0.187716440792986
dt=0.09972548484802246
raw_control = 0.23372265604275433 + 0.0 + -0.0 = 0.23372265604275433
Velocities: 0.187716440792986 0.23372265604275433
Rel pose: (0.015181, 0.000142293, 0.0242601)

Estimated landmark positions:
682: [0.87909962 0.26452373]
683: [ 0.98192667 -0.21513782]
Odometry measurement
[0.3478478077460609, 0.16829079216937898, 0.7609635538695275]
Covariance:
[[0.00361967 0.00186754 0.00540264]
 [0.00186754 0.01012911 0.0256396 ]
 [0.00540264 0.0256396  0.15659553]]
Estimated pose: 
(0.34073, 0.175949, 0.790939)

Current pose: (0.3407302396151518, 0.1759489632863354, 0.7909389931354107)
Goal pose: (0.5, 0.5, 0)
Dist: 0.3610760736579589
Moving to goal, dist: 0.3610760736579589, theta_diff: 0.3230361088617848
dt=0.10284423828125
raw_control = 0.18053803682897945 + 0.0 + -0.0 = 0.18053803682897945
dt=0.10360002517700195
raw_control = 0.22612527620324935 + 0.0 + -0.0 = 0.22612527620324935
Velocities: 0.18053803682897945 0.22612527620324935
Rel pose: (0.0176545, 0.000151433, 0.0214675)

Estimated landmark positions:
682: [0.87909962 0.26452373]
683: [ 0.98192667 -0.21513782]
Odometry measurement
[0.36052825123493487, 0.18057532763842318, 0.7824311036690579]
Covariance:
[[0.00380555 0.00211703 0.00598741]
 [0.00211703 0.01109572 0.02828221]
 [0.00598741 0.02828221 0.16623381]]
Estimated pose: 
(0.353037, 0.188608, 0.812407)

Current pose: (0.35303680746600885, 0.1886080251198781, 0.8124065429349411)
Goal pose: (0.5, 0.5, 0)
Dist: 0.34432998995081077
Moving to goal, dist: 0.34432998995081077, theta_diff: 0.31742831744219246
dt=0.09734344482421875
raw_control = 0.17216499497540538 + 0.0 + -0.0 = 0.17216499497540538
dt=0.0965890884399414
raw_control = 0.22219982220953471 + 0.0 + -0.0 = 0.22219982220953471
Velocities: 0.17216499497540538 0.22219982220953471
Rel pose: (0.0114714, 7.20112e-05, 0.016057)

Estimated landmark positions:
682: [0.87909962 0.26452373]
683: [ 0.98192667 -0.21513782]
Odometry measurement
[0.3686130501666956, 0.18871383057135346, 0.7984881327874059]
Covariance:
[[0.00397685 0.00231023 0.0064594 ]
 [0.00231023 0.01179431 0.03008931]
 [0.0064594  0.03008931 0.1758721 ]]
Estimated pose: 
(0.360874, 0.196985, 0.828464)

Current pose: (0.3608740557963152, 0.19698518110320565, 0.8284635720532887)
Goal pose: (0.5, 0.5, 0)
Dist: 0.3334276665509686
Moving to goal, dist: 0.3334276665509686, theta_diff: 0.31190481342314724
dt=0.1019430160522461
raw_control = 0.1667138332754843 + 0.0 + -0.0 = 0.1667138332754843
dt=0.10194945335388184
raw_control = 0.21833336939620307 + 0.0 + -0.0 = 0.21833336939620307
Velocities: 0.1667138332754843 0.21833336939620307
Rel pose: (0.0166309, 0.000154484, 0.0228638)

Estimated landmark positions:
682: [0.87909962 0.26452373]
683: [ 0.98192667 -0.21513782]
Odometry measurement
[0.3801072671736314, 0.20073436491206847, 0.8213519459885317]
Covariance:
[[0.00418977 0.00261274 0.00718531]
 [0.00261274 0.01282886 0.03285854]
 [0.00718531 0.03285854 0.18551038]]
Estimated pose: 
(0.372003, 0.209345, 0.851327)

Current pose: (0.37200284241830356, 0.20934480807041697, 0.8513273852544145)
Goal pose: (0.5, 0.5, 0)
Dist: 0.31759047993385503
Moving to goal, dist: 0.31759047993385503, theta_diff: 0.3046482879764745
dt=0.09819364547729492
raw_control = 0.15879523996692751 + 0.0 + -0.0 = 0.15879523996692751
dt=0.09819293022155762
raw_control = 0.21325380158353213 + 0.0 + -0.0 = 0.21325380158353213
Velocities: 0.15879523996692751 0.21325380158353213
Rel pose: (0.00780415, 2.69366e-05, 0.0101229)

Estimated landmark positions:
682: [0.87909962 0.26452373]
683: [ 0.98192667 -0.21513782]
Odometry measurement
[0.38540398519909447, 0.20646587923443396, 0.831474855650099]
Covariance:
[[0.00434434 0.0027601  0.00752722]
 [0.0027601  0.01339807 0.03423185]
 [0.00752722 0.03423185 0.19514867]]
Estimated pose: 
(0.377125, 0.215232, 0.86145)

Current pose: (0.3771254020679411, 0.21523249529939803, 0.8614502949159819)
Goal pose: (0.5, 0.5, 0)
Dist: 0.31014625348434005
Moving to goal, dist: 0.31014625348434005, theta_diff: 0.30199037230987336
dt=0.09991312026977539
raw_control = 0.15507312674217003 + 0.0 + -0.0 = 0.15507312674217003
dt=0.09990692138671875
raw_control = 0.21139326061691133 + 0.0 + -0.0 = 0.21139326061691133
Velocities: 0.15507312674217003 0.21139326061691133
Rel pose: (0.0155649, 0.000137329, 0.0205949)

Estimated landmark positions:
682: [0.87909962 0.26452373]
683: [ 0.98192667 -0.21513782]
Odometry measurement
[0.39578992544495156, 0.21805971060521154, 0.8520697408236316]
Covariance:
[[0.00456485 0.00307907 0.00826633]
 [0.00307907 0.0144884  0.03710695]
 [0.00826633 0.03710695 0.20478695]]
Estimated pose: 
(0.387159, 0.227132, 0.882045)

Current pose: (0.387159198493423, 0.22713239487641604, 0.8820451800895145)
Goal pose: (0.5, 0.5, 0)
Dist: 0.2952791499759624
Moving to goal, dist: 0.2952791499759624, theta_diff: 0.2966298395476158
dt=0.1018834114074707
raw_control = 0.1476395749879812 + 0.0 + -0.0 = 0.1476395749879812
dt=0.10188889503479004
raw_control = 0.20764088768333105 + 0.0 + -0.0 = 0.20764088768333105
Velocities: 0.1476395749879812 0.20764088768333105
Rel pose: (0.015096, 0.00011448, 0.0185005)

Estimated landmark positions:
682: [0.87909962 0.26452373]
683: [ 0.98192667 -0.21513782]
Odometry measurement
[0.40564339181144166, 0.22949703409998498, 0.8705702308947717]
Covariance:
[[0.00478511 0.00340224 0.00898513]
 [0.00340224 0.01563326 0.04003906]
 [0.00898513 0.04003906 0.21442524]]
Estimated pose: 
(0.396665, 0.23886, 0.900546)

Current pose: (0.3966654509324929, 0.23885989813714975, 0.9005456701606546)
Goal pose: (0.5, 0.5, 0)
Dist: 0.28084191608790315
Moving to goal, dist: 0.28084191608790315, theta_diff: 0.2934519926794429
dt=0.10027909278869629
raw_control = 0.14042095804395158 + 0.0 + -0.0 = 0.14042095804395158
dt=0.10027837753295898
raw_control = 0.20541639487561 + 0.0 + -0.0 = 0.20541639487561
Velocities: 0.14042095804395158 0.20541639487561
Rel pose: (0.0118979, 6.67342e-05, 0.018326)

Estimated landmark positions:
682: [0.87909962 0.26452373]
683: [ 0.98192667 -0.21513782]
Odometry measurement
[0.4132592849125575, 0.23863835469980826, 0.8888961880407122]
Covariance:
[[0.00501637 0.00372074 0.00974978]
 [0.00372074 0.01658392 0.04241873]
 [0.00974978 0.04241873 0.22406353]]
Estimated pose: 
(0.404004, 0.248225, 0.918872)

Current pose: (0.4040039486799749, 0.24822536773831919, 0.9188716273065952)
Goal pose: (0.5, 0.5, 0)
Dist: 0.2694544624227654
Moving to goal, dist: 0.2694544624227654, theta_diff: 0.2876616880434858
dt=0.09864377975463867
raw_control = 0.1347272312113827 + 0.0 + -0.0 = 0.1347272312113827
dt=0.09864044189453125
raw_control = 0.20136318163044004 + 0.0 + -0.0 = 0.20136318163044004
Velocities: 0.1347272312113827 0.20136318163044004
Rel pose: (0.00942465, 3.91953e-05, 0.0106465)

Estimated landmark positions:
682: [0.87909962 0.26452373]
683: [ 0.98192667 -0.21513782]
Odometry measurement
[0.41916892451635285, 0.2459801371901551, 0.8995426964778775]
Covariance:
[[0.00519815 0.00394189 0.01021453]
 [0.00394189 0.01742084 0.04442423]
 [0.01021453 0.04442423 0.23370181]]
Estimated pose: 
(0.409691, 0.255741, 0.929518)

Current pose: (0.40969089329772, 0.2557409695970808, 0.9295181357437605)
Goal pose: (0.5, 0.5, 0)
Dist: 0.26041929399861674
Moving to goal, dist: 0.26041929399861674, theta_diff: 0.28713860659981094
dt=0.10214829444885254
raw_control = 0.13020964699930837 + 0.0 + -0.0 = 0.13020964699930837
dt=0.10215353965759277
raw_control = 0.20099702461986765 + 0.0 + -0.0 = 0.20099702461986765
Velocities: 0.13020964699930837 0.20099702461986765
Rel pose: (0.00878495, 3.9478e-05, 0.0137881)

Estimated landmark positions:
682: [0.87909962 0.26452373]
683: [ 0.98192667 -0.21513782]
Odometry measurement
[0.42460196749639817, 0.2528836774184977, 0.9133307975686326]
Covariance:
[[0.00541093 0.00420779 0.01084514]
 [0.00420779 0.01820582 0.04633216]
 [0.01084514 0.04633216 0.2433401 ]]
Estimated pose: 
(0.414915, 0.262804, 0.943306)

Current pose: (0.41491458993027974, 0.26280424201151054, 0.9433062368345156)
Goal pose: (0.5, 0.5, 0)
Dist: 0.25199475116451636
Moving to goal, dist: 0.25199475116451636, theta_diff: 0.2830735403103103
dt=0.09783267974853516
raw_control = 0.12599737558225818 + 0.0 + -0.0 = 0.12599737558225818
dt=0.09783720970153809
raw_control = 0.19815147821721718 + 0.0 + -0.0 = 0.19815147821721718
Velocities: 0.12599737558225818 0.19815147821721718
Rel pose: (0.0127504, 0.000112574, 0.0204204)

Estimated landmark positions:
682: [0.87909962 0.26452373]
683: [ 0.98192667 -0.21513782]
Odometry measurement
[0.4323048096790449, 0.2630449942601086, 0.9337511498169665]
Covariance:
[[0.00569155 0.00462306 0.0118249 ]
 [0.00462306 0.01934383 0.04920366]
 [0.0118249  0.04920366 0.25297838]]
Estimated pose: 
(0.422309, 0.273192, 0.963727)

Current pose: (0.4223094274422891, 0.27319185558835124, 0.9637265890828495)
Goal pose: (0.5, 0.5, 0)
Dist: 0.23974519689829088
Moving to goal, dist: 0.23974519689829088, theta_diff: 0.27705733557500234
dt=0.10210728645324707
raw_control = 0.11987259844914544 + 0.0 + -0.0 = 0.11987259844914544
dt=0.10210299491882324
raw_control = 0.19394013490250162 + 0.0 + -0.0 = 0.19394013490250162
Velocities: 0.11987259844914544 0.19394013490250162
Rel pose: (0.0124947, 9.83734e-05, 0.0195477)

Estimated landmark positions:
682: [0.87909962 0.26452373]
683: [ 0.98192667 -0.21513782]
Odometry measurement
[0.4396578721221139, 0.2731474705729074, 0.9532988374393031]
Covariance:
[[0.0059812  0.00505367 0.0128213 ]
 [0.00505367 0.02052092 0.0521239 ]
 [0.0128213  0.0521239  0.26261667]]
Estimated pose: 
(0.429356, 0.28351, 0.983274)

Current pose: (0.42935640585278984, 0.28351017183803623, 0.9832742767051861)
Goal pose: (0.5, 0.5, 0)
Dist: 0.2277243137911109
Moving to goal, dist: 0.2277243137911109, theta_diff: 0.27210242474516444
dt=0.11122584342956543
raw_control = 0.11386215689555546 + 0.0 + -0.0 = 0.11386215689555546
dt=0.11126708984375
raw_control = 0.1904716973216151 + 0.0 + -0.0 = 0.1904716973216151
Velocities: 0.11386215689555546 0.1904716973216151
Rel pose: (0.0098083, 5.97674e-05, 0.016057)

Estimated landmark positions:
682: [0.87909962 0.26452373]
683: [ 0.98192667 -0.21513782]
Odometry measurement
[0.4452881167205782, 0.28117907978027573, 0.9693558665576508]
Covariance:
[[0.00624989 0.00542376 0.01368223]
 [0.00542376 0.02149846 0.05448706]
 [0.01368223 0.05448706 0.27225495]]
Estimated pose: 
(0.434743, 0.291707, 0.999331)

Current pose: (0.43474340621537794, 0.29170691678920524, 0.9993313058235338)
Goal pose: (0.5, 0.5, 0)
Dist: 0.21827604437003673
Moving to goal, dist: 0.21827604437003673, theta_diff: 0.2678586155567124
dt=0.08863139152526855
raw_control = 0.10913802218501836 + 0.0 + -0.0 = 0.10913802218501836
dt=0.08858561515808105
raw_control = 0.1875010308896987 + 0.0 + -0.0 = 0.1875010308896987
Velocities: 0.10913802218501836 0.1875010308896987
Rel pose: (0.00788943, 2.96979e-05, 0.010821)

Estimated landmark positions:
682: [0.87909962 0.26452373]
683: [ 0.98192667 -0.21513782]
Odometry measurement
[0.44972771294770597, 0.28770088880571587, 0.9801769079200154]
Covariance:
[[0.00647063 0.00570321 0.01428618]
 [0.00570321 0.02235359 0.05648371]
 [0.01428618 0.05648371 0.28189324]]
Estimated pose: 
(0.438986, 0.298359, 1.01015)

Current pose: (0.4389855432279236, 0.2983588549423093, 1.0101523471858986)
Goal pose: (0.5, 0.5, 0)
Dist: 0.21067015762885888
Moving to goal, dist: 0.21067015762885888, theta_diff: 0.2668133592671129
dt=0.09906220436096191
raw_control = 0.10533507881442944 + 0.0 + -0.0 = 0.10533507881442944
dt=0.09906387329101562
raw_control = 0.18676935148697904 + 0.0 + -0.0 = 0.18676935148697904
Velocities: 0.10533507881442944 0.18676935148697904
Rel pose: (0.00712174, 3.83168e-05, 0.0129154)

Estimated landmark positions:
682: [0.87909962 0.26452373]
683: [ 0.98192667 -0.21513782]
Odometry measurement
[0.45366180931832245, 0.29363751282539524, 0.9930923443847736]
Covariance:
[[0.0067222  0.00601648 0.01502961]
 [0.00601648 0.02311976 0.05830204]
 [0.01502961 0.05830204 0.29153152]]
Estimated pose: 
(0.44274, 0.304411, 1.02307)

Current pose: (0.4427399460204181, 0.3044107206610295, 1.0230677836506565)
Goal pose: (0.5, 0.5, 0)
Dist: 0.2037986260358064
Moving to goal, dist: 0.2037986260358064, theta_diff: 0.2629302385501855
dt=0.10009050369262695
