Robot Name: locobot
Robot Model: locobot_px100
Initialized InterbotixRobotXSCore!

Turret Group Name: camera
Pan Name: pan, Profile Type: time, Profile Velocity: 2.0, Profile Acceleration: 0.3
Tilt Name: tilt, Profile Type: time, Profile Velocity: 2.0, Profile Acceleration: 0.3
Initialized InterbotixTurretXSInterface!

Initialized InterbotixKobukiInterface!

Arm Group Name: arm
Moving Time: 2.00 seconds
Acceleration Time: 0.30 seconds
Drive Mode: Time-Based-Profile
Initialized InterbotixArmXSInterface!

Gripper Name: gripper
Gripper Pressure: 50%
Initialized InterbotixGripperXSInterface!

Reset odom:[0.0, 0.0, 0.00017453292519964414]
Estimated landmark positions:
Searching for block.
Starting travel to block.
Block estimated at 1.0089377087982154, 0.028203563697112254
Starting move to goal: (0.6590726739538814, 0.018484644344997844, None)
Rel pose: (0, 0, -0.00244346)

Landmark 682 range: 0.8225396056605818 bearing: 0.3303329396891421
Raw z: 0.8951402042117528,x: -0.2667972894637585 y: -0.0699655939567798
Initial estimate for 682: (0.7786718524705601, 0.2650312227839047)
Landmark 683 range: 0.7561093131821581 bearing: -0.2693796468178053
Raw z: 0.8177651986004592,x: 0.2012260232382794 y: -0.01948326969538877
Initial estimate for 683: (0.728382678933871, -0.2028791919096494)
Estimated landmark positions:
682: [0.77867185 0.26503122]
683: [ 0.72838268 -0.20287919]
Odometry measurement
[0.0, 0.0, -0.0022689280275927097]
Covariance:
[[ 2.00000000e-04  1.33226763e-23  4.32466753e-22]
 [ 1.33226763e-23  2.00000000e-04 -1.72986701e-21]
 [ 4.32466753e-22 -1.72986701e-21  9.73828555e-03]]
Estimated pose: 
(-1.97327e-35, -4.88562e-36, -0.00226893)

Current pose: (-1.973265853627124e-35, -4.885621289701894e-36, -0.0022689280275927097)
Goal pose: (0.6590726739538814, 0.018484644344997844, None)
Dist: 0.6593318372635135
Moving to goal, dist: 0.6593318372635135, theta_diff: 0.030308020937032675
error=0.6593318372635135, dt=0
raw_control = 0.19779955117905404 + 0.0 + 0 = 0.19779955117905404
error=0.030308020937032675, dt=0
raw_control = 0.021215614655922872 + 0.0 + 0 = 0.021215614655922872
Velocities: 0.19779955117905404 0.021215614655922872
Rel pose: (0, 0, 0.000174533)

Landmark 682 range: 0.8228501857586327 bearing: 0.3307018751290116
Raw z: 0.8954855847141239,x: -0.26718517586562257 y: -0.07004618794191243
Landmark 683 range: 0.7561732236947312 bearing: -0.2691346754830648
Raw z: 0.817855881843067,x: 0.2010644656564425 y: -0.019533478364433997
Estimated landmark positions:
682: [0.77874918 0.26528578]
683: [ 0.72845418 -0.20274161]
Odometry measurement
[0.0, 0.0, -0.0020943951023930647]
Covariance:
[[ 2.99957952e-04 -9.48850836e-10  8.11900934e-08]
 [-9.48850836e-10  2.99939755e-04 -4.49811902e-06]
 [ 8.11900934e-08 -4.49811902e-06  1.90189814e-02]]
Estimated pose: 
(-5.8417e-08, -2.39762e-07, -0.00211226)

Current pose: (-5.841702448593908e-08, -2.3976232610203194e-07, -0.002112258072812036)
Goal pose: (0.6590726739538814, 0.018484644344997844, None)
Dist: 0.6593319023794563
Moving to goal, dist: 0.6593319023794563, theta_diff: 0.030151711999724686
error=0.6593319023794563, dt=0.09701967239379883
raw_control = 0.1977995707138369 + 0.0012793633033526999 + 6.711622616559252e-08 = 0.19907900113341576
error=0.030151711999724686, dt=0.09696292877197266
raw_control = 0.02110619839980728 + 2.923598302982338e-05 + -0.000322409686439196 = 0.020813024696397908
Velocities: 0.19907900113341576 0.020813024696397908
Rel pose: (0.00153526, 1.56306e-07, -0.000174533)

Landmark 682 range: 0.8229251382459027 bearing: 0.33033618958631067
Raw z: 0.8955945865275099,x: -0.2669248698629118 y: -0.06996664500707594
Landmark 683 range: 0.75641929615421 bearing: -0.26937116959576274
Raw z: 0.8181338860140324,x: 0.20130233900547656 y: -0.019470932405223074
Estimated landmark positions:
682: [0.77935528 0.26524409]
683: [ 0.72904214 -0.20281217]
Odometry measurement
[0.0015352545365337298, -3.059128026142497e-06, -0.0022689280275927097]
Covariance:
[[ 3.99831870e-04 -3.70337103e-09  2.97499134e-07]
 [-3.70337103e-09  3.99785049e-04  1.13255838e-05]
 [ 2.97499134e-07  1.13255838e-05  2.76364197e-02]]
Estimated pose: 
(0.0015337, -3.12575e-06, -0.00226703)

Current pose: (0.001533697640573723, -3.125753117375458e-06, -0.0022670348448307386)
Goal pose: (0.6590726739538814, 0.018484644344997844, None)
Dist: 0.6577988317216391
Moving to goal, dist: 0.6577988317216391, theta_diff: 0.03037624399396078
error=0.6577988317216391, dt=0.10004520416259766
raw_control = 0.19733964951649172 + 0.002595555671702892 + -0.0015323779591928752 = 0.19840282722900174
error=0.03037624399396078, dt=0.10004615783691406
raw_control = 0.021263370795772545 + 5.962624804094751e-05 + 0.00044885680587974995 = 0.021771853849693244
Velocities: 0.19840282722900174 0.021771853849693244
Rel pose: (0.00375285, 6.02894e-07, 0.000523599)

Landmark 682 range: 0.8239841394904034 bearing: 0.32956329024344616
Raw z: 0.8966091018850002,x: -0.26666586477288395 y: -0.06613429288483036
Landmark 683 range: 0.7549152496417872 bearing: -0.27000617986738346
Raw z: 0.8162281645294475,x: 0.20136412536877268 y: -0.015623964835988914
Estimated landmark positions:
682: [0.78085818 0.26526919]
683: [ 0.72990838 -0.20275478]
Odometry measurement
[0.005288097946112364, -1.0971178462971059e-05, -0.0017453292519942214]
Covariance:
[[ 4.99579829e-04 -8.16357253e-09  7.46670773e-07]
 [-8.16357253e-09  4.99828632e-04  8.70644444e-05]
 [ 7.46670773e-07  8.70644444e-05  3.53717694e-02]]
Estimated pose: 
(0.00528055, -1.1104e-05, -0.00169923)

Current pose: (0.005280545853014609, -1.1104005697425661e-05, -0.0016992270200777938)
Goal pose: (0.6590726739538814, 0.018484644344997844, None)
Dist: 0.6540536976989828
Moving to goal, dist: 0.6540536976989828, theta_diff: 0.02998163627943947
error=0.6540536976989828, dt=0.10013580322265625
raw_control = 0.19621610930969483 + 0.0039054395190996124 + -0.003740054907562721 = 0.19638149392123172
error=0.02998163627943947, dt=0.10013508796691895
raw_control = 0.02098714539560763 + 8.964838590328591e-05 + -0.0007881507322421741 = 0.02028864304926874
Velocities: 0.19638149392123172 0.02028864304926874
Rel pose: (0.0143717, -1.26533e-07, 0.000698132)

Landmark 682 range: 0.8159621310231217 bearing: 0.33142791473854394
Raw z: 0.8867552743584336,x: -0.2655088270362252 y: -0.06259387732492411
Landmark 683 range: 0.7479234814277798 bearing: -0.27188207430615413
Raw z: 0.8077507000469205,x: 0.200851000366053 y: -0.01195146162449429
Estimated landmark positions:
682: [0.78298671 0.26513066]
683: [ 0.73190992 -0.20250703]
Odometry measurement
[0.019659792457034937, -3.6181076302878266e-05, -0.0010471975511965326]
Covariance:
[[5.99158844e-04 3.29564106e-09 1.76578912e-06]
 [3.29564106e-09 6.08161240e-04 5.30434290e-04]
 [1.76578912e-06 5.30434290e-04 4.20857507e-02]]
Estimated pose: 
(0.0196346, -3.70013e-05, -0.00101434)

Current pose: (0.019634601848873248, -3.700129729944799e-05, -0.0010143357572045995)
Goal pose: (0.6590726739538814, 0.018484644344997844, None)
Dist: 0.6397062602590883
Moving to goal, dist: 0.6397062602590883, theta_diff: 0.029971742528518936
error=0.6397062602590883, dt=0.10014772415161133
raw_control = 0.19191187807772647 + 0.0051867420409093335 + -0.014326274073062584 = 0.18277234604557321
error=0.029971742528518936, dt=0.10014700889587402
raw_control = 0.020980219769963254 + 0.00011966418955957023 + -1.975845515430487e-05 = 0.02108012550436852
Velocities: 0.18277234604557321 0.02108012550436852
Rel pose: (0.0110027, 1.90544e-06, 0.0010472)

Landmark 682 range: 0.8085172912583628 bearing: 0.33234876523015217
Raw z: 0.8774940587803979,x: -0.2637902180239749 y: -0.05649408193928946
Landmark 683 range: 0.739252131764925 bearing: -0.2770882084491796
Raw z: 0.7970875399045496,x: 0.20222692111468257 y: -0.005327849384569724
Estimated landmark positions:
682: [0.78496302 0.26492451]
683: [ 0.73355777 -0.20238776]
Odometry measurement
[0.03066246756511875, -4.579761038166564e-05, 0.0]
Covariance:
[[6.98527040e-04 3.72832148e-08 3.44328173e-06]
 [3.72832148e-08 7.22264012e-04 8.92117398e-04]
 [3.44328173e-06 8.92117398e-04 4.77860185e-02]]
Estimated pose: 
(0.0306141, -4.31235e-05, 0.000220184)

Current pose: (0.030614096601095948, -4.312345197327026e-05, 0.00022018421212162642)
Goal pose: (0.6590726739538814, 0.018484644344997844, None)
Dist: 0.6287316292567326
Moving to goal, dist: 0.6287316292567326, theta_diff: 0.029252566231115006
error=0.6287316292567326, dt=0.10042786598205566
raw_control = 0.18861948877701978 + 0.006449585556942827 + -0.010927874345469577 = 0.18414119998849304
error=0.029252566231115006, dt=0.1004326343536377
raw_control = 0.020476796361780503 + 0.00014904331244152165 + -0.0014321565933869804 = 0.019193683080835047
Velocities: 0.18414119998849304 0.019193683080835047
Rel pose: (0.0108321, 4.68918e-07, 0.000349066)

Landmark 682 range: 0.7954362325765922 bearing: 0.33540778253089515
Raw z: 0.8612331159878411,x: -0.26182122177029493 y: -0.04625484157310498
Landmark 683 range: 0.7248362973513377 bearing: -0.28443312396761594
Raw z: 0.7795610547329799,x: 0.203398775639369 y: 0.005474377872143759
Estimated landmark positions:
682: [0.78599392 0.26463508]
683: [ 0.73412243 -0.202345  ]
Odometry measurement
[0.04149456274255466, -4.53286926373394e-05, 0.0003490658503990663]
Covariance:
[[7.97641035e-04 7.81765491e-08 4.82302633e-06]
 [7.81765491e-08 8.43081102e-04 1.26924201e-03]
 [4.82302633e-06 1.26924201e-03 5.25275394e-02]]
Estimated pose: 
(0.0414317, -2.79687e-05, 0.00105974)

Current pose: (0.04143165786414431, -2.796872778845305e-05, 0.0010597388177307667)
Goal pose: (0.6590726739538814, 0.018484644344997844, None)
Dist: 0.6179183939640781
Moving to goal, dist: 0.6179183939640781, theta_diff: 0.02890438556871712
error=0.6179183939640781, dt=0.09971070289611816
raw_control = 0.18537551818922343 + 0.007681847104834801 + -0.010844608430772094 = 0.18221275686328614
error=0.02890438556871712, dt=0.09970760345458984
raw_control = 0.02023306989810198 + 0.0001778631825853638 + -0.0006984034323048585 = 0.019712529648382486
Velocities: 0.18221275686328614 0.019712529648382486
Rel pose: (0.013007, 1.10084e-05, 0.00226893)

Landmark 682 range: 0.7887878543417867 bearing: 0.33597761060808107
Raw z: 0.8529381174228197,x: -0.2600572646812118 y: -0.03798776470428176
Landmark 683 range: 0.7171258716760712 bearing: -0.29079208811664115
Raw z: 0.770171459736403,x: 0.2056079825801731 y: 0.014261399527520415
Estimated landmark positions:
682: [0.7874922  0.26446475]
683: [ 0.73516041 -0.20231003]
Odometry measurement
[0.05450159322464102, -2.9779983981326507e-05, 0.002617993877991554]
Covariance:
[[8.96458794e-04 2.97926886e-07 9.46789962e-06]
 [2.97926886e-07 9.78571028e-04 1.76196646e-03]
 [9.46789962e-06 1.76196646e-03 5.63916349e-02]]
Estimated pose: 
(0.0544083, 1.18474e-05, 0.00387371)

Current pose: (0.054408345140193985, 1.184737292921972e-05, 0.0038737117311367906)
Goal pose: (0.6590726739538814, 0.018484644344997844, None)
Dist: 0.6049464395859177
Moving to goal, dist: 0.6049464395859177, theta_diff: 0.026667287990566002
error=0.6049464395859177, dt=0.10022878646850586
raw_control = 0.1814839318757753 + 0.008894508055197597 + -0.012942344046275103 = 0.17743609588469778
error=0.026667287990566002, dt=0.10023760795593262
raw_control = 0.0186671015933962 + 0.00020459383417382684 + -0.004463589312974451 = 0.014408106114595575
Velocities: 0.17743609588469778 0.014408106114595575
Rel pose: (0.0159496, 1.00333e-05, 0.00244346)

Landmark 682 range: 0.7786573264061712 bearing: 0.3370542156574857
Raw z: 0.8405270324914207,x: -0.25750859431532974 y: -0.02849587197443038
Landmark 683 range: 0.7020187700664887 bearing: -0.29709743125551563
Raw z: 0.7521496429188522,x: 0.2055132120342712 y: 0.023904331499967166
Estimated landmark positions:
682: [0.78925899 0.26426332]
683: [ 0.73606085 -0.20202126]
Odometry measurement
[0.07045112739112958, 2.200927719512611e-05, 0.005061454830783685]
Covariance:
[[9.94935903e-04 7.64254587e-07 1.59153597e-05]
 [7.64254587e-07 1.13910304e-03 2.40775835e-03]
 [1.59153597e-05 2.40775835e-03 5.94799343e-02]]
Estimated pose: 
(0.070316, 9.64653e-05, 0.00681213)

Current pose: (0.0703159609313396, 9.64652617968586e-05, 0.006812125555225216)
Goal pose: (0.6590726739538814, 0.018484644344997844, None)
Dist: 0.5890437948566333
Moving to goal, dist: 0.5890437948566333, theta_diff: 0.024409945034383575
error=0.5890437948566333, dt=0.10005617141723633
raw_control = 0.17671313845698997 + 0.01007325739340629 + -0.015893717003192153 = 0.1708926788472041
error=0.024409945034383575, dt=0.10004615783691406
raw_control = 0.0170869615240685 + 0.0002290150463108302 + -0.0045126029924350275 = 0.012803373577944303
Velocities: 0.1708926788472041 0.012803373577944303
Rel pose: (0.0105762, 2.71675e-06, 0.0015708)

Landmark 682 range: 0.7703884517800549 bearing: 0.3375964735690912
Raw z: 0.8306208475211372,x: -0.25516821345481355 y: -0.025316037068563408
Landmark 683 range: 0.6959959724667372 bearing: -0.3023827805521796
Raw z: 0.744860459059437,x: 0.20726462367660958 y: 0.027842248050895618
Estimated landmark positions:
682: [0.79087271 0.26403195]
683: [ 0.73719978 -0.20178838]
Odometry measurement
[0.08102719610513097, 7.825680859091337e-05, 0.006632251157578707]
Covariance:
[[1.09303260e-03 1.20635717e-06 2.09120921e-05]
 [1.20635717e-06 1.28531546e-03 2.75563045e-03]
 [2.09120921e-05 2.75563045e-03 6.19875495e-02]]
Estimated pose: 
(0.0808379, 0.000187846, 0.00895061)

Current pose: (0.08083794568297328, 0.00018784563806765225, 0.008950605984041057)
Goal pose: (0.6590726739538814, 0.018484644344997844, None)
Dist: 0.5785241341737204
Moving to goal, dist: 0.5785241341737204, theta_diff: 0.022681350609261644
error=0.5785241341737204, dt=0.1000511646270752
raw_control = 0.1735572402521161 + 0.011230897661185311 + -0.010514281090203439 = 0.17427385682309798
error=0.022681350609261644, dt=0.1000516414642334
raw_control = 0.01587694542648315 + 0.00025170810990165436 + -0.0034554044288016422 = 0.012673249107583162
Velocities: 0.17427385682309798 0.012673249107583162
Rel pose: (0.0176554, 5.05314e-05, 0.00401426)

Landmark 682 range: 0.7649038451097331 bearing: 0.337439671007686
Raw z: 0.8239334830892331,x: -0.25323842909777733 y: -0.016680568926414376
Landmark 683 range: 0.6882666945605165 bearing: -0.3099293431575355
Raw z: 0.7357097009411587,x: 0.20991538613090285 y: 0.03722321083876211
Estimated landmark positions:
682: [0.79323465 0.26390913]
683: [ 0.73900434 -0.20153348]
Odometry measurement
[0.09868184360742888, 0.0002458810482492549, 0.010646508437165416]
Covariance:
[[1.19070899e-03 2.54261019e-06 3.26490485e-05]
 [2.54261019e-06 1.48539231e-03 3.49825869e-03]
 [3.26490485e-05 3.49825869e-03 6.39299959e-02]]
Estimated pose: 
(0.0983933, 0.000405177, 0.0133664)

Current pose: (0.09839331276066886, 0.00040517743873538087, 0.01336639795616626)
Goal pose: (0.6590726739538814, 0.018484644344997844, None)
Dist: 0.5609707774845705
Moving to goal, dist: 0.5609707774845705, theta_diff: 0.0188680765610391
error=0.5609707774845705, dt=0.10047483444213867
raw_control = 0.16829123324537112 + 0.012358166581078113 + -0.01747040120703909 = 0.16317899861941015
error=0.0188680765610391, dt=0.10049033164978027
raw_control = 0.01320765359272737 + 0.000270668702613777 + -0.007589335184029876 = 0.005888987111311272
Velocities: 0.16317899861941015 0.005888987111311272
Rel pose: (0.00985123, 1.20281e-05, 0.0020944)

Landmark 682 range: 0.7573374605346768 bearing: 0.3371370468216191
Raw z: 0.8148930006717287,x: -0.25051713409880366 y: -0.008950805981274453
Landmark 683 range: 0.6809667705528273 bearing: -0.3176110489218664
Raw z: 0.7271292923177515,x: 0.21266455245337168 y: 0.045557967248076245
Estimated landmark positions:
682: [0.79535029 0.26379496]
683: [ 0.74066391 -0.20134806]
Odometry measurement
[0.10853238250139971, 0.00036278764319225634, 0.012740903539558701]
Covariance:
[[1.28792036e-03 3.55881627e-06 4.01219846e-05]
 [3.55881627e-06 1.64383682e-03 3.76876593e-03]
 [4.01219846e-05 3.76876593e-03 6.55368004e-02]]
Estimated pose: 
(0.108136, 0.000570887, 0.0161755)

Current pose: (0.10813586307029274, 0.000570887129806143, 0.01617545180217481)
Goal pose: (0.6590726739538814, 0.018484644344997844, None)
Dist: 0.5512279676178848
Moving to goal, dist: 0.5512279676178848, theta_diff: 0.01632818177490272
error=0.5512279676178848, dt=0.09979963302612305
raw_control = 0.16536839028536546 + 0.013458413558718125 + -0.009762370432900694 = 0.16906443341118288
error=0.01632818177490272, dt=0.09982156753540039
raw_control = 0.011429727242431903 + 0.00028696774961151447 + -0.005088869768020109 = 0.006627825224023309
Velocities: 0.16906443341118288 0.006627825224023309
Rel pose: (0.00985124, -3.40896e-06, -0.000349066)

Landmark 682 range: 0.7531489982901725 bearing: 0.34064708651181397
Raw z: 0.809673675435308,x: -0.25162487067035355 y: -0.004703686140543487
Landmark 683 range: 0.6750215218107692 bearing: -0.31987269941986546
Raw z: 0.7202639198528098,x: 0.21225762833881043 y: 0.04981727454677017
Estimated landmark positions:
682: [0.79751826 0.26375665]
683: [ 0.74233794 -0.20116434]
Odometry measurement
[0.11838286175105472, 0.0004848892064582169, 0.012391837689159859]
Covariance:
[[1.38461062e-03 3.77152979e-06 3.85161436e-05]
 [3.77152979e-06 1.80733937e-03 4.04596767e-03]
 [3.85161436e-05 4.04596767e-03 6.68526862e-02]]
Estimated pose: 
(0.117857, 0.000735059, 0.0162935)

Current pose: (0.11785657471056817, 0.0007350588908934495, 0.01629354210792707)
Goal pose: (0.6590726739538814, 0.018484644344997844, None)
Dist: 0.5415070764670951
Moving to goal, dist: 0.5415070764670951, theta_diff: 0.016490453038512744
error=0.5415070764670951, dt=0.10009264945983887
raw_control = 0.1624521229401285 + 0.014542431118414988 + -0.00971189313426076 = 0.16728266092428273
error=0.016490453038512744, dt=0.10005760192871094
raw_control = 0.01154331712695892 + 0.00030346770146903057 + 0.0003243556920855245 = 0.012171140520513475
Velocities: 0.16728266092428273 0.012171140520513475
Rel pose: (0.0174422, 2.00816e-05, 0.00174533)

Landmark 682 range: 0.7420426933295627 bearing: 0.3422305259706236
Raw z: 0.7964553342634229,x: -0.2490214392989528 y: 0.005510595766337631
Landmark 683 range: 0.6637055092013151 bearing: -0.3285579807837316
Raw z: 0.7072548509625297,x: 0.21416348535342386 y: 0.06032635659309565
Estimated landmark positions:
682: [0.79979121 0.26366732]
683: [ 0.74416374 -0.20095364]
Odometry measurement
[0.1358234909043439, 0.0007211048379403018, 0.014137166941154081]
Covariance:
[[1.48075182e-03 5.39019333e-06 4.61528421e-05]
 [5.39019333e-06 2.04610095e-03 4.77941563e-03]
 [4.61528421e-05 4.77941563e-03 6.78274362e-02]]
Estimated pose: 
(0.135134, 0.00106066, 0.0187628)

Current pose: (0.13513418124398716, 0.0010606589095558511, 0.018762836840046995)
Goal pose: (0.6590726739538814, 0.018484644344997844, None)
Dist: 0.5242281367988276
Moving to goal, dist: 0.5242281367988276, theta_diff: 0.014480695751830759
error=0.5242281367988276, dt=0.10005021095275879
raw_control = 0.1572684410396483 + 0.015591413831896876 + -0.017270268102109368 = 0.1555895867694358
error=0.014480695751830759, dt=0.10004615783691406
raw_control = 0.01013648702628153 + 0.0003179550811967905 + -0.00401766010836339 = 0.006436781999114931
Velocities: 0.1555895867694358 0.006436781999114931
Rel pose: (0.00980859, 4.68918e-06, 0.00122173)

Landmark 682 range: 0.731551285979453 bearing: 0.34627142161565583
Raw z: 0.7839077353712208,x: -0.24828331774974388 y: 0.013991305120988331
Landmark 683 range: 0.6490853645554803 bearing: -0.3371244027654597
Raw z: 0.6903702864319311,x: 0.2147010390356194 y: 0.06881835497818295
Estimated landmark positions:
682: [0.80163912 0.26364669]
683: [ 0.74536882 -0.20074832]
Odometry measurement
[0.14563103295439858, 0.0008644545804911628, 0.015358897417550256]
Covariance:
[[1.57629700e-03 6.70839812e-06 5.23869730e-05]
 [6.70839812e-06 2.22458397e-03 5.01936466e-03]
 [5.23869730e-05 5.01936466e-03 6.86776124e-02]]
Estimated pose: 
(0.144801, 0.00126764, 0.0207305)

Current pose: (0.14480109218016007, 0.001267643182591899, 0.0207305372629364)
Goal pose: (0.6590726739538814, 0.018484644344997844, None)
Dist: 0.5145597000825771
Moving to goal, dist: 0.5145597000825771, theta_diff: 0.01273538579326101
error=0.5145597000825771, dt=0.10010600090026855
raw_control = 0.15436791002477313 + 0.016621624107891045 + -0.009658198938426047 = 0.16133133519423812
error=0.01273538579326101, dt=0.10010957717895508
raw_control = 0.008914770055282706 + 0.0003307044220665328 + -0.0034867991809611706 = 0.005758675296388068
Velocities: 0.16133133519423812 0.005758675296388068
Rel pose: (0.0121115, 2.53067e-06, 0.000872665)

Landmark 682 range: 0.7235003112844745 bearing: 0.3479803132799297
Raw z: 0.774383104344871,x: -0.24671351266386057 y: 0.018238140726580605
Landmark 683 range: 0.642505112640989 bearing: -0.34136112523737927
Raw z: 0.6828811027591559,x: 0.21509143012935752 y: 0.07334068270208254
Estimated landmark positions:
682: [0.80348939 0.26355889]
683: [ 0.74674698 -0.20051311]
Odometry measurement
[0.15774104169337966, 0.001052996554725744, 0.016231562043547365]
Covariance:
[[1.67119799e-03 8.05792526e-06 5.67738151e-05]
 [8.05792526e-06 2.43294257e-03 5.41035747e-03]
 [5.67738151e-05 5.41035747e-03 6.93741252e-02]]
Estimated pose: 
(0.15674, 0.00153281, 0.0222096)

Current pose: (0.15673961529362201, 0.001532811603214578, 0.022209637269122805)
Goal pose: (0.6590726739538814, 0.018484644344997844, None)
Dist: 0.5026190072572634
Moving to goal, dist: 0.5026190072572634, theta_diff: 0.011523763096642652
error=0.5026190072572634, dt=0.12894177436828613
raw_control = 0.15078570217717902 + 0.017917795840430607 + -0.009260530874353013 = 0.1594429671432566
error=0.011523763096642652, dt=0.12904882431030273
raw_control = 0.008066634167649855 + 0.0003455757028590547 + -0.0018777740953376948 = 0.006534435775171215
Velocities: 0.1594429671432566 0.006534435775171215
Rel pose: (0.00938213, 4.01929e-07, 0.000174533)

Landmark 682 range: 0.722932234902229 bearing: 0.34887631981857425
Raw z: 0.7737263318174459,x: -0.2471286275721872 y: 0.021047721455989054
Landmark 683 range: 0.6421467351804913 bearing: -0.343384581979168
Raw z: 0.6826966966627113,x: 0.21619539831637632 y: 0.07647759173869764
Estimated landmark positions:
682: [0.80560074 0.26351301]
683: [ 0.74845874 -0.20031879]
Odometry measurement
[0.1671219289536087, 0.001205678364393907, 0.016406094968747013]
Covariance:
[[1.76542233e-03 8.78521636e-06 5.72954661e-05]
 [8.78521636e-06 2.61758334e-03 5.62722676e-03]
 [5.72954661e-05 5.62722676e-03 6.99913589e-02]]
Estimated pose: 
(0.165892, 0.00174516, 0.0228911)

Current pose: (0.16589178762313161, 0.0017451631850286635, 0.022891065885264107)
Goal pose: (0.6590726739538814, 0.018484644344997844, None)
Dist: 0.49346488919829834
Moving to goal, dist: 0.49346488919829834, theta_diff: 0.011037778117034852
error=0.49346488919829834, dt=0.07529115676879883
raw_control = 0.1480394667594895 + 0.018660866687081147 + -0.0121582911617033 = 0.15454204228486734
error=0.011037778117034852, dt=0.07522225379943848
raw_control = 0.007726444681924396 + 0.0003538785683280695 + -0.0012921308656971596 = 0.006788192384555305
Velocities: 0.15454204228486734 0.006788192384555305
Rel pose: (0.0142864, 2.23294e-08, 0)

Landmark 682 range: 0.7107535136414274 bearing: 0.3544829130739828
Raw z: 0.7594475722685877,x: -0.24670643528352934 y: 0.03344172667864113
Landmark 683 range: 0.6272339369845615 bearing: -0.352699999743502
Raw z: 0.6662854198827509,x: 0.21666721311551249 y: 0.08908361388356588
Estimated landmark positions:
682: [0.80753029 0.26349235]
683: [ 0.74988553 -0.20012515]
Odometry measurement
[0.1814064305471987, 0.0014400746149551627, 0.016406094968747013]
Covariance:
[[1.85889644e-03 9.84605752e-06 5.77677357e-05]
 [9.84605752e-06 2.86655138e-03 6.16073755e-03]
 [5.77677357e-05 6.16073755e-03 7.04600067e-02]]
Estimated pose: 
(0.179948, 0.00208476, 0.0236228)

Current pose: (0.17994832239912373, 0.0020847620387524027, 0.023622802649516918)
Goal pose: (0.6590726739538814, 0.018484644344997844, None)
Dist: 0.4794049440633938
Moving to goal, dist: 0.4794049440633938, theta_diff: 0.010592703133484913
error=0.4794049440633938, dt=0.09721994400024414
raw_control = 0.14382148321901814 + 0.019593021123386813 + -0.014461996743044042 = 0.1489525075993609
error=0.010592703133484913, dt=0.09719109535217285
raw_control = 0.007414892193439438 + 0.00036417373253090743 + -0.0009158760520955262 = 0.006863189873874819
Velocities: 0.1489525075993609 0.006863189873874819
Rel pose: (0.0139879, 2.50536e-05, 0.00226893)

Landmark 682 range: 0.7020473195296316 bearing: 0.3553738602131053
Raw z: 0.7493882536814541,x: -0.24427096893504 y: 0.03874067766964484
Landmark 683 range: 0.6187329729573057 bearing: -0.3612669237687408
Raw z: 0.656700181851948,x: 0.21869714635869167 y: 0.09476035456610224
Estimated landmark positions:
682: [0.80949824 0.26344276]
683: [ 0.75140972 -0.1999186 ]
Odometry measurement
[0.19539201043207166, 0.001694600908970063, 0.018675022996339496]
Covariance:
[[1.95163658e-03 1.35313090e-05 7.22788986e-05]
 [1.35313090e-05 3.12367723e-03 6.65568401e-03]
 [7.22788986e-05 6.65568401e-03 7.08419986e-02]]
Estimated pose: 
(0.193667, 0.00245681, 0.0267148)

Current pose: (0.1936670514422816, 0.00245681385951009, 0.02671479443787231)
Goal pose: (0.6590726739538814, 0.018484644344997844, None)
Dist: 0.4656815272431163
Moving to goal, dist: 0.4656815272431163, theta_diff: 0.0077100123490461935
error=0.4656815272431163, dt=0.09958887100219727
raw_control = 0.1397044581729349 + 0.020520555074281233 + -0.013780070686788604 = 0.14644494256042753
error=0.0077100123490461935, dt=0.09957742691040039
raw_control = 0.005397008644332335 + 0.00037185116444256176 + -0.00578984790806567 = -2.098809929077395e-05
Velocities: 0.14644494256042753 -2.098809929077395e-05
Rel pose: (0.00686601, -2.00965e-06, -0.000349066)

Landmark 682 range: 0.6900201806819414 bearing: 0.359992594087718
Raw z: 0.7353195279277877,x: -0.2430715474403792 y: 0.045388649920774835
Landmark 683 range: 0.6072620068716763 bearing: -0.3668843110602076
Raw z: 0.6440257475599878,x: 0.21783024974106294 y: 0.10123118971259137
Estimated landmark positions:
682: [0.81097676 0.26335851]
683: [ 0.75251592 -0.19970984]
Odometry measurement
[0.2022568633665558, 0.0018208071032398874, 0.01832595714594066]
Covariance:
[[2.04352517e-03 1.39815878e-05 7.02826780e-05]
 [1.39815878e-05 3.29344782e-03 6.69177900e-03]
 [7.02826780e-05 6.69177900e-03 7.12802976e-02]]
Estimated pose: 
(0.20031, 0.00265141, 0.0271309)

Current pose: (0.20031025940758126, 0.0026514131873201343, 0.027130890801375714)
Goal pose: (0.6590726739538814, 0.018484644344997844, None)
Dist: 0.4590355587634184
Moving to goal, dist: 0.4590355587634184, theta_diff: 0.007368337130252804
error=0.4590355587634184, dt=0.10020256042480469
raw_control = 0.1377106676290255 + 0.021440485840563742 + -0.00663253359147968 = 0.15251861987810958
error=0.007368337130252804, dt=0.10020565986633301
raw_control = 0.005157835991176963 + 0.0003792346552851076 + -0.0006819479443559554 = 0.0048551227021061145
Velocities: 0.15251861987810958 0.0048551227021061145
Rel pose: (0.0135188, 1.08744e-05, 0.000872665)

Landmark 682 range: 0.6833781359416107 bearing: 0.36288579317239567
Raw z: 0.7277770058791667,x: -0.24258117476845434 y: 0.05208491376664796
Landmark 683 range: 0.5989555425961391 bearing: -0.37392047554257635
Raw z: 0.6352276228639409,x: 0.21877917940538305 y: 0.10858777423438047
Estimated landmark positions:
682: [0.812598   0.26328652]
683: [ 0.75372398 -0.19949397]
Odometry measurement
[0.21577318369757445, 0.0020794105928268096, 0.019198621771937773]
Covariance:
[[2.13456733e-03 1.65442895e-05 7.62831710e-05]
 [1.65442895e-05 3.55923412e-03 7.17795758e-03]
 [7.62831710e-05 7.17795758e-03 7.16154419e-02]]
Estimated pose: 
(0.213556, 0.00303723, 0.0287431)

Current pose: (0.21355633138528754, 0.0030372280442979723, 0.028743052874058705)
Goal pose: (0.6590726739538814, 0.018484644344997844, None)
Dist: 0.4457840667476394
Moving to goal, dist: 0.4457840667476394, theta_diff: 0.005916125437615216
error=0.4457840667476394, dt=0.11787652969360352
raw_control = 0.1337352200242918 + 0.02249143541618201 + -0.011241840975657856 = 0.14498481446481595
error=0.005916125437615216, dt=0.11799073219299316
raw_control = 0.004141287806330651 + 0.0003862151350064057 + -0.0024615690836840612 = 0.0020659338576529958
Velocities: 0.14498481446481595 0.0020659338576529958
Rel pose: (0.0118982, -1.22067e-06, 0.000174533)

Landmark 682 range: 0.6798519177276892 bearing: 0.36604620669785554
Raw z: 0.7237642744743481,x: -0.24333693957735483 y: 0.05641541975345126
Landmark 683 range: 0.5964576752531624 bearing: -0.3776607436834818
Raw z: 0.6329208600613073,x: 0.21994202127341006 y: 0.11303180130205832
Estimated landmark positions:
682: [0.81440374 0.26323467]
683: [ 0.75520389 -0.19931153]
Odometry measurement
[0.22766926064485826, 0.0023066060394083838, 0.01937315469713697]
Covariance:
[[2.22468231e-03 1.79488663e-05 7.67354925e-05]
 [1.79488663e-05 3.81018263e-03 7.54388323e-03]
 [7.67354925e-05 7.54388323e-03 7.19196469e-02]]
Estimated pose: 
(0.225109, 0.00337119, 0.0293952)

Current pose: (0.225108692190424, 0.0033711935153287525, 0.029395170619371226)
Goal pose: (0.6590726739538814, 0.018484644344997844, None)
Dist: 0.4342270763828244
Moving to goal, dist: 0.4342270763828244, theta_diff: 0.005417269147071184
error=0.4342270763828244, dt=0.09073448181152344
raw_control = 0.1302681229148473 + 0.023279422791464575 + -0.012737153653251199 = 0.14081039205306067
error=0.005417269147071184, dt=0.09064507484436035
raw_control = 0.0037920884029498283 + 0.0003911256226792888 + -0.0011006804096098542 = 0.0030825336160192627
Velocities: 0.14081039205306067 0.0030825336160192627
Rel pose: (0.00869979, 6.69882e-07, 0.000698132)

Landmark 682 range: 0.6669004794109925 bearing: 0.3703289762977177
Raw z: 0.7090687022667655,x: -0.2413660393320833 y: 0.06536433778966409
Landmark 683 range: 0.5847466474351225 bearing: -0.3881165396473617
Raw z: 0.6207461362841831,x: 0.2212948614829984 y: 0.1229705452688155
Estimated landmark positions:
682: [0.81581783 0.26318992]
683: [ 0.75636513 -0.19916806]
Odometry measurement
[0.2363674080127777, 0.0024758076870667316, 0.020071286397934877]
Covariance:
[[2.31388997e-03 2.05055793e-05 8.29131204e-05]
 [2.05055793e-05 4.01911898e-03 7.70564391e-03]
 [8.29131204e-05 7.70564391e-03 7.22559059e-02]]
Estimated pose: 
(0.23351, 0.00364187, 0.0309286)

Current pose: (0.233509801188742, 0.0036418745451350628, 0.030928567022559146)
Goal pose: (0.6590726739538814, 0.018484644344997844, None)
Dist: 0.4258216369460926
Moving to goal, dist: 0.4258216369460926, theta_diff: 0.003935272210958886
error=0.4258216369460926, dt=0.09516191482543945
raw_control = 0.12774649108382777 + 0.02408986283838244 + -0.008832776696591615 = 0.1430035772256186
error=0.003935272210958886, dt=0.09515571594238281
raw_control = 0.0027546905476712197 + 0.00039487025912590836 + -0.003114887889676861 = 3.467291712026723e-05
Velocities: 0.1430035772256186 3.467291712026723e-05
Rel pose: (0.013135, 1.42164e-06, 0.000523599)

Landmark 682 range: 0.661403497393703 bearing: 0.37440322424283357
Raw z: 0.7031999814215324,x: -0.2418866083541635 y: 0.07363387758423703
Landmark 683 range: 0.5772142087400844 bearing: -0.39846478518491973
Raw z: 0.6134793780794708,x: 0.22396133957970793 y: 0.1321649383236451
Estimated landmark positions:
682: [0.8173573 0.2632281]
683: [ 0.75758925 -0.19907837]
Odometry measurement
[0.24949971496739828, 0.00274084730786805, 0.020594885173533143]
Covariance:
[[2.40207299e-03 2.37617906e-05 8.90950339e-05]
 [2.37617906e-05 4.30320398e-03 8.16799210e-03]
 [8.90950339e-05 8.16799210e-03 7.25218067e-02]]
Estimated pose: 
(0.246295, 0.00407286, 0.0325437)

Current pose: (0.246294698757988, 0.004072855107594987, 0.032543748637111625)
Goal pose: (0.6590726739538814, 0.018484644344997844, None)
Dist: 0.41302948620630564
Moving to goal, dist: 0.41302948620630564, theta_diff: 0.0023562179420779095
error=0.41302948620630564, dt=0.09690332412719727
raw_control = 0.12390884586189169 + 0.024890341441901227 + -0.013200941097743685 = 0.1355982462060492
error=0.0023562179420779095, dt=0.09688353538513184
raw_control = 0.0016493525594545365 + 0.0003971530463695722 + -0.0032596958040474336 = -0.0012131901982233247
Velocities: 0.1355982462060492 -0.0012131901982233247
Rel pose: (0.0129644, 7.56223e-06, 0.0010472)

Landmark 682 range: 0.6493400957737911 bearing: 0.3783979981881377
Raw z: 0.6892895742717974,x: -0.23988718665751968 y: 0.07763081010439357
Landmark 683 range: 0.5658325552879638 bearing: -0.4054637528247058
Raw z: 0.6010053141202554,x: 0.2231897964223275 y: 0.1361767050844638
Estimated landmark positions:
682: [0.81879313 0.26317845]
683: [ 0.75875936 -0.19892408]
Odometry measurement
[0.2624612043764868, 0.00301538927344548, 0.021642082724729894]
Covariance:
[[2.48918759e-03 2.78383750e-05 9.75522217e-05]
 [2.78383750e-05 4.59419307e-03 8.60638728e-03]
 [9.75522217e-05 8.60638728e-03 7.27590807e-02]]
Estimated pose: 
(0.258893, 0.00450861, 0.0343489)

Current pose: (0.2588933431534886, 0.004508614065823478, 0.03434886480252435)
Goal pose: (0.6590726739538814, 0.018484644344997844, None)
Dist: 0.40042330878985377
Moving to goal, dist: 0.40042330878985377, theta_diff: 0.0005613644394818762
error=0.40042330878985377, dt=0.10027909278869629
raw_control = 0.12012699263695613 + 0.02569342316463912 + -0.012571092404091704 = 0.13324932339750353
error=0.0005613644394818762, dt=0.1002810001373291
raw_control = 0.0003929551076373133 + 0.00039771598824389994 + -0.0035796481888654558 = -0.0027889770929842425
Velocities: 0.13324932339750353 -0.0027889770929842425
Rel pose: (0.00622632, 1.44397e-06, 0.000523599)

Landmark 682 range: 0.6471671301780088 bearing: 0.3818512823090013
Raw z: 0.6873933412734362,x: -0.2411597466672833 y: 0.08477960793232849
Landmark 683 range: 0.5611289431471819 bearing: -0.41385571766136436
Raw z: 0.5971435806308394,x: 0.22565380455209424 y: 0.14430259773630325
Estimated landmark positions:
682: [0.8201913  0.26325227]
683: [ 0.75982133 -0.19886202]
Odometry measurement
[0.26868603724007095, 0.0031515729654171165, 0.02216568150032816]
Covariance:
[[2.57529040e-03 3.08119193e-05 1.03152355e-04]
 [3.08119193e-05 4.77492985e-03 8.60073815e-03]
 [1.03152355e-04 8.60073815e-03 7.30971118e-02]]
Estimated pose: 
(0.264753, 0.00473215, 0.0358121)

Current pose: (0.2647530015741733, 0.0047321452642161465, 0.03581210308020905)
Goal pose: (0.6590726739538814, 0.018484644344997844, None)
Dist: 0.39455941917106374
Moving to goal, dist: 0.39455941917106374, theta_diff: -0.000949710816324334
error=0.39455941917106374, dt=0.10020160675048828
raw_control = 0.11836782575131911 + 0.026484132919828717 + -0.0058520914074678305 = 0.13899986726368
error=-0.000949710816324334, dt=0.1002054214477539
raw_control = -0.0006647975714270337 + 0.00039676432651786724 + -0.003015955092996779 = -0.0032839883379059452
Velocities: 0.13899986726368 -0.0032839883379059452
Rel pose: (0.0123674, 5.01668e-06, 0.0015708)

Landmark 682 range: 0.6395043822809958 bearing: 0.3836785623362899
Raw z: 0.6787926346107902,x: -0.23938829920862603 y: 0.08826272231730936
Landmark 683 range: 0.5539617197238409 bearing: -0.4190455759886656
Raw z: 0.5895365646137772,x: 0.22540081576319948 y: 0.1474486483307622
Estimated landmark positions:
682: [0.82164586 0.26324343]
683: [ 0.76098196 -0.19873471]
Odometry measurement
[0.2810502394565841, 0.0034306967341611386, 0.023736477827122734]
Covariance:
[[2.66028538e-03 3.64271694e-05 1.15556748e-04]
 [3.64271694e-05 5.06633354e-03 9.02505113e-03]
 [1.15556748e-04 9.02505113e-03 7.33648654e-02]]
Estimated pose: 
(0.276688, 0.00516644, 0.0379324)

Current pose: (0.27668800124310045, 0.0051664424817636, 0.03793244211024126)
Goal pose: (0.6590726739538814, 0.018484644344997844, None)
Dist: 0.38261653443755
Moving to goal, dist: 0.38261653443755, theta_diff: -0.003117185716022597
error=0.38261653443755, dt=0.10020685195922852
raw_control = 0.11478496033126499 + 0.02725094888829945 + -0.01191823163786542 = 0.130117677581699
error=-0.003117185716022597, dt=0.10020327568054199
raw_control = -0.0021820300012158175 + 0.0003936408043213666 + -0.004326155776799929 = -0.00611454497369438
Velocities: 0.130117677581699 -0.00611454497369438
Rel pose: (0.0106615, 2.61998e-06, 0.000872665)

Landmark 682 range: 0.632960730522887 bearing: 0.38690250674698656
Raw z: 0.6717548378423273,x: -0.23882981652024374 y: 0.09394774053299054
Landmark 683 range: 0.5490709549397932 bearing: -0.4280094760818024
Raw z: 0.5854880667992205,x: 0.22789775277888363 y: 0.1548490113997036
Estimated landmark positions:
682: [0.82308739 0.2632591 ]
683: [ 0.76220244 -0.19865002]
Odometry measurement
[0.2917086845100052, 0.0036863589265850824, 0.024609142453120073]
Covariance:
[[2.74407088e-03 4.08709289e-05 1.22467465e-04]
 [4.08709289e-05 5.33345872e-03 9.32625977e-03]
 [1.22467465e-04 9.32625977e-03 7.36298233e-02]]
Estimated pose: 
(0.286876, 0.00557008, 0.0395197)

Current pose: (0.28687598817713933, 0.005570084854260239, 0.039519718973229194)
Goal pose: (0.6590726739538814, 0.018484644344997844, None)
Dist: 0.37242067443957866
Moving to goal, dist: 0.37242067443957866, theta_diff: -0.004835422125903044
error=0.37242067443957866, dt=0.09981131553649902
raw_control = 0.1117262023318736 + 0.02799438483727554 + -0.010215134369452252 = 0.12950545279969689
error=-0.004835422125903044, dt=0.09980893135070801
raw_control = -0.0033847954881321305 + 0.0003888146211712071 + -0.0034430514115874433 = -0.006439032278548367
Velocities: 0.12950545279969689 -0.006439032278548367
Rel pose: (0.00823069, -1.77147e-06, 0.000174533)

Landmark 682 range: 0.6226564797526829 bearing: 0.39222114599902985
Raw z: 0.6606612764114496,x: -0.2380053545636468 y: 0.10196529573899091
Estimated landmark positions:
682: [0.82428288 0.26345885]
683: [ 0.76222291 -0.1984764 ]
Odometry measurement
[0.2999369221196041, 0.0038871176810495963, 0.024783675378319492]
Covariance:
[[2.83600139e-03 5.16787763e-05 2.58503674e-04]
 [5.16787763e-05 5.57555606e-03 9.68465560e-03]
 [2.58503674e-04 9.68465560e-03 7.79936486e-02]]
Estimated pose: 
(0.294869, 0.005932, 0.042502)

Current pose: (0.2948688627483202, 0.005931998854804854, 0.04250195334554168)
Goal pose: (0.6590726739538814, 0.018484644344997844, None)
Dist: 0.364420066688785
Moving to goal, dist: 0.364420066688785, theta_diff: -0.008049599483650915
error=0.364420066688785, dt=0.10448956489562988
raw_control = 0.10932602000663551 + 0.028755946721426492 + -0.007656848565486041 = 0.13042511816257596
error=-0.008049599483650915, dt=0.10449075698852539
raw_control = -0.0056347196385556405 + 0.00038040353373619583 + -0.006152079763573414 = -0.011406395868392859
Velocities: 0.13042511816257596 -0.011406395868392859
Rel pose: (0.0111306, 5.29207e-06, 0.000174533)

Landmark 682 range: 0.6206800838370854 bearing: 0.39675124025394937
Raw z: 0.6589681551628491,x: -0.23984567242867366 y: 0.10733593778894698
Estimated landmark positions:
682: [0.82561691 0.26377553]
683: [ 0.7622156  -0.19835764]
Odometry measurement
[0.31106398834194743, 0.004168237450991341, 0.024958208303518914]
Covariance:
[[2.92789364e-03 6.52965415e-05 3.97394995e-04]
 [6.52965415e-05 5.88028974e-03 1.02473661e-02]
 [3.97394995e-04 1.02473661e-02 8.14135868e-02]]
Estimated pose: 
(0.305724, 0.00643836, 0.0455822)

Current pose: (0.30572399468357836, 0.0064383636027716355, 0.045582237966541955)
Goal pose: (0.6590726739538814, 0.018484644344997844, None)
Dist: 0.3535539591374816
Moving to goal, dist: 0.3535539591374816, theta_diff: -0.011503669752475965
error=0.3535539591374816, dt=0.09594964981079102
raw_control = 0.10606618774124447 + 0.029434414292795693 + -0.011324801677474537 = 0.12417580035656561
error=-0.011503669752475965, dt=0.09594869613647461
