Robot Name: locobot
Robot Model: locobot_px100
Initialized InterbotixRobotXSCore!

Turret Group Name: camera
Pan Name: pan, Profile Type: time, Profile Velocity: 2.0, Profile Acceleration: 0.3
Tilt Name: tilt, Profile Type: time, Profile Velocity: 2.0, Profile Acceleration: 0.3
Initialized InterbotixTurretXSInterface!

Initialized InterbotixKobukiInterface!

Arm Group Name: arm
Moving Time: 2.00 seconds
Acceleration Time: 0.30 seconds
Drive Mode: Time-Based-Profile
Initialized InterbotixArmXSInterface!

Gripper Name: gripper
Gripper Pressure: 50%
Initialized InterbotixGripperXSInterface!

Reset odom:[0.0, 0.0, 0.0]
Estimated landmark positions:
Starting move to goal: (0.5, 0.5, 0)
Rel pose: (0, 0, 0.000174533)

Landmark 683 range: 1.0043704566654663 bearing: -0.2215002661905766
Raw z: 1.1409515508099255,x: 0.22065364373154564 y: -0.23602378181642109
Initial estimate for 683: (0.9798711268702769, -0.22048262731646512)
Landmark 682 range: 0.8776315573236984 bearing: 0.30568062754739705
Raw z: 0.965527149415053,x: -0.264116477067197 y: -0.10800704492409798
Initial estimate for 682: (0.8369005055851833, 0.2642625477847449)
Estimated landmark positions:
682: [0.83690051 0.26426255]
683: [ 0.97987113 -0.22048263]
Odometry measurement
[0.0, 0.0, 0.00017453292519953314]
Covariance:
[[ 2.00000000e-04  1.90819582e-24 -6.48700130e-22]
 [ 1.90819582e-24  2.00000000e-04 -8.64933507e-22]
 [-6.48700130e-22 -8.64933507e-22  9.73828555e-03]]
Estimated pose: 
(3.9443e-35, 6.88411e-39, 0.000174533)

Current pose: (3.944304466029867e-35, 6.88411003323833e-39, 0.00017453292519953314)
Goal pose: (0.5, 0.5, 0)
Dist: 0.7071067811865476
Moving to goal, dist: 0.7071067811865476, theta_diff: 0.7852236304722487
dt=0
raw_control = 0.3535533905932738 + 0.0 + 0 = 0.3535533905932738
dt=0
raw_control = 0.5496565413305741 + 0.0 + 0 = 0.5496565413305741
Velocities: 0.2 0.5496565413305741
Rel pose: (0, 0, 0)

Landmark 682 range: 0.8774087354011606 bearing: 0.30582648203037205
Raw z: 0.96521750537141,x: -0.2641714591346796 y: -0.10768226656508031
Landmark 683 range: 1.0051555817829727 bearing: -0.22124947169140427
Raw z: 1.1418598980573995,x: 0.22058019493264736 y: -0.23590364882920034
Estimated landmark positions:
682: [0.83677591 0.26428694]
683: [ 0.98028089 -0.22044955]
Odometry measurement
[0.0, 0.0, 0.00017453292519953314]
Covariance:
[[ 2.99959490e-04  1.65848811e-09  2.31219647e-07]
 [ 1.65848811e-09  2.99956339e-04 -3.81869918e-06]
 [ 2.31219647e-07 -3.81869918e-06  1.90189252e-02]]
Estimated pose: 
(-1.11792e-07, -2.94875e-08, 0.000167172)

Current pose: (-1.1179196463675051e-07, -2.9487515599095237e-08, 0.00016717159664950032)
Goal pose: (0.5, 0.5, 0)
Dist: 0.7071068810862284
Moving to goal, dist: 0.7071068810862284, theta_diff: 0.7852309094963614
dt=0.09954285621643066
raw_control = 0.3535534405431142 + 0.0 + 0.0 = 0.3535534405431142
dt=0.09954595565795898
raw_control = 0.5496616366474529 + 0.0 + 0.0 = 0.5496616366474529
Velocities: 0.2 0.5496616366474529
Rel pose: (0.00243082, 1.48863e-07, 0.000349066)

Landmark 682 range: 0.877654405715956 bearing: 0.3057950927994678
Raw z: 0.9655274211797805,x: -0.2642191551842557 y: -0.1078450018098893
Landmark 683 range: 1.004295849498299 bearing: -0.2213425477427879
Raw z: 1.1408470996910127,x: 0.22048272407747332 y: -0.23589044023219277
Estimated landmark positions:
682: [0.83759599 0.26440199]
683: [ 0.98096474 -0.22029853]
Odometry measurement
[0.002430824441509486, 5.73121682974763e-07, 0.0005235987755984881]
Covariance:
[[3.99838038e-04 7.39454441e-09 9.04680177e-07]
 [7.39454441e-09 3.99906920e-04 3.06697750e-05]
 [9.04680177e-07 3.06697750e-05 2.76360036e-02]]
Estimated pose: 
(0.00242889, 2.39104e-07, 0.000499733)

Current pose: (0.00242889385766862, 2.391041927014911e-07, 0.0004997327656035094)
Goal pose: (0.5, 0.5, 0)
Dist: 0.7053912152582903
Moving to goal, dist: 0.7053912152582903, theta_diff: 0.7873329944662827
dt=0.10060453414916992
raw_control = 0.35269560762914515 + 0.0 + -0.0 = 0.35269560762914515
dt=0.10060572624206543
raw_control = 0.5511330961263978 + 0.0 + 0.0 = 0.5511330961263978
Velocities: 0.2 0.5511330961263978
Rel pose: (0.00464822, 3.37835e-05, 0.0216421)

Landmark 682 range: 0.8350852650541336 bearing: 0.2577024581690218
Raw z: 0.9182733387832636,x: -0.21282945813744164 y: -0.10568790544804066
Estimated landmark positions:
682: [0.83060159 0.25627702]
683: [ 0.98103928 -0.21997688]
Odometry measurement
[0.007079025276056989, 3.679045267646931e-05, 0.02216568150032816]
Covariance:
[[4.99716532e-04 4.04846740e-08 6.34016237e-06]
 [4.04846740e-08 5.00580703e-04 1.45255979e-04]
 [6.34016237e-06 1.45255979e-04 3.62822449e-02]]
Estimated pose: 
(0.00709243, 6.41427e-05, 0.0236531)

Current pose: (0.0070924303054488765, 6.414270878054758e-05, 0.023653068944197986)
Goal pose: (0.5, 0.5, 0)
Dist: 0.702063909959553
Moving to goal, dist: 0.702063909959553, theta_diff: 0.7688239248204506
dt=0.09961128234863281
raw_control = 0.3510319549797765 + 0.0 + -0.0 = 0.3510319549797765
dt=0.09960031509399414
raw_control = 0.5381767473743154 + 0.0 + -0.0 = 0.5381767473743154
Velocities: 0.2 0.5381767473743154
Rel pose: (0.0124043, 0.000313623, 0.0553269)

Landmark 682 range: 0.8470884413541145 bearing: 0.2083720396060227
Raw z: 0.9356806981128168,x: -0.17523500776156237 y: -0.10966849399033447
Estimated landmark positions:
682: [0.83077865 0.25349368]
683: [ 0.98107324 -0.21982267]
Odometry measurement
[0.019473343085922246, 0.000625264243712812, 0.07749261878854843]
Covariance:
[[5.99540017e-04 5.21583611e-07 3.15891991e-05]
 [5.21583611e-07 6.09049102e-04 5.61472872e-04]
 [3.15891991e-05 5.61472872e-04 4.43109497e-02]]
Estimated pose: 
(0.0194835, 0.00069715, 0.0802271)

Current pose: (0.019483485768080133, 0.000697150119873871, 0.08022708379899271)
Goal pose: (0.5, 0.5, 0)
Dist: 0.692964253297391
Moving to goal, dist: 0.692964253297391, theta_diff: 0.7243419949767733
dt=0.10014581680297852
raw_control = 0.3464821266486955 + 0.0 + -0.0 = 0.3464821266486955
dt=0.10015320777893066
raw_control = 0.5070393964837413 + 0.0 + -0.0 = 0.5070393964837413
Velocities: 0.2 0.5070393964837413
Rel pose: (0.0133879, 0.00022788, 0.0418879)

Landmark 682 range: 0.8604413936562904 bearing: 0.17884121652631016
Raw z: 0.9527246786360354,x: -0.15306339608562988 y: -0.10779011443557822
Estimated landmark positions:
682: [0.8347097  0.25417885]
683: [ 0.98107733 -0.21979537]
Odometry measurement
[0.03280341958754549, 0.0018888854857797986, 0.11938052083641228]
Covariance:
[[6.99347271e-04 2.08077115e-06 7.35118049e-05]
 [2.08077115e-06 7.30282107e-04 1.09176337e-03]
 [7.35118049e-05 1.09176337e-03 5.16501319e-02]]
Estimated pose: 
(0.0327857, 0.00199927, 0.122475)

Current pose: (0.03278573796743686, 0.001999267892649446, 0.12247454735827792)
Goal pose: (0.5, 0.5, 0)
Dist: 0.6828571562384697
Moving to goal, dist: 0.6828571562384697, theta_diff: 0.6948087777843664
dt=0.09989714622497559
raw_control = 0.3414285781192348 + 0.0 + -0.0 = 0.3414285781192348
dt=0.09988999366760254
raw_control = 0.48636614444905646 + 0.0 + -0.0 = 0.48636614444905646
Velocities: 0.2 0.48636614444905646
Rel pose: (0.0118972, 0.000123728, 0.029147)

Estimated landmark positions:
682: [0.8347097  0.25417885]
683: [ 0.98107733 -0.21979537]
Odometry measurement
[0.0446012229804911, 0.0034286579204340097, 0.14852751934471756]
Covariance:
[[7.99544313e-04 4.61095181e-06 1.16817912e-04]
 [4.61095181e-06 8.63356308e-04 1.70357533e-03]
 [1.16817912e-04 1.70357533e-03 6.12884174e-02]]
Estimated pose: 
(0.0445787, 0.00357554, 0.151622)

Current pose: (0.04457872080109332, 0.0035755356155345477, 0.15162154586658322)
Goal pose: (0.5, 0.5, 0)
Dist: 0.6736807778069461
Moving to goal, dist: 0.6736807778069461, theta_diff: 0.676827553876604
dt=0.1005711555480957
raw_control = 0.33684038890347306 + 0.0 + -0.0 = 0.33684038890347306
dt=0.10061788558959961
raw_control = 0.47377928771362277 + 0.0 + -0.0 = 0.47377928771362277
Velocities: 0.2 0.47377928771362277
Rel pose: (0.0115984, 0.000141425, 0.0319395)

Estimated landmark positions:
682: [0.8347097  0.25417885]
683: [ 0.98107733 -0.21979537]
Odometry measurement
[0.05605096479668772, 0.005284875520484007, 0.1804670446562138]
Covariance:
[[8.99985348e-04 9.17513259e-06 1.85197401e-04]
 [9.17513259e-06 1.01064549e-03 2.40973583e-03]
 [1.85197401e-04 2.40973583e-03 7.09267030e-02]]
Estimated pose: 
(0.0560227, 0.00546717, 0.183561)

Current pose: (0.056022664635824206, 0.005467170079120698, 0.18356107117807946)
Goal pose: (0.5, 0.5, 0)
Dist: 0.6645890415787994
Moving to goal, dist: 0.6645890415787994, theta_diff: 0.6556528970146689
dt=0.099761962890625
raw_control = 0.3322945207893997 + 0.0 + -0.0 = 0.3322945207893997
dt=0.09972238540649414
raw_control = 0.4589570279102682 + 0.0 + -0.0 = 0.4589570279102682
Velocities: 0.2 0.4589570279102682
Rel pose: (0.020377, 0.000466355, 0.0548033)

Estimated landmark positions:
682: [0.8347097  0.25417885]
683: [ 0.98107733 -0.21979537]
Odometry measurement
[0.07601329442432797, 0.00940109750223797, 0.23527038316883594]
Covariance:
[[1.00176334e-03 2.41271863e-05 3.63053486e-04]
 [2.41271863e-05 1.23636657e-03 3.84088609e-03]
 [3.63053486e-04 3.84088609e-03 8.05649885e-02]]
Estimated pose: 
(0.0759722, 0.00964514, 0.238364)

Current pose: (0.07597216303419162, 0.009645136237335768, 0.23836440969070163)
Goal pose: (0.5, 0.5, 0)
Dist: 0.648264991294149
Moving to goal, dist: 0.648264991294149, theta_diff: 0.6194444215039506
dt=0.10034680366516113
raw_control = 0.3241324956470745 + 0.0 + -0.0 = 0.3241324956470745
dt=0.10035157203674316
raw_control = 0.4336110950527654 + 0.0 + -0.0 = 0.4336110950527654
Velocities: 0.2 0.4336110950527654
Rel pose: (0.0118548, 0.000111717, 0.0244346)

Landmark 682 range: 0.8294217664796943 bearing: 0.018919889096879184
Raw z: 0.9178574601834254,x: -0.015691631628729896 y: -0.0913026312453784
Estimated landmark positions:
682: [0.84156047 0.25342538]
683: [ 0.98110743 -0.21964363]
Odometry measurement
[0.08751546275847183, 0.012273159840865392, 0.2597049926967563]
Covariance:
[[1.10186724e-03 3.51129310e-05 4.50542638e-04]
 [3.51129310e-05 1.40708782e-03 4.21737106e-03]
 [4.50542638e-04 4.21737106e-03 7.93748607e-02]]
Estimated pose: 
(0.0873123, 0.0127947, 0.268161)

Current pose: (0.0873123308966959, 0.012794746879890725, 0.26816139377861836)
Goal pose: (0.5, 0.5, 0)
Dist: 0.6384982935746563
Moving to goal, dist: 0.6384982935746563, theta_diff: 0.5998554417785227
dt=0.10033988952636719
raw_control = 0.31924914678732813 + 0.0 + -0.0 = 0.31924914678732813
dt=0.1003422737121582
raw_control = 0.41989880924496586 + 0.0 + -0.0 = 0.41989880924496586
Velocities: 0.2 0.41989880924496586
Rel pose: (0.0118545, 0.000131364, 0.0270526)

Landmark 682 range: 0.815692046968164 bearing: -0.015127031700588777
Raw z: 0.9006486324856035,x: 0.01233852887490391 y: -0.0830774413646156
Estimated landmark positions:
682: [0.84642456 0.25286804]
683: [ 0.98112877 -0.21953603]
Odometry measurement
[0.09893865422832387, 0.015444288919732912, 0.2867575961026683]
Covariance:
[[1.20277400e-03 4.99242811e-05 5.56138645e-04]
 [4.99242811e-05 1.58931711e-03 4.66999527e-03]
 [5.56138645e-04 4.66999527e-03 8.04043563e-02]]
Estimated pose: 
(0.0985719, 0.0162838, 0.299851)

Current pose: (0.09857185265098702, 0.016283834532822908, 0.29985096955630697)
Goal pose: (0.5, 0.5, 0)
Dist: 0.6285903962186588
Moving to goal, dist: 0.6285903962186588, theta_diff: 0.578246404058898
dt=0.09946012496948242
raw_control = 0.3142951981093294 + 0.0 + -0.0 = 0.3142951981093294
dt=0.09945082664489746
raw_control = 0.40477248284122863 + 0.0 + -0.0 = 0.40477248284122863
Velocities: 0.2 0.40477248284122863
Rel pose: (0.0210196, 0.000372018, 0.0441568)

Estimated landmark positions:
682: [0.84642456 0.25286804]
683: [ 0.98112877 -0.21953603]
Odometry measurement
[0.11899471593162647, 0.021746377662879034, 0.330914426178125]
Covariance:
[[1.30880270e-03 8.63055764e-05 8.06462754e-04]
 [8.63055764e-05 1.91473314e-03 6.33063413e-03]
 [8.06462754e-04 6.33063413e-03 9.00426418e-02]]
Estimated pose: 
(0.118544, 0.022848, 0.344008)

Current pose: (0.1185436819606261, 0.022847977101042458, 0.3440077996317637)
Goal pose: (0.5, 0.5, 0)
Dist: 0.6108870399089534
Moving to goal, dist: 0.6108870399089534, theta_diff: 0.5523867060930228
dt=0.09988141059875488
raw_control = 0.3054435199544767 + 0.0 + -0.0 = 0.3054435199544767
dt=0.09987902641296387
raw_control = 0.3866706942651159 + 0.0 + -0.0 = 0.3866706942651159
Velocities: 0.2 0.3866706942651159
Rel pose: (0.0119828, 0.000104982, 0.0240855)

Landmark 682 range: 0.8198881425577119 bearing: -0.09494356362209634
Raw z: 0.9033137725136868,x: 0.07772620480242108 y: -0.06732506613687135
Estimated landmark positions:
682: [0.85414789 0.2534897 ]
683: [ 0.98114447 -0.21944755]
Odometry measurement
[0.13029329057233494, 0.025738972057538945, 0.3549999698556468]
Covariance:
[[0.00141168 0.00011082 0.00092074]
 [0.00011082 0.00212468 0.006657  ]
 [0.00092074 0.006657   0.08868927]]
Estimated pose: 
(0.129508, 0.0272943, 0.373844)

Current pose: (0.12950766906397, 0.027294259878580317, 0.3738443004708184)
Goal pose: (0.5, 0.5, 0)
Dist: 0.6005957742326796
Moving to goal, dist: 0.6005957742326796, theta_diff: 0.5321863937094654
dt=0.10044598579406738
raw_control = 0.3002978871163398 + 0.0 + -0.0 = 0.3002978871163398
dt=0.10044360160827637
raw_control = 0.3725304755966258 + 0.0 + -0.0 = 0.3725304755966258
Velocities: 0.2 0.3725304755966258
Rel pose: (0.0120252, 0.000122099, 0.0246091)

Estimated landmark positions:
682: [0.85414789 0.2534897 ]
683: [ 0.98114447 -0.21944755]
Odometry measurement
[0.14152624990489285, 0.030033306030975655, 0.3796091123087666]
Covariance:
[[0.00151794 0.00014261 0.00109968]
 [0.00014261 0.00239112 0.00769878]
 [0.00109968 0.00769878 0.09832755]]
Estimated pose: 
(0.140658, 0.0317995, 0.398453)

Current pose: (0.14065771491238355, 0.03179949655174951, 0.3984534429239382)
Goal pose: (0.5, 0.5, 0)
Dist: 0.5902021596717391
Moving to goal, dist: 0.5902021596717391, theta_diff: 0.5177376803676703
dt=0.09952402114868164
raw_control = 0.29510107983586953 + 0.0 + -0.0 = 0.29510107983586953
dt=0.09952497482299805
raw_control = 0.3624163762573692 + 0.0 + -0.0 = 0.3624163762573692
Velocities: 0.2 0.3624163762573692
Rel pose: (0.0212769, 0.000318812, 0.0368264)

Landmark 682 range: 0.7892151907293612 bearing: -0.14588842428583665
Raw z: 0.86414504597339,x: 0.11472937530240007 y: -0.05208803449896831
Estimated landmark positions:
682: [0.86022824 0.25499053]
683: [ 0.98114482 -0.21943238]
Odometry measurement
[0.16117025529087017, 0.038213717765418875, 0.4164355595258471]
Covariance:
[[0.00162744 0.00020053 0.00131987]
 [0.00020053 0.0027712  0.0087461 ]
 [0.00131987 0.0087461  0.09503671]]
Estimated pose: 
(0.159912, 0.0404085, 0.436958)

Current pose: (0.1599121018154264, 0.04040848846323935, 0.4369577567340125)
Goal pose: (0.5, 0.5, 0)
Dist: 0.5717378210056121
Moving to goal, dist: 0.5717378210056121, theta_diff: 0.49678204783209956
dt=0.10046529769897461
raw_control = 0.28586891050280605 + 0.0 + -0.0 = 0.28586891050280605
dt=0.10046744346618652
raw_control = 0.34774743348246967 + 0.0 + -0.0 = 0.34774743348246967
Velocities: 0.2 0.34774743348246967
Rel pose: (0.0120681, 0.000106508, 0.023911)

Landmark 682 range: 0.7807851060972094 bearing: -0.1809230025997828
Raw z: 0.8522804769097257,x: 0.14049258820842864 y: -0.04287576147804188
Estimated landmark positions:
682: [0.86553067 0.25611908]
683: [ 0.98114718 -0.21940986]
Odometry measurement
[0.17216388317632342, 0.04319270440341434, 0.44034657027816954]
Covariance:
[[0.00173507 0.00024203 0.00145524]
 [0.00024203 0.00302086 0.00904548]
 [0.00145524 0.00904548 0.09410469]]
Estimated pose: 
(0.170546, 0.0457482, 0.463565)

Current pose: (0.17054646285059194, 0.04574822597020242, 0.46356512541216577)
Goal pose: (0.5, 0.5, 0)
Dist: 0.561145531345902
Moving to goal, dist: 0.561145531345902, theta_diff: 0.47974843112261834
dt=0.1001579761505127
raw_control = 0.280572765672951 + 0.0 + -0.0 = 0.280572765672951
dt=0.1001577377319336
raw_control = 0.3358239017858328 + 0.0 + -0.0 = 0.3358239017858328
Velocities: 0.2 0.3358239017858328
Rel pose: (0.0183346, 0.000285575, 0.0342085)

Landmark 682 range: 0.7576867438150463 bearing: -0.2141756890999319
Raw z: 0.8227953621290437,x: 0.1610402737986626 y: -0.03184281859714143
Estimated landmark positions:
682: [0.86946004 0.25716629]
683: [ 0.98114645 -0.21940437]
Odometry measurement
[0.18862772122107244, 0.051266220806739704, 0.4745550236172583]
Covariance:
[[0.00185054 0.0003141  0.00169547]
 [0.0003141  0.00340043 0.00994443]
 [0.00169547 0.00994443 0.09419029]]
Estimated pose: 
(0.186632, 0.054228, 0.498776)

Current pose: (0.1866318699141968, 0.05422798638761136, 0.4987762888380728)
Goal pose: (0.5, 0.5, 0)
Dist: 0.5448965709871154
Moving to goal, dist: 0.5448965709871154, theta_diff: 0.45929789329741355
dt=0.10048103332519531
raw_control = 0.2724482854935577 + 0.0 + -0.0 = 0.2724482854935577
dt=0.1004796028137207
raw_control = 0.32150852530818946 + 0.0 + -0.0 = 0.32150852530818946
Velocities: 0.2 0.32150852530818946
Rel pose: (0.0152659, 0.000164865, 0.026529)

Landmark 682 range: 0.7539533625244101 bearing: -0.24521476707453624
Raw z: 0.8165709687141481,x: 0.18303324132065132 y: -0.023104876054011896
Estimated landmark positions:
682: [0.87356638 0.25832373]
683: [ 0.98114496 -0.21940198]
Odometry measurement
[0.20213138512660161, 0.05838852865319652, 0.5010840282475723]
Covariance:
[[0.0019652  0.00037995 0.00187983]
 [0.00037995 0.00374575 0.01060395]
 [0.00187983 0.01060395 0.09483586]]
Estimated pose: 
(0.19975, 0.0616747, 0.526053)

Current pose: (0.1997503577330369, 0.061674678073637655, 0.5260529027085349)
Goal pose: (0.5, 0.5, 0)
Dist: 0.5312992899706234
Moving to goal, dist: 0.5312992899706234, theta_diff: 0.4441606466838506
dt=0.10001349449157715
raw_control = 0.2656496449853117 + 0.0 + -0.0 = 0.2656496449853117
dt=0.1000216007232666
raw_control = 0.3109124526786954 + 0.0 + -0.0 = 0.3109124526786954
Velocities: 0.2 0.3109124526786954
Rel pose: (0.0122816, 8.73285e-05, 0.0188496)

Estimated landmark positions:
682: [0.87356638 0.25832373]
683: [ 0.98114496 -0.21940198]
Odometry measurement
[0.2128611509274103, 0.06436490735528093, 0.5199335841691112]
Covariance:
[[0.00208076 0.00044046 0.00209304]
 [0.00044046 0.00410464 0.01173132]
 [0.00209304 0.01173132 0.10447415]]
Estimated pose: 
(0.210328, 0.0679171, 0.544902)

Current pose: (0.21032757105525246, 0.0679170762400031, 0.5449024586300738)
Goal pose: (0.5, 0.5, 0)
Dist: 0.5201978172731381
Moving to goal, dist: 0.5201978172731381, theta_diff: 0.43530465501312987
dt=0.09999704360961914
raw_control = 0.26009890863656904 + 0.0 + -0.0 = 0.26009890863656904
dt=0.09998869895935059
raw_control = 0.3047132585091909 + 0.0 + -0.0 = 0.3047132585091909
Velocities: 0.2 0.3047132585091909
Rel pose: (0.0182926, 0.000257485, 0.0305433)

Landmark 682 range: 0.7306026741317305 bearing: -0.3095880463921858
Raw z: 0.7849516933530335,x: 0.22259000861701217 y: -0.0023811101880744302
Estimated landmark positions:
682: [0.87748072 0.25939423]
683: [ 0.9811439  -0.21939802]
Odometry measurement
[0.22860851527591874, 0.07367655020475666, 0.5504768460790118]
Covariance:
[[0.00220584 0.00053933 0.00233096]
 [0.00053933 0.00454774 0.01254446]
 [0.00233096 0.01254446 0.10191232]]
Estimated pose: 
(0.225571, 0.0776598, 0.576787)

Current pose: (0.22557094273246073, 0.07765977287756919, 0.5767874747863669)
Goal pose: (0.5, 0.5, 0)
Dist: 0.5036691125318058
Moving to goal, dist: 0.5036691125318058, theta_diff: 0.4177869316189211
dt=0.09969758987426758
raw_control = 0.2518345562659029 + 0.0 + -0.0 = 0.2518345562659029
dt=0.099700927734375
raw_control = 0.29245085213324473 + 0.0 + -0.0 = 0.29245085213324473
Velocities: 0.2 0.29245085213324473
Rel pose: (0.0152232, 0.000164976, 0.0270526)

Landmark 682 range: 0.7068983665527521 bearing: -0.3433961453825898
Raw z: 0.7549120873170243,x: 0.23800341590663757 y: 0.009076357408453934
Estimated landmark positions:
682: [0.88026993 0.26017093]
683: [ 0.98114298 -0.21939595]
Odometry measurement
[0.24149660361653044, 0.08178033356546023, 0.5775294494849237]
Covariance:
[[0.0023326  0.00063546 0.00255087]
 [0.00063546 0.00493965 0.01311374]
 [0.00255087 0.01311374 0.10081624]]
Estimated pose: 
(0.238034, 0.0861235, 0.604757)

Current pose: (0.23803376841637158, 0.08612353629459507, 0.6047567795089431)
Goal pose: (0.5, 0.5, 0)
Dist: 0.4898163264933281
Moving to goal, dist: 0.4898163264933281, theta_diff: 0.4017384045118252
dt=0.1003572940826416
raw_control = 0.24490816324666406 + 0.0 + -0.0 = 0.24490816324666406
dt=0.10035395622253418
raw_control = 0.2812168831582776 + 0.0 + -0.0 = 0.2812168831582776
Velocities: 0.2 0.2812168831582776
Rel pose: (0.0123669, 8.0764e-05, 0.0179769)

Landmark 682 range: 0.6975415442207955 bearing: -0.3766326652281937
Raw z: 0.7419871835984029,x: 0.2565496748595823 y: 0.020004355642598896
Estimated landmark positions:
682: [0.88283226 0.26080491]
683: [ 0.98114304 -0.21938996]
Odometry measurement
[0.2518137097037363, 0.08859980326860468, 0.5955063407804656]
Covariance:
[[0.00245302 0.00071176 0.00267824]
 [0.00071176 0.00528158 0.01348812]
 [0.00267824 0.01348812 0.10057039]]
Estimated pose: 
(0.247901, 0.0933478, 0.625016)

Current pose: (0.24790115354747436, 0.09334783812668031, 0.6250160007622237)
Goal pose: (0.5, 0.5, 0)
Dist: 0.4784556501275105
Moving to goal, dist: 0.4784556501275105, theta_diff: 0.390829884692539
dt=0.10040879249572754
raw_control = 0.23922782506375526 + 0.0 + -0.0 = 0.23922782506375526
dt=0.10040998458862305
raw_control = 0.2735809192847773 + 0.0 + -0.0 = 0.2735809192847773
Velocities: 0.2 0.2735809192847773
Rel pose: (0.0121109, 9.7607e-05, 0.0178024)

Landmark 682 range: 0.6902313017978227 bearing: -0.40773103173432634
Raw z: 0.7316981365826375,x: 0.2736956136053146 y: 0.030541812279139203
Estimated landmark positions:
682: [0.88528918 0.26139719]
683: [ 0.98114327 -0.21938345]
Odometry measurement
[0.2617851563756081, 0.09547395982359297, 0.6133086991508075]
Covariance:
[[0.00257678 0.00079465 0.00281919]
 [0.00079465 0.00562785 0.01389047]
 [0.00281919 0.01389047 0.1007894 ]]
Estimated pose: 
(0.257371, 0.10068, 0.645733)

Current pose: (0.25737135735239103, 0.10067968235261275, 0.6457325825395831)
Goal pose: (0.5, 0.5, 0)
Dist: 0.46725300889243226
Moving to goal, dist: 0.46725300889243226, theta_diff: 0.3790717819869417
dt=0.1000821590423584
raw_control = 0.23362650444621613 + 0.0 + -0.0 = 0.23362650444621613
dt=0.10008955001831055
raw_control = 0.26535024739085916 + 0.0 + -0.0 = 0.26535024739085916
Velocities: 0.2 0.26535024739085916
Rel pose: (0.0217452, 0.0003483, 0.0366519)

Estimated landmark positions:
682: [0.88528918 0.26139719]
683: [ 0.98114327 -0.21938345]
Odometry measurement
[0.27936680929602115, 0.10827482491580874, 0.6499606134426883]
Covariance:
[[0.00274208 0.00098373 0.00337153]
 [0.00098373 0.00631236 0.01596934]
 [0.00337153 0.01596934 0.11042768]]
Estimated pose: 
(0.274529, 0.114044, 0.682384)

Current pose: (0.2745287881787014, 0.11404378479075214, 0.6823844968314638)
Goal pose: (0.5, 0.5, 0)
Dist: 0.44698933703032795
Moving to goal, dist: 0.44698933703032795, theta_diff: 0.3596995104245544
dt=0.10027718544006348
raw_control = 0.22349466851516397 + 0.0 + -0.0 = 0.22349466851516397
dt=0.10026931762695312
raw_control = 0.25178965729718805 + 0.0 + -0.0 = 0.25178965729718805
Velocities: 0.2 0.25178965729718805
Rel pose: (0.0124097, 6.39359e-05, 0.0144862)

Estimated landmark positions:
682: [0.88528918 0.26139719]
683: [ 0.98114327 -0.21938345]
Odometry measurement
[0.28920761421315916, 0.11583554709884594, 0.6644468462342416]
Covariance:
[[0.00287216 0.00108174 0.00361529]
 [0.00108174 0.00679521 0.01728917]
 [0.00361529 0.01728917 0.12006597]]
Estimated pose: 
(0.284119, 0.12192, 0.696871)

Current pose: (0.28411931566733095, 0.12191955420335883, 0.696870729623017)
Goal pose: (0.5, 0.5, 0)
Dist: 0.43537259142225343
Moving to goal, dist: 0.43537259142225343, theta_diff: 0.3551091024454527
dt=0.09954500198364258
raw_control = 0.21768629571112671 + 0.0 + -0.0 = 0.21768629571112671
dt=0.09954667091369629
raw_control = 0.24857637171181687 + 0.0 + -0.0 = 0.24857637171181687
Velocities: 0.2 0.24857637171181687
Rel pose: (0.0125802, 7.45269e-05, 0.016057)

Estimated landmark positions:
682: [0.88528918 0.26139719]
683: [ 0.98114327 -0.21938345]
Odometry measurement
[0.2990655452652285, 0.12365148722829147, 0.6805038753525892]
Covariance:
[[0.0030089  0.00119552 0.00390773]
 [0.00119552 0.00731194 0.01873929]
 [0.00390773 0.01873929 0.12970426]]
Estimated pose: 
(0.293719, 0.130051, 0.712928)

Current pose: (0.29371868658220507, 0.1300509626162779, 0.7129277587413646)
Goal pose: (0.5, 0.5, 0)
Dist: 0.42357321743296417
Moving to goal, dist: 0.42357321743296417, theta_diff: 0.3492138358609719
dt=0.10007739067077637
raw_control = 0.21178660871648208 + 0.0 + -0.0 = 0.21178660871648208
dt=0.1000826358795166
raw_control = 0.2444496851026803 + 0.0 + -0.0 = 0.2444496851026803
Velocities: 0.2 0.2444496851026803
Rel pose: (0.0223025, 0.000207903, 0.0219911)

Estimated landmark positions:
682: [0.88528918 0.26139719]
683: [ 0.98114327 -0.21938345]
Odometry measurement
[0.3162695104015906, 0.1378454955942859, 0.7024950239277177]
Covariance:
[[0.003166   0.00139136 0.0043555 ]
 [0.00139136 0.0082536  0.02154146]
 [0.0043555  0.02154146 0.13934254]]
Estimated pose: 
(0.310453, 0.144795, 0.734919)

Current pose: (0.31045346493952725, 0.14479523212184603, 0.7349189073164931)
Goal pose: (0.5, 0.5, 0)
Dist: 0.40261435155344905
Moving to goal, dist: 0.40261435155344905, theta_diff: 0.3456921882406122
dt=0.0998692512512207
raw_control = 0.20130717577672452 + 0.0 + -0.0 = 0.20130717577672452
dt=0.09986352920532227
raw_control = 0.24198453176842852 + 0.0 + -0.0 = 0.24198453176842852
Velocities: 0.2 0.24198453176842852
Rel pose: (0.0127508, 8.07865e-05, 0.0176278)

Estimated landmark positions:
682: [0.88528918 0.26139719]
683: [ 0.98114327 -0.21938345]
Odometry measurement
[0.32594912396850473, 0.1461457411816852, 0.7201228493728605]
Covariance:
[[0.00331799 0.00154388 0.0047546 ]
 [0.00154388 0.00887291 0.02323799]
 [0.0047546  0.02323799 0.14898083]]
Estimated pose: 
(0.319859, 0.153405, 0.752547)

Current pose: (0.31985891178197295, 0.15340491070554343, 0.752546732761636)
Goal pose: (0.5, 0.5, 0)
Dist: 0.3906135783449
Moving to goal, dist: 0.3906135783449, theta_diff: 0.3389309937160887
dt=0.10031986236572266
raw_control = 0.19530678917245 + 0.0 + -0.0 = 0.19530678917245
dt=0.10032105445861816
raw_control = 0.23725169560126208 + 0.0 + -0.0 = 0.23725169560126208
Velocities: 0.19530678917245 0.23725169560126208
Rel pose: (0.0125376, 7.66556e-05, 0.015708)

Estimated landmark positions:
682: [0.88528918 0.26139719]
683: [ 0.98114327 -0.21938345]
Odometry measurement
[0.33532337012071733, 0.15447160222598827, 0.7358308126408093]
Covariance:
[[0.00346909 0.00169754 0.00513694]
 [0.00169754 0.00952719 0.02502825]
 [0.00513694 0.02502825 0.15861911]]
Estimated pose: 
(0.328958, 0.16203, 0.768255)

Current pose: (0.3289583213062187, 0.16203029181978693, 0.7682546960295847)
Goal pose: (0.5, 0.5, 0)
Dist: 0.3787859283260205
Moving to goal, dist: 0.3787859283260205, theta_diff: 0.33403722285082627
dt=0.10133743286132812
raw_control = 0.18939296416301024 + 0.0 + -0.0 = 0.18939296416301024
dt=0.1013641357421875
raw_control = 0.23382605599557837 + 0.0 + -0.0 = 0.23382605599557837
Velocities: 0.18939296416301024 0.23382605599557837
Rel pose: (0.022004, 0.00020194, 0.0223402)

Estimated landmark positions:
682: [0.88528918 0.26139719]
683: [ 0.98114327 -0.21938345]
Odometry measurement
[0.3514987926365436, 0.16939043892625166, 0.758171027066337]
Covariance:
[[0.00365124 0.00196467 0.00574069]
 [0.00196467 0.01072121 0.02839735]
 [0.00574069 0.02839735 0.1682574 ]]
Estimated pose: 
(0.344642, 0.177466, 0.790595)

Current pose: (0.34464160002160515, 0.17746566518113424, 0.7905949104551125)
Goal pose: (0.5, 0.5, 0)
Dist: 0.35800087930184626
Moving to goal, dist: 0.35800087930184626, theta_diff: 0.3313167717282183
dt=0.09814190864562988
raw_control = 0.17900043965092313 + 0.0 + -0.0 = 0.17900043965092313
dt=0.09811973571777344
raw_control = 0.23192174020975279 + 0.0 + -0.0 = 0.23192174020975279
Velocities: 0.17900043965092313 0.23192174020975279
Rel pose: (0.0120686, 5.78028e-05, 0.0164061)

Estimated landmark positions:
682: [0.88528918 0.26139719]
683: [ 0.98114327 -0.21938345]
Odometry measurement
[0.3602220021011146, 0.17773071937754545, 0.7745771220350833]
Covariance:
[[0.00381934 0.00215873 0.00622938]
 [0.00215873 0.01146239 0.03032987]
 [0.00622938 0.03032987 0.17789568]]
Estimated pose: 
(0.35309, 0.186084, 0.807001)

Current pose: (0.353089847597073, 0.18608435268427784, 0.8070010054238588)
Goal pose: (0.5, 0.5, 0)
Dist: 0.3465914403280902
Moving to goal, dist: 0.3465914403280902, theta_diff: 0.32608002537645064
dt=0.10012388229370117
raw_control = 0.1732957201640451 + 0.0 + -0.0 = 0.1732957201640451
dt=0.10011529922485352
raw_control = 0.22825601776351542 + 0.0 + -0.0 = 0.22825601776351542
Velocities: 0.1732957201640451 0.22825601776351542
Rel pose: (0.0115142, 5.63589e-05, 0.0127409)

Estimated landmark positions:
682: [0.88528918 0.26139719]
683: [ 0.98114327 -0.21938345]
Odometry measurement
[0.3684119914147314, 0.18582420579290543, 0.7873180255746423]
Covariance:
[[0.00397678 0.00233448 0.00663136]
 [0.00233448 0.01222628 0.03229633]
 [0.00663136 0.03229633 0.18753397]]
Estimated pose: 
(0.361013, 0.194439, 0.819742)

Current pose: (0.36101315590540356, 0.1944390898296202, 0.8197419089634179)
Goal pose: (0.5, 0.5, 0)
Dist: 0.3356855860109674
Moving to goal, dist: 0.3356855860109674, theta_diff: 0.32416787461491836
dt=0.100738525390625
raw_control = 0.1678427930054837 + 0.0 + -0.0 = 0.1678427930054837
dt=0.10074186325073242
raw_control = 0.22691751223044285 + 0.0 + -0.0 = 0.22691751223044285
Velocities: 0.1678427930054837 0.22691751223044285
Rel pose: (0.0193166, 0.000228506, 0.0267035)

Estimated landmark positions:
682: [0.88528918 0.26139719]
683: [ 0.98114327 -0.21938345]
Odometry measurement
[0.38188278814312193, 0.19967060505025655, 0.8140215631301554]
Covariance:
[[0.0042116  0.00270631 0.00754521]
 [0.00270631 0.01350613 0.03573014]
 [0.00754521 0.03573014 0.19717225]]
Estimated pose: 
(0.374028, 0.208715, 0.846445)

Current pose: (0.3740279969005447, 0.20871491032350484, 0.8464454465189309)
Goal pose: (0.5, 0.5, 0)
Dist: 0.31735776189142273
Moving to goal, dist: 0.31735776189142273, theta_diff: 0.3161703001903374
dt=0.09977602958679199
raw_control = 0.15867888094571136 + 0.0 + -0.0 = 0.15867888094571136
dt=0.09979653358459473
raw_control = 0.2213192101332362 + 0.0 + -0.0 = 0.2213192101332362
Velocities: 0.15867888094571136 0.2213192101332362
Rel pose: (0.0107892, 5.91123e-05, 0.0178024)

Estimated landmark positions:
682: [0.88528918 0.26139719]
683: [ 0.98114327 -0.21938345]
Odometry measurement
[0.38924743399114664, 0.20755549541269241, 0.8318239215004977]
Covariance:
[[0.00441306 0.00296329 0.00820627]
 [0.00296329 0.01429772 0.03771735]
 [0.00820627 0.03771735 0.20681054]]
Estimated pose: 
(0.381133, 0.216834, 0.864248)

Current pose: (0.3811331578595175, 0.21683440490413797, 0.8642478048892732)
Goal pose: (0.5, 0.5, 0)
Dist: 0.3071027196337474
Moving to goal, dist: 0.3071027196337474, theta_diff: 0.30910879139821
dt=0.10008859634399414
raw_control = 0.1535513598168737 + 0.0 + -0.0 = 0.1535513598168737
dt=0.10009169578552246
raw_control = 0.216376153978747 + 0.0 + -0.0 = 0.216376153978747
Velocities: 0.1535513598168737 0.216376153978747
Rel pose: (0.0153945, 0.000127185, 0.0197222)

Estimated landmark positions:
682: [0.88528918 0.26139719]
683: [ 0.98114327 -0.21938345]
Odometry measurement
[0.3995220452402104, 0.21902015543851971, 0.8515461420480337]
Covariance:
[[0.00463693 0.00330082 0.00898499]
 [0.00330082 0.01548207 0.04073182]
 [0.00898499 0.04073182 0.21644883]]
Estimated pose: 
(0.391031, 0.228626, 0.88397)

Current pose: (0.3910307050206848, 0.22862612343989605, 0.8839700254368092)
Goal pose: (0.5, 0.5, 0)
Dist: 0.29243475875406383
Moving to goal, dist: 0.29243475875406383, theta_diff: 0.30498724078831274
dt=0.09963130950927734
raw_control = 0.14621737937703191 + 0.0 + -0.0 = 0.14621737937703191
dt=0.09960699081420898
raw_control = 0.2134910685518189 + 0.0 + -0.0 = 0.2134910685518189
Velocities: 0.14621737937703191 0.2134910685518189
Rel pose: (0.0122815, 9.55528e-05, 0.018326)

Estimated landmark positions:
682: [0.88528918 0.26139719]
683: [ 0.98114327 -0.21938345]
Odometry measurement
[0.40754148533785445, 0.22832249888220513, 0.8698720991939742]
Covariance:
[[0.00486405 0.0036224  0.00975792]
 [0.0036224  0.01648638 0.04321859]
 [0.00975792 0.04321859 0.22608711]]
Estimated pose: 
(0.398744, 0.238184, 0.902296)

Current pose: (0.39874436478321973, 0.23818355332957913, 0.9022959825827498)
Goal pose: (0.5, 0.5, 0)
Dist: 0.2807143662342186
Moving to goal, dist: 0.2807143662342186, theta_diff: 0.29947453693290693
dt=0.10054421424865723
raw_control = 0.1403571831171093 + 0.0 + -0.0 = 0.1403571831171093
dt=0.1005399227142334
raw_control = 0.20963217585303484 + 0.0 + -0.0 = 0.20963217585303484
Velocities: 0.1403571831171093 0.20963217585303484
Rel pose: (0.00955249, 5.12676e-05, 0.0148353)

Estimated landmark positions:
682: [0.88528918 0.26139719]
683: [ 0.98114327 -0.21938345]
Odometry measurement
[0.41366293808134685, 0.23565602031522817, 0.8847073978359257]
Covariance:
[[0.00507595 0.00389661 0.01041843]
 [0.00389661 0.0173198  0.04522871]
 [0.01041843 0.04522871 0.2357254 ]]
Estimated pose: 
(0.404625, 0.245712, 0.917131)

Current pose: (0.4046248604595252, 0.2457116666990112, 0.9171312812247012)
Goal pose: (0.5, 0.5, 0)
Dist: 0.27158603368980483
Moving to goal, dist: 0.27158603368980483, theta_diff: 0.2948357153536787
dt=0.10009193420410156
raw_control = 0.13579301684490241 + 0.0 + -0.0 = 0.13579301684490241
dt=0.1000971794128418
raw_control = 0.20638500074757507 + 0.0 + -0.0 = 0.20638500074757507
Velocities: 0.13579301684490241 0.20638500074757507
Rel pose: (0.013262, 0.000127295, 0.0225147)

Estimated landmark positions:
682: [0.88528918 0.26139719]
683: [ 0.98114327 -0.21938345]
Odometry measurement
[0.42196614527956866, 0.24599788020170354, 0.9072221451866529]
Covariance:
[[0.00536148 0.00432811 0.0114744 ]
 [0.00432811 0.01847272 0.04810877]
 [0.0114744  0.04810877 0.24536368]]
Estimated pose: 
(0.412588, 0.256317, 0.939646)

Current pose: (0.41258843891788816, 0.25631726587259396, 0.9396460285754284)
Goal pose: (0.5, 0.5, 0)
Dist: 0.2588861833366544
Moving to goal, dist: 0.2588861833366544, theta_diff: 0.28673672034095854
dt=0.0996403694152832
raw_control = 0.1294430916683272 + 0.0 + -0.0 = 0.1294430916683272
dt=0.09963798522949219
raw_control = 0.20071570423867097 + 0.0 + -0.0 = 0.20071570423867097
Velocities: 0.1294430916683272 0.20071570423867097
Rel pose: (0.0106611, 7.5412e-05, 0.0190241)

Estimated landmark positions:
682: [0.88528918 0.26139719]
683: [ 0.98114327 -0.21938345]
Odometry measurement
[0.4284732815386288, 0.25444307959935836, 0.9262462340333907]
Covariance:
[[0.00563403 0.00471284 0.01241876]
 [0.00471284 0.01945212 0.05049751]
 [0.01241876 0.05049751 0.25500197]]
Estimated pose: 
(0.418818, 0.264969, 0.95867)

Current pose: (0.41881837679010103, 0.2649689760660638, 0.9586701174221661)
Goal pose: (0.5, 0.5, 0)
Dist: 0.24865646615044723
Moving to goal, dist: 0.24865646615044723, theta_diff: 0.2795479976302606
dt=0.1000666618347168
raw_control = 0.12432823307522362 + 0.0 + -0.0 = 0.12432823307522362
dt=0.10008716583251953
raw_control = 0.19568359834118243 + 0.0 + -0.0 = 0.19568359834118243
Velocities: 0.12432823307522362 0.19568359834118243
Rel pose: (0.00848629, 5.32993e-05, 0.0172788)

Estimated landmark positions:
682: [0.88528918 0.26139719]
683: [ 0.98114327 -0.21938345]
Odometry measurement
[0.4335295676247877, 0.2612587898331087, 0.9435249936281349]
Covariance:
[[0.00590346 0.0050664  0.01331319]
 [0.0050664  0.02025679 0.05243933]
 [0.01331319 0.05243933 0.26464025]]
Estimated pose: 
(0.423651, 0.271945, 0.975949)

Current pose: (0.42365105217751675, 0.2719450196136265, 0.9759488770169104)
Goal pose: (0.5, 0.5, 0)
Dist: 0.24049581267171674
Moving to goal, dist: 0.24049581267171674, theta_diff: 0.2717926949806936
dt=0.10125994682312012
raw_control = 0.12024790633585837 + 0.0 + -0.0 = 0.12024790633585837
dt=0.10134196281433105
raw_control = 0.1902548864864855 + 0.0 + -0.0 = 0.1902548864864855
Velocities: 0.12024790633585837 0.1902548864864855
Rel pose: (0.0117698, 9.35133e-05, 0.0225147)

Estimated landmark positions:
682: [0.88528918 0.26139719]
683: [ 0.98114327 -0.21938345]
Odometry measurement
[0.44036198290677897, 0.27084286599681673, 0.9660397409788618]
Covariance:
[[0.00624378 0.00556433 0.01453576]
 [0.00556433 0.02138505 0.05524085]
 [0.01453576 0.05524085 0.27427854]]
Estimated pose: 
(0.430169, 0.281746, 0.998464)

Current pose: (0.4301691777658368, 0.28174555293157627, 0.9984636243676372)
Goal pose: (0.5, 0.5, 0)
Dist: 0.22915354546470076
Moving to goal, dist: 0.22915354546470076, theta_diff: 0.2626738177936099
dt=0.09953427314758301
raw_control = 0.11457677273235038 + 0.0 + -0.0 = 0.11457677273235038
dt=0.09943890571594238
raw_control = 0.1838716724555269 + 0.0 + -0.0 = 0.1838716724555269
Velocities: 0.11457677273235038 0.1838716724555269
Rel pose: (0.00976563, 6.55357e-05, 0.0167552)

Estimated landmark positions:
682: [0.88528918 0.26139719]
683: [ 0.98114327 -0.21938345]
Odometry measurement
[0.4458604333573531, 0.27891372728657343, 0.9827949017980071]
Covariance:
[[0.00653749 0.00597147 0.01548615]
 [0.00597147 0.02239452 0.05766798]
 [0.01548615 0.05766798 0.28391682]]
Estimated pose: 
(0.435403, 0.28999, 1.01522)

Current pose: (0.43540309537149857, 0.2899904219915326, 1.0152187851867829)
Goal pose: (0.5, 0.5, 0)
Dist: 0.21971978277542117
Moving to goal, dist: 0.21971978277542117, theta_diff: 0.25717181756139995
dt=0.10045409202575684
raw_control = 0.10985989138771059 + 0.0 + -0.0 = 0.10985989138771059
dt=0.1004645824432373
raw_control = 0.18002027229297995 + 0.0 + -0.0 = 0.18002027229297995
Velocities: 0.10985989138771059 0.18002027229297995
Rel pose: (0.00733493, 4.24774e-05, 0.0123918)

Estimated landmark positions:
682: [0.88528918 0.26139719]
683: [ 0.98114327 -0.21938345]
Odometry measurement
[0.44989377224026483, 0.28504032844515625, 0.9951867394871668]
Covariance:
[[0.00678947 0.00628782 0.0162133 ]
 [0.00628782 0.02320247 0.05955416]
 [0.0162133  0.05955416 0.29355511]]
Estimated pose: 
(0.439236, 0.296245, 1.02761)

Current pose: (0.439235700902444, 0.29624455655568166, 1.0276106228759425)
Goal pose: (0.5, 0.5, 0)
Dist: 0.21262309558937395
Moving to goal, dist: 0.21262309558937395, theta_diff: 0.25336115508599955
dt=0.10094761848449707
raw_control = 0.10631154779468698 + 0.0 + -0.0 = 0.10631154779468698
dt=0.10092639923095703
raw_control = 0.17735280856019967 + 0.0 + -0.0 = 0.17735280856019967
Velocities: 0.10631154779468698 0.17735280856019967
Rel pose: (0.010661, 7.64982e-05, 0.0228638)

Estimated landmark positions:
682: [0.88528918 0.26139719]
683: [ 0.98114327 -0.21938345]
Odometry measurement
[0.45563289689974684, 0.294025094978116, 1.0180505526882924]
Covariance:
[[0.00719137 0.00685411 0.01761968]
 [0.00685411 0.02430129 0.06229723]
 [0.01761968 0.06229723 0.3031934 ]]
Estimated pose: 
(0.444681, 0.305411, 1.05047)

Current pose: (0.4446805390515311, 0.3054106527281218, 1.050474436077068)
Goal pose: (0.5, 0.5, 0)
Dist: 0.20229991802105307
Moving to goal, dist: 0.20229991802105307, theta_diff: 0.2433411574284512
dt=0.09975457191467285
raw_control = 0.10114995901052654 + 0.0 + -0.0 = 0.10114995901052654
dt=0.09977865219116211
raw_control = 0.1703388101999158 + 0.0 + -0.0 = 0.1703388101999158
Velocities: 0.10114995901052654 0.17453292519943295
Rel pose: (0.00699378, 3.96863e-05, 0.0143117)

Estimated landmark positions:
682: [0.88528918 0.26139719]
683: [ 0.98114327 -0.21938345]
