Robot Name: locobot
Robot Model: locobot_px100
Initialized InterbotixRobotXSCore!

Turret Group Name: camera
Pan Name: pan, Profile Type: time, Profile Velocity: 2.0, Profile Acceleration: 0.3
Tilt Name: tilt, Profile Type: time, Profile Velocity: 2.0, Profile Acceleration: 0.3
Initialized InterbotixTurretXSInterface!

Initialized InterbotixKobukiInterface!

Arm Group Name: arm
Moving Time: 2.00 seconds
Acceleration Time: 0.30 seconds
Drive Mode: Time-Based-Profile
Initialized InterbotixArmXSInterface!

Gripper Name: gripper
Gripper Pressure: 50%
Initialized InterbotixGripperXSInterface!

Reset odom:[0.0, 0.0, 0.0]
Estimated landmark positions:
Starting move to goal: (0.5, 0.5, 0)
Rel pose: (0, 0, 0)

Landmark 683 range: 0.8231282774320222 bearing: -0.3481966448952713
Raw z: 0.8939883746984364,x: 0.2808540255068998 y: -0.06318169732714507
Initial estimate for 683: (0.7737319803813061, -0.2808540255068998)
Landmark 682 range: 0.8766895301309037 bearing: 0.2854344371249194
Raw z: 0.965137737955151,x: -0.24685327355146347 y: -0.10114801724251898
Initial estimate for 682: (0.8412181605137107, 0.24685327355146344)
Estimated landmark positions:
682: [0.84121816 0.24685327]
683: [ 0.77373198 -0.28085403]
Odometry measurement
[0.0, 0.0, 0.0]
Covariance:
[[ 2.00000000e-04 -7.68215275e-41  4.32466753e-22]
 [-7.68215275e-41  2.00000000e-04 -1.72986701e-21]
 [ 4.32466753e-22 -1.72986701e-21  9.73828555e-03]]
Estimated pose: 
(0, -9.86076e-36, 0)

Current pose: (0.0, -9.860761315262648e-36, 0.0)
Goal pose: (0.5, 0.5, 0)
Dist: 0.7071067811865476
Moving to goal, dist: 0.7071067811865476, theta_diff: 0.7853981633974483
dt=0
raw_control = 0.3535533905932738 + 0.0 + 0 = 0.3535533905932738
dt=0
raw_control = 0.5497787143782138 + 0.0 + 0 = 0.5497787143782138
Velocities: 0.2 0.5497787143782138
Rel pose: (0, 0, 0.000174533)

Landmark 682 range: 0.8763241291512833 bearing: 0.2852968969613276
Raw z: 0.9647347525249198,x: -0.24663473061963834 y: -0.10132850537111043
Landmark 683 range: 0.8235377563412086 bearing: -0.3484564079969948
Raw z: 0.8944692442813216,x: 0.28119481855353173 y: -0.0634452788683428
Estimated landmark positions:
682: [0.84103818 0.24681779]
683: [ 0.77391259 -0.28095648]
Odometry measurement
[0.0, 0.0, 0.00017453292519931107]
Covariance:
[[ 2.99958435e-04 -1.34164864e-09 -1.74164835e-07]
 [-1.34164864e-09  2.99947933e-04 -4.14875224e-06]
 [-1.74164835e-07 -4.14875224e-06  1.90189514e-02]]
Estimated pose: 
(2.56575e-09, 5.94575e-08, 0.000175426)

Current pose: (2.5657511997073027e-09, 5.945748233823263e-08, 0.00017542578662186025)
Goal pose: (0.5, 0.5, 0)
Dist: 0.7071067373294997
Moving to goal, dist: 0.7071067373294997, theta_diff: 0.7852226807190917
dt=0.10003471374511719
raw_control = 0.35355336866474985 + 0.0 + -0.0 = 0.35355336866474985
dt=0.1000356674194336
raw_control = 0.5496558765033642 + 0.007855027493861116 + -0.0001754201105299486 = 0.5573354838866954
Velocities: 0.2 0.5573354838866954
Rel pose: (0.00230289, 5.13577e-07, 0.000523599)

Landmark 682 range: 0.8718646914926074 bearing: 0.2844679530897377
Raw z: 0.9594131368762092,x: -0.24468605881179423 y: -0.10025741942690909
Landmark 683 range: 0.8172370140338081 bearing: -0.34896385643117966
Raw z: 0.8869123414313846,x: 0.2794331927873633 y: -0.062035259817134696
Estimated landmark positions:
682: [0.8403456  0.24630228]
683: [ 0.77276977 -0.28026708]
Odometry measurement
[0.0023028861946908065, 9.155060493548083e-07, 0.0006981317007976886]
Covariance:
[[ 3.99833695e-04 -5.94334192e-09 -6.65925143e-07]
 [-5.94334192e-09  3.99861256e-04  2.70333537e-05]
 [-6.65925143e-07  2.70333537e-05  2.76362058e-02]]
Estimated pose: 
(0.00230501, 7.37084e-07, 0.000702406)

Current pose: (0.002305010813372403, 7.37084125996851e-07, 0.0007024064433768245)
Goal pose: (0.5, 0.5, 0)
Dist: 0.7054782528029441
Moving to goal, dist: 0.7054782528029441, theta_diff: 0.7870053519299015
dt=0.10028433799743652
raw_control = 0.35273912640147204 + 0.0 + -0.0 = 0.35273912640147204
dt=0.10028386116027832
raw_control = 0.550903746350931 + 0.01574742103839454 + 0.0017776252232257234 = 0.5684287926125513
Velocities: 0.2 0.5684287926125513
Rel pose: (0.00481876, 3.77207e-05, 0.023911)

Landmark 682 range: 0.8382195846256989 bearing: 0.24016037122337
Raw z: 0.9223718926571082,x: -0.19937756759566214 y: -0.09999710456986063
Estimated landmark positions:
682: [0.83426955 0.23983697]
683: [ 0.77284501 -0.28006412]
Odometry measurement
[0.007121621751809474, 4.200031924164293e-05, 0.024609142453119966]
Covariance:
[[4.99711527e-04 2.06236119e-08 4.91454477e-06]
 [2.06236119e-08 5.00554050e-04 1.46225401e-04]
 [4.91454477e-06 1.46225401e-04 3.62823134e-02]]
Estimated pose: 
(0.00713717, 6.40727e-05, 0.0258189)

Current pose: (0.007137172738203814, 6.407265847660403e-05, 0.025818891203164215)
Goal pose: (0.5, 0.5, 0)
Dist: 0.7020325476381563
Moving to goal, dist: 0.7020325476381563, theta_diff: 0.7667035563258481
dt=0.10046887397766113
raw_control = 0.35101627381907813 + 0.0 + -0.0 = 0.35101627381907813
dt=0.10047578811645508
raw_control = 0.5366924894280937 + 0.02345093544574739 + -0.020205659477408544 = 0.5399377653964326
Velocities: 0.2 0.5399377653964326
Rel pose: (0.012404, 0.000323957, 0.0570723)

Landmark 682 range: 0.8452076303688353 bearing: 0.18809829506733103
Raw z: 0.933577800333548,x: -0.15804628112052974 y: -0.10224160270483088
Estimated landmark positions:
682: [0.83413904 0.23751995]
683: [ 0.77288022 -0.27996549]
Odometry measurement
[0.01951392127922172, 0.0006710804569270905, 0.08168140899333466]
Covariance:
[[5.99532787e-04 4.91655487e-07 3.04866809e-05]
 [4.91655487e-07 6.09046385e-04 5.62371915e-04]
 [3.04866809e-05 5.62371915e-04 4.43109227e-02]]
Estimated pose: 
(0.0195279, 0.000729582, 0.0838998)

Current pose: (0.019527872230420656, 0.000729582324247505, 0.08389976749842333)
Goal pose: (0.5, 0.5, 0)
Dist: 0.6929101063843327
Moving to goal, dist: 0.6929101063843327, theta_diff: 0.7206830109833714
dt=0.09958481788635254
raw_control = 0.34645505319216635 + 0.0 + -0.0 = 0.34645505319216635
dt=0.09957671165466309
raw_control = 0.50447810768836 + 0.030627259883657946 + -0.04621617301651634 = 0.4888891945555016
Velocities: 0.2 0.4888891945555016
Rel pose: (0.0107455, 0.000136059, 0.0359538)

Landmark 682 range: 0.8300786876931677 bearing: 0.15622953564590153
Raw z: 0.916586384085596,x: -0.12915590887521475 y: -0.0994035062632175
Estimated landmark positions:
682: [0.83321779 0.23612531]
683: [ 0.77289819 -0.27991627]
Odometry measurement
[0.0302125120950099, 0.0016834194110542074, 0.11763519158441782]
Covariance:
[[6.99312299e-04 1.67013662e-06 6.50579437e-05]
 [1.67013662e-06 7.24763548e-04 9.80446823e-04]
 [6.50579437e-05 9.80446823e-04 5.16564248e-02]]
Estimated pose: 
(0.0302282, 0.00178666, 0.120628)

Current pose: (0.030228201741013733, 0.001786658798594402, 0.12062800683721928)
Goal pose: (0.5, 0.5, 0)
Dist: 0.684764248329708
Moving to goal, dist: 0.684764248329708, theta_diff: 0.694143915884474
dt=0.10079765319824219
raw_control = 0.342382124164854 + 0.0 + -0.0 = 0.342382124164854
dt=0.10081839561462402
raw_control = 0.4859007411191318 + 0.03762550747617047 + -0.026323663392088165 = 0.49720258520321414
Velocities: 0.2 0.49720258520321414
Rel pose: (0.0172246, 0.000326649, 0.0439823)

Landmark 682 range: 0.8535599675349821 bearing: 0.1014034472219145
Raw z: 0.946256256843102,x: -0.08640566528245491 y: -0.09882820441607067
Estimated landmark positions:
682: [0.83845026 0.23558177]
683: [ 0.77292658 -0.27982957]
Odometry measurement
[0.047279686522161704, 0.00402935481090435, 0.16161748873467488]
Covariance:
[[7.99203521e-04 5.46632227e-06 1.32304824e-04]
 [5.46632227e-06 8.70154087e-04 1.76539781e-03]
 [1.32304824e-04 1.76539781e-03 5.82599919e-02]]
Estimated pose: 
(0.0472374, 0.00423744, 0.16664)

Current pose: (0.047237443248348464, 0.004237435585450811, 0.16664007939374853)
Goal pose: (0.5, 0.5, 0)
Dist: 0.6713973883410499
Moving to goal, dist: 0.6713973883410499, theta_diff: 0.6640606132657938
dt=0.09971976280212402
raw_control = 0.33569869417052495 + 0.0 + -0.0 = 0.33569869417052495
dt=0.09969925880432129
raw_control = 0.4648424292860556 + 0.04424614257054474 + -0.03017404841266111 = 0.47891452344393926
Velocities: 0.2 0.47891452344393926
Rel pose: (0.0146668, 0.000267728, 0.0406662)

Estimated landmark positions:
682: [0.83845026 0.23558177]
683: [ 0.77292658 -0.27982957]
Odometry measurement
[0.06171227523488747, 0.006653699558466471, 0.20228366030614264]
Covariance:
[[8.99905304e-04 1.21807337e-05 2.23121888e-04]
 [1.21807337e-05 1.03370373e-03 2.61297494e-03]
 [2.23121888e-04 2.61297494e-03 6.78982774e-02]]
Estimated pose: 
(0.0616567, 0.00693424, 0.207306)

Current pose: (0.061656668966220095, 0.0069342359121043135, 0.20730625096521632)
Goal pose: (0.5, 0.5, 0)
Dist: 0.6597414065960772
Moving to goal, dist: 0.6597414065960772, theta_diff: 0.6367767579862782
dt=0.09974312782287598
raw_control = 0.3298707032980386 + 0.0 + -0.0 = 0.3298707032980386
dt=0.09974479675292969
raw_control = 0.4457437305903947 + 0.05059765940077782 + -0.027353662714956834 = 0.4689877272762157
Velocities: 0.2 0.4689877272762157
Rel pose: (0.011385, 0.000144713, 0.0347321)

Landmark 682 range: 0.836582310085584 bearing: 0.02872627726153207
Raw z: 0.9264313511574677,x: -0.02402859034528501 y: -0.09193142900213902
Estimated landmark positions:
682: [0.84336985 0.23572599]
683: [ 0.77294293 -0.27977709]
Odometry measurement
[0.07283608410207311, 0.009082791511291157, 0.2370157124208299]
Covariance:
[[1.00022169e-03 2.09000768e-05 3.23083011e-04]
 [2.09000768e-05 1.19012265e-03 3.12360395e-03]
 [3.23083011e-04 3.12360395e-03 7.14672827e-02]]
Estimated pose: 
(0.0726859, 0.0094894, 0.244255)

Current pose: (0.07268585714547858, 0.009489396513824216, 0.2442548567725848)
Goal pose: (0.5, 0.5, 0)
Dist: 0.6505367236489165
Moving to goal, dist: 0.6505367236489165, theta_diff: 0.6098894081583117
dt=0.1002037525177002
raw_control = 0.32526836182445823 + 0.0 + -0.0 = 0.32526836182445823
dt=0.10020613670349121
raw_control = 0.4269225857108182 + 0.05670912554157013 + -0.026832039146989402 = 0.45679967210539896
Velocities: 0.2 0.45679967210539896
Rel pose: (0.0173524, 0.000333421, 0.0431096)

Estimated landmark positions:
682: [0.84336985 0.23572599]
683: [ 0.77294293 -0.27977709]
Odometry measurement
[0.08962503594121153, 0.013481274364079244, 0.2801253449450897]
Covariance:
[[1.10276581e-03 3.87376614e-05 4.87036797e-04]
 [3.87376614e-05 1.41729393e-03 4.34677896e-03]
 [4.87036797e-04 4.34677896e-03 8.11055683e-02]]
Estimated pose: 
(0.0894425, 0.0140093, 0.287364)

Current pose: (0.08944252809793102, 0.014009300700307434, 0.28736448929684455)
Goal pose: (0.5, 0.5, 0)
Dist: 0.6361952511143276
Moving to goal, dist: 0.6361952511143276, theta_diff: 0.5819733688580907
dt=0.10001158714294434
raw_control = 0.3180976255571638 + 0.0 + -0.0 = 0.3180976255571638
dt=0.10001015663146973
raw_control = 0.40738135820066346 + 0.0625294503190543 + -0.027913204258933046 = 0.4419976042607847
Velocities: 0.2 0.4419976042607847
Rel pose: (0.0146248, 0.000238097, 0.0383972)

Landmark 682 range: 0.8258432907803297 bearing: -0.0530239046822291
Raw z: 0.9119394615020665,x: 0.04376891956572259 y: -0.0767530525849468
Estimated landmark positions:
682: [0.8493804  0.23667078]
683: [ 0.77295096 -0.27974654]
Odometry measurement
[0.10361394616646999, 0.017753498707872545, 0.31852258848896514]
Covariance:
[[1.20512047e-03 6.01954972e-05 6.43461323e-04]
 [6.01954972e-05 1.63014303e-03 5.01576237e-03]
 [6.43461323e-04 5.01576237e-03 8.17249131e-02]]
Estimated pose: 
(0.103254, 0.0184577, 0.327862)

Current pose: (0.10325427783468455, 0.018457727074972147, 0.3278621175417786)
Goal pose: (0.5, 0.5, 0)
Dist: 0.6239311890507475
Moving to goal, dist: 0.6239311890507475, theta_diff: 0.5537852717015588
dt=0.100250244140625
raw_control = 0.31196559452537376 + 0.0 + -0.0 = 0.31196559452537376
dt=0.10025238990783691
raw_control = 0.38764969019109113 + 0.0680812800174385 + -0.028117132352102073 = 0.4276138378564276
Velocities: 0.2 0.4276138378564276
Rel pose: (0.0120249, 0.000139393, 0.0307178)

Landmark 682 range: 0.7975510152504179 bearing: -0.09357288682437429
Raw z: 0.8766599219763139,x: 0.07452029117679451 y: -0.06818064990301653
Estimated landmark positions:
682: [0.85269138 0.23672569]
683: [ 0.77296236 -0.2797101 ]
Odometry measurement
[0.11499031628177636, 0.021651639460304822, 0.34924038332406543]
Covariance:
[[1.30798486e-03 8.23381045e-05 7.78133881e-04]
 [8.23381045e-05 1.83146531e-03 5.51590170e-03]
 [7.78133881e-04 5.51590170e-03 8.32393437e-02]]
Estimated pose: 
(0.114477, 0.0226002, 0.361521)

Current pose: (0.11447691476125399, 0.022600199040578663, 0.36152101540832066)
Goal pose: (0.5, 0.5, 0)
Dist: 0.6136274270337796
Moving to goal, dist: 0.6136274270337796, theta_diff: 0.5299490606256365
dt=0.09991025924682617
raw_control = 0.3068137135168898 + 0.0 + -0.0 = 0.3068137135168898
dt=0.09990954399108887
raw_control = 0.3709643424379455 + 0.07337597691599983 + -0.023857791882273296 = 0.4204825274716721
Velocities: 0.2 0.4204825274716721
Rel pose: (0.0176952, 0.000265488, 0.03735)

Landmark 682 range: 0.7965841322824551 bearing: -0.12899820181034483
Raw z: 0.8740137513737019,x: 0.10247316653390957 y: -0.06020660731467539
Estimated landmark positions:
682: [0.8567383  0.23748827]
683: [ 0.77296568 -0.27969537]
Odometry measurement
[0.13152648562871072, 0.027956126407131698, 0.386590429316744]
Covariance:
[[0.00141371 0.00011908 0.00096708]
 [0.00011908 0.00211333 0.00646441]
 [0.00096708 0.00646441 0.08503048]]
Estimated pose: 
(0.130795, 0.0291696, 0.40047)

Current pose: (0.13079545494958997, 0.02916960422069281, 0.40046975372205074)
Goal pose: (0.5, 0.5, 0)
Dist: 0.5983253777632863
Moving to goal, dist: 0.5983253777632863, theta_diff: 0.5053214622010939
dt=0.10012626647949219
raw_control = 0.29916268888164316 + 0.0 + -0.0 = 0.29916268888164316
dt=0.10012650489807129
raw_control = 0.3537250235407657 + 0.07843558410201766 + -0.02459648266921284 = 0.40756412497357053
Velocities: 0.2 0.40756412497357053
Rel pose: (0.0148395, 0.000158159, 0.0279253)

Landmark 682 range: 0.8051573958698678 bearing: -0.16191872240765245
Raw z: 0.8826323717739093,x: 0.12980113659749096 y: -0.05176229717238357
Estimated landmark positions:
682: [0.86193958 0.23864566]
683: [ 0.77296723 -0.2796841 ]
Odometry measurement
[0.14521123082005583, 0.033697602443766614, 0.4145156973486532]
Covariance:
[[0.00151936 0.00015438 0.00111491]
 [0.00015438 0.00238188 0.00719081]
 [0.00111491 0.00719081 0.08690957]]
Estimated pose: 
(0.144201, 0.0351517, 0.43003)

Current pose: (0.14420058798958799, 0.03515172102939628, 0.4300296485063566)
Goal pose: (0.5, 0.5, 0)
Dist: 0.5853863203465616
Moving to goal, dist: 0.5853863203465616, theta_diff: 0.4874760449385429
dt=0.10067248344421387
raw_control = 0.2926931601732808 + 0.0 + -0.0 = 0.2926931601732808
dt=0.10067892074584961
raw_control = 0.34123323145698004 + 0.08334344031140443 + -0.017725078030583295 = 0.40685159373780116
Velocities: 0.2 0.40685159373780116
Rel pose: (0.0124515, 0.000132682, 0.0280998)

Landmark 682 range: 0.7574809560763727 bearing: -0.20071481542093605
Raw z: 0.8235897621494368,x: 0.15101886207796555 y: -0.041966648791902546
Estimated landmark positions:
682: [0.86377175 0.23875695]
683: [ 0.77297219 -0.27966772]
Odometry measurement
[0.15655481996034729, 0.038833859200293044, 0.4426154983057621]
Covariance:
[[0.00162716 0.00019401 0.00127985]
 [0.00019401 0.00263079 0.00773525]
 [0.00127985 0.00773525 0.08877061]]
Estimated pose: 
(0.155345, 0.0406006, 0.460671)

Current pose: (0.15534510230231735, 0.04060061447540765, 0.46067077328756445)
Goal pose: (0.5, 0.5, 0)
Dist: 0.5743124532233069
Moving to goal, dist: 0.5743124532233069, theta_diff: 0.4664776834115195
dt=0.10072612762451172
raw_control = 0.28715622661165346 + 0.0 + -0.0 = 0.28715622661165346
dt=0.10072851181030273
raw_control = 0.32653437838806365 + 0.08804220059568042 + -0.020846492368088013 = 0.39373008661565606
Velocities: 0.2 0.39373008661565606
Rel pose: (0.01518, 0.00020462, 0.0312414)

Landmark 682 range: 0.761737658448268 bearing: -0.24048915131996615
Raw z: 0.8264508045542676,x: 0.1814289457530695 y: -0.03382082534992518
Estimated landmark positions:
682: [0.86662512 0.23920614]
683: [ 0.77297576 -0.27965388]
Odometry measurement
[0.1701843226224198, 0.04552040680847635, 0.47385689191646047]
Covariance:
[[0.00173882 0.00024767 0.00148216]
 [0.00024767 0.00293441 0.0085064 ]
 [0.00148216 0.0085064  0.09048983]]
Estimated pose: 
(0.168669, 0.0476727, 0.494668)

Current pose: (0.16866938638331366, 0.04767266182826829, 0.4946680486045671)
Goal pose: (0.5, 0.5, 0)
Dist: 0.5606959928313506
Moving to goal, dist: 0.5606959928313506, theta_diff: 0.4439203597959936
dt=0.09951543807983398
raw_control = 0.2803479964156753 + 0.0 + -0.0 = 0.2803479964156753
dt=0.09951257705688477
raw_control = 0.3107442518571955 + 0.09245976649681231 + -0.022667811730603053 = 0.38053620662340476
Velocities: 0.2 0.38053620662340476
Rel pose: (0.0183343, 0.000304662, 0.0350811)

Landmark 682 range: 0.7618618735915578 bearing: -0.2772418424590575
Raw z: 0.8242187388377299,x: 0.20852453440238305 y: -0.021818647779243742
Estimated landmark positions:
682: [0.87017862 0.24004775]
683: [ 0.77297598 -0.27964855]
Odometry measurement
[0.18635939841777258, 0.05415781947474998, 0.5089380098815465]
Covariance:
[[0.00185593 0.00032043 0.00173081]
 [0.00032043 0.00331212 0.00952479]
 [0.00173081 0.00952479 0.09200105]]
Estimated pose: 
(0.184449, 0.0566999, 0.531288)

Current pose: (0.18444935260043416, 0.05669993467645856, 0.5312882993672593)
Goal pose: (0.5, 0.5, 0)
Dist: 0.5441389151587499
Moving to goal, dist: 0.5441389151587499, theta_diff: 0.4208919588768374
dt=0.10131430625915527
raw_control = 0.27206945757937495 + 0.0 + -0.0 = 0.27206945757937495
dt=0.10131287574768066
raw_control = 0.29462437121378615 + 0.096723943970101 + -0.022729984465655034 = 0.3686183307182321
Velocities: 0.2 0.3686183307182321
Rel pose: (0.0122812, 0.000116167, 0.0253073)

Estimated landmark positions:
682: [0.87017862 0.24004775]
683: [ 0.77297598 -0.27964855]
Odometry measurement
[0.1970274677532654, 0.06024325853592873, 0.5342452840354642]
Covariance:
[[0.00197384 0.00038312 0.00198919]
 [0.00038312 0.00364163 0.01060773]
 [0.00198919 0.01060773 0.10163934]]
Estimated pose: 
(0.194979, 0.0630223, 0.556596)

Current pose: (0.19497875750628993, 0.06302226844199246, 0.5565955735211771)
Goal pose: (0.5, 0.5, 0)
Dist: 0.5329047722154389
Moving to goal, dist: 0.5329047722154389, theta_diff: 0.4048017357068818
dt=0.09970641136169434
raw_control = 0.26645238610771943 + 0.0 + -0.0 = 0.26645238610771943
dt=0.09970760345458984
raw_control = 0.28336121499481726 + 0.10076012506426016 + -0.016137408394620162 = 0.3679839316644572
Velocities: 0.2 0.3679839316644572
Rel pose: (0.01565, 0.000153382, 0.0249582)

Landmark 682 range: 0.716927913937609 bearing: -0.35084240026653923
Raw z: 0.7662283543866192,x: 0.2464002475053475 y: 0.0008357722081065758
Estimated landmark positions:
682: [0.87220466 0.2403544 ]
683: [ 0.77297865 -0.27963833]
Odometry measurement
[0.21041857504027536, 0.06834410831666426, 0.559203492338983]
Covariance:
[[0.00209209 0.000457   0.00216007]
 [0.000457   0.00400885 0.01127791]
 [0.00216007 0.01127791 0.09966663]]
Estimated pose: 
(0.207953, 0.0716374, 0.585181)

Current pose: (0.2079527063903586, 0.0716373908590449, 0.5851809815919967)
Goal pose: (0.5, 0.5, 0)
Dist: 0.5184458955520458
Moving to goal, dist: 0.5184458955520458, theta_diff: 0.3872253316046329
dt=0.09895038604736328
raw_control = 0.2592229477760229 + 0.0 + -0.0 = 0.2592229477760229
dt=0.09894132614135742
raw_control = 0.271057732123243 + 0.10459138384670909 + -0.017764471922619596 = 0.3578846440473325
Velocities: 0.2 0.3578846440473325
Rel pose: (0.01859, 0.000317933, 0.0349066)

Landmark 682 range: 0.7001683727325072 bearing: -0.3878587512926596
Raw z: 0.7441569150917108,x: 0.2648086390757693 y: 0.011718166095407235
Estimated landmark positions:
682: [0.87399428 0.24077357]
683: [ 0.77297881 -0.27963549]
Odometry measurement
[0.2260082332354218, 0.07847581080534653, 0.5941100773788698]
Covariance:
[[0.00222344 0.00056588 0.00245042]
 [0.00056588 0.00445579 0.01220615]
 [0.00245042 0.01220615 0.09873001]]
Estimated pose: 
(0.223105, 0.0822391, 0.621444)

Current pose: (0.2231052161042791, 0.08223906158369629, 0.6214436540072553)
Goal pose: (0.5, 0.5, 0)
Dist: 0.501193498576277
Moving to goal, dist: 0.501193498576277, theta_diff: 0.3640270586264238
dt=0.1014719009399414
raw_control = 0.2505967492881385 + 0.0 + -0.0 = 0.2505967492881385
dt=0.10148119926452637
raw_control = 0.25481894103849667 + 0.10828557409412384 + -0.022859675630891217 = 0.34024483950172935
Velocities: 0.2 0.34024483950172935
Rel pose: (0.012324, 0.000106954, 0.0226893)

Landmark 682 range: 0.6955999588714042 bearing: -0.4271876576597118
Raw z: 0.7364198400453097,x: 0.28819599054393785 y: 0.025051174799824515
Estimated landmark positions:
682: [0.8759271  0.24117468]
683: [ 0.77297974 -0.27963031]
Odometry measurement
[0.23616056775865055, 0.08546303468203714, 0.6167993576547962]
Covariance:
[[0.00234775 0.0006461  0.00262319]
 [0.0006461  0.00477823 0.01258807]
 [0.00262319 0.01258807 0.09850775]]
Estimated pose: 
(0.23282, 0.0896626, 0.646888)

Current pose: (0.23281955478863342, 0.08966260535672357, 0.6468883381419257)
Goal pose: (0.5, 0.5, 0)
Dist: 0.4896551518629984
Moving to goal, dist: 0.4896551518629984, theta_diff: 0.3467431535090142
dt=0.10029935836791992
raw_control = 0.2448275759314992 + 0.0 + -0.0 = 0.2448275759314992
dt=0.10029840469360352
raw_control = 0.24272020745630993 + 0.11176335260766218 + -0.017232482580564812 = 0.33725107748340727
Velocities: 0.2 0.33725107748340727
Rel pose: (0.0126653, 9.26573e-05, 0.0202458)

Estimated landmark positions:
682: [0.8759271  0.24117468]
683: [ 0.77297974 -0.27963031]
Odometry measurement
[0.24643851795308974, 0.09286459458459272, 0.6370451769779303]
Covariance:
[[0.00247585 0.00073346 0.00289363]
 [0.00073346 0.00518431 0.01377995]
 [0.00289363 0.01377995 0.10814604]]
Estimated pose: 
(0.24287, 0.09737, 0.667134)

Current pose: (0.24287018099097654, 0.0973700214043981, 0.6671341574650597)
Goal pose: (0.5, 0.5, 0)
Dist: 0.47773072277958845
Moving to goal, dist: 0.47773072277958845, theta_diff: 0.3353246021444164
dt=0.09862232208251953
raw_control = 0.23886536138979422 + 0.0 + -0.0 = 0.23886536138979422
dt=0.09861445426940918
raw_control = 0.23472722150109146 + 0.11507013787202001 + -0.011578983475792455 = 0.338218375897319
Velocities: 0.2 0.338218375897319
Rel pose: (0.0216592, 0.000398586, 0.0397935)

Estimated landmark positions:
682: [0.8759271  0.24117468]
683: [ 0.77297974 -0.27963031]
Odometry measurement
[0.2636123288436422, 0.10606838867273433, 0.6768386839234013]
Covariance:
[[0.00264166 0.00092071 0.00348966]
 [0.00092071 0.00586387 0.01599614]
 [0.00348966 0.01599614 0.11778432]]
Estimated pose: 
(0.259639, 0.111085, 0.706928)

Current pose: (0.2596389895831139, 0.11108450342993481, 0.7069276644105307)
Goal pose: (0.5, 0.5, 0)
Dist: 0.45719654285762795
Moving to goal, dist: 0.45719654285762795, theta_diff: 0.31029799713884665
dt=0.09991788864135742
raw_control = 0.22859827142881398 + 0.0 + -0.0 = 0.22859827142881398
dt=0.09991836547851562
raw_control = 0.21720859799719264 + 0.11817058474055708 + -0.025047052046653973 = 0.3103321306910957
Velocities: 0.2 0.3103321306910957
Rel pose: (0.0122809, 0.000138666, 0.0275762)

Estimated landmark positions:
682: [0.8759271  0.24117468]
683: [ 0.77297974 -0.27963031]
Odometry measurement
[0.27309912545593773, 0.11386839621803257, 0.7044148861049114]
Covariance:
[[0.00279644 0.00105985 0.00395295]
 [0.00105985 0.00631878 0.01734023]
 [0.00395295 0.01734023 0.12742261]]
Estimated pose: 
(0.268887, 0.119166, 0.734504)

Current pose: (0.2688868332360403, 0.11916638535442764, 0.7345038665920408)
Goal pose: (0.5, 0.5, 0)
Dist: 0.4454745086934584
Moving to goal, dist: 0.4454745086934584, theta_diff: 0.2908431845273448
dt=0.10147714614868164
raw_control = 0.2227372543467292 + 0.0 + -0.0 = 0.2227372543467292
dt=0.10148739814758301
raw_control = 0.20359022916914135 + 0.12112227654722084 + -0.019169683100172343 = 0.3055428226161898
Velocities: 0.2 0.3055428226161898
Rel pose: (0.0124948, 8.70532e-05, 0.0174533)

Estimated landmark positions:
682: [0.8759271  0.24117468]
683: [ 0.77297974 -0.27963031]
Odometry measurement
[0.28256369742459975, 0.12202623612445224, 0.7218681786248549]
Covariance:
[[0.00293562 0.0011763  0.00427167]
 [0.0011763  0.00683214 0.01886068]
 [0.00427167 0.01886068 0.1370609 ]]
Estimated pose: 
(0.278102, 0.127605, 0.751957)

Current pose: (0.27810169711868976, 0.1276052690551113, 0.7519571591119842)
Goal pose: (0.5, 0.5, 0)
Dist: 0.43349358986854897
Moving to goal, dist: 0.43349358986854897, theta_diff: 0.28146304690808743
dt=0.10024070739746094
raw_control = 0.21674679493427448 + 0.0 + -0.0 = 0.21674679493427448
dt=0.1002345085144043
raw_control = 0.1970241328356612 + 0.12394350756440073 + -0.009358191862545419 = 0.3116094485375165
Velocities: 0.2 0.3116094485375165
Rel pose: (0.0221309, 0.000281469, 0.0301942)

Estimated landmark positions:
682: [0.8759271  0.24117468]
683: [ 0.77297974 -0.27963031]
Odometry measurement
[0.29898851802866405, 0.13686130232655885, 0.7520623746843568]
Covariance:
[[0.00311393 0.00140724 0.00489213]
 [0.00140724 0.00775337 0.02175618]
 [0.00489213 0.02175618 0.14669918]]
Estimated pose: 
(0.294073, 0.142928, 0.782151)

Current pose: (0.29407277853781316, 0.14292775186314233, 0.7821513551714863)
Goal pose: (0.5, 0.5, 0)
Dist: 0.4121972961200088
Moving to goal, dist: 0.4121972961200088, theta_diff: 0.265526351913806
dt=0.0984654426574707
raw_control = 0.2060986480600044 + 0.0 + -0.0 = 0.2060986480600044
dt=0.09846830368041992
raw_control = 0.1858684463396642 + 0.126558100509941 + -0.016184593822194955 = 0.2962419530274103
Velocities: 0.2 0.2962419530274103
Rel pose: (0.0124941, 0.000142663, 0.0261799)

Estimated landmark positions:
682: [0.8759271  0.24117468]
683: [ 0.77297974 -0.27963031]
Odometry measurement
[0.30801526101992, 0.14550077760853516, 0.7782423134642716]
Covariance:
[[0.00329277 0.00159925 0.00548702]
 [0.00159925 0.00833968 0.02345346]
 [0.00548702 0.02345346 0.15633747]]
Estimated pose: 
(0.302836, 0.151835, 0.808331)

Current pose: (0.3028355218908091, 0.15183488109248763, 0.8083312939514012)
Goal pose: (0.5, 0.5, 0)
Dist: 0.4001159600065359
Moving to goal, dist: 0.4001159600065359, theta_diff: 0.24719672034063722
dt=0.09982728958129883
raw_control = 0.20005798000326794 + 0.0 + -0.0 = 0.20005798000326794
dt=0.09982132911682129
raw_control = 0.17303770423844606 + 0.12902565102771318 + -0.018362439906723305 = 0.2837009153594359
Velocities: 0.2 0.2837009153594359
Rel pose: (0.0126228, 8.39198e-05, 0.0200713)

Estimated landmark positions:
682: [0.8759271  0.24117468]
683: [ 0.77297974 -0.27963031]
Odometry measurement
[0.316945660892215, 0.15442211455657734, 0.7983135998622063]
Covariance:
[[0.00346101 0.00177871 0.00598312]
 [0.00177871 0.00898753 0.02531189]
 [0.00598312 0.02531189 0.16597575]]
Estimated pose: 
(0.311493, 0.161021, 0.828403)

Current pose: (0.3114934860829873, 0.16102084597742117, 0.8284025803493357)
Goal pose: (0.5, 0.5, 0)
Dist: 0.3878679835343568
Moving to goal, dist: 0.3878679835343568, theta_diff: 0.23487883549117627
dt=0.10037755966186523
raw_control = 0.1939339917671784 + 0.0 + -0.0 = 0.1939339917671784
dt=0.1003866195678711
raw_control = 0.1644151848438234 + 0.13138352025801292 + -0.012270444908380307 = 0.283528260193456
Velocities: 0.1939339917671784 0.283528260193456
Rel pose: (0.0218307, 0.000354661, 0.0349066)

Estimated landmark positions:
682: [0.8759271  0.24117468]
683: [ 0.77297974 -0.27963031]
Odometry measurement
[0.3319276258352933, 0.17030433369136982, 0.8332201849020927]
Covariance:
[[0.00369744 0.00212864 0.00693047]
 [0.00212864 0.01013113 0.02871087]
 [0.00693047 0.02871087 0.17561404]]
Estimated pose: 
(0.325991, 0.177347, 0.863309)

Current pose: (0.3259908619240539, 0.1773466002303214, 0.8633091653892221)
Goal pose: (0.5, 0.5, 0)
Dist: 0.3665847739839527
Moving to goal, dist: 0.3665847739839527, theta_diff: 0.2128908348883104
dt=0.1022331714630127
raw_control = 0.18329238699197636 + 0.0 + -0.0 = 0.18329238699197636
dt=0.1022341251373291
raw_control = 0.14902358442181726 + 0.1335599910834691 + -0.021507496223330348 = 0.261076079281956
Velocities: 0.18329238699197636 0.261076079281956
Rel pose: (0.0119829, 9.68994e-05, 0.020944)

Estimated landmark positions:
682: [0.8759271  0.24117468]
683: [ 0.77297974 -0.27963031]
Odometry measurement
[0.33991438329055357, 0.17923807434022201, 0.8541641359260248]
Covariance:
[[0.00389172 0.00235644 0.00755728]
 [0.00235644 0.0108488  0.0306637 ]
 [0.00755728 0.0306637  0.18525232]]
Estimated pose: 
(0.333705, 0.186517, 0.884253)

Current pose: (0.33370523767036564, 0.1865165742474842, 0.8842531164131542)
Goal pose: (0.5, 0.5, 0)
Dist: 0.35486026292021294
Moving to goal, dist: 0.35486026292021294, theta_diff: 0.19881476183726132
dt=0.09764361381530762
raw_control = 0.17743013146010647 + 0.0 + -0.0 = 0.17743013146010647
dt=0.09763407707214355
raw_control = 0.13917033328608291 + 0.135501100661499 + -0.014417172234493512 = 0.2602542617130884
Velocities: 0.17743013146010647 0.2602542617130884
Rel pose: (0.0118978, 8.30637e-05, 0.0193732)

Estimated landmark positions:
682: [0.8759271  0.24117468]
683: [ 0.77297974 -0.27963031]
Odometry measurement
[0.347666812771295, 0.18826384314743658, 0.8735372906231622]
Covariance:
[[0.00408802 0.0025912  0.00817719]
 [0.0025912  0.01160713 0.03271553]
 [0.00817719 0.03271553 0.19489061]]
Estimated pose: 
(0.341183, 0.195771, 0.903626)

Current pose: (0.3411826228925326, 0.19577148514144108, 0.9036262711102916)
Goal pose: (0.5, 0.5, 0)
Dist: 0.343187920131726
Moving to goal, dist: 0.343187920131726, theta_diff: 0.18605167583104
dt=0.10050463676452637
raw_control = 0.171593960065863 + 0.0 + -0.0 = 0.171593960065863
dt=0.1005103588104248
raw_control = 0.130236173081728 + 0.13737111273100489 + -0.012698279219452518 = 0.2549090065932803
Velocities: 0.171593960065863 0.2549090065932803
Rel pose: (0.0198278, 0.000265894, 0.0342085)

Estimated landmark positions:
682: [0.8759271  0.24117468]
683: [ 0.77297974 -0.27963031]
Odometry measurement
[0.3601947767252924, 0.2036346658091287, 0.9077457439622512]
Covariance:
[[0.00438166 0.00304132 0.00937171]
 [0.00304132 0.01288314 0.03628048]
 [0.00937171 0.03628048 0.20452889]]
Estimated pose: 
(0.353242, 0.211512, 0.937835)

Current pose: (0.35324249359839555, 0.211512247152519, 0.9378347244493807)
Goal pose: (0.5, 0.5, 0)
Dist: 0.32367105095792276
Moving to goal, dist: 0.32367105095792276, theta_diff: 0.16236781427405178
dt=0.10030913352966309
raw_control = 0.16183552547896138 + 0.0 + -0.0 = 0.16183552547896138
dt=0.1003103256225586
raw_control = 0.11365746999183624 + 0.1389998295630502 + -0.023610591840868264 = 0.2290467077140182
Velocities: 0.16183552547896138 0.2290467077140182
Rel pose: (0.0106612, 6.08691e-05, 0.0151844)

Estimated landmark positions:
682: [0.8759271  0.24117468]
683: [ 0.77297974 -0.27963031]
Odometry measurement
[0.3667090512588109, 0.21207444709787887, 0.9229301084546017]
Covariance:
[[0.00457797 0.00327863 0.00994217]
 [0.00327863 0.01368252 0.03831447]
 [0.00994217 0.03831447 0.21416718]]
Estimated pose: 
(0.3595, 0.220144, 0.953019)

Current pose: (0.35949991341748133, 0.22014418657006504, 0.9530190889417312)
Goal pose: (0.5, 0.5, 0)
Dist: 0.3131446161763376
Moving to goal, dist: 0.3131446161763376, theta_diff: 0.1524953249778438
dt=0.10002899169921875
raw_control = 0.1565723080881688 + 0.0 + -0.0 = 0.1565723080881688
dt=0.1000220775604248
raw_control = 0.10674672748449066 + 0.14052511948530383 + -0.009870310172515535 = 0.23740153679727896
Velocities: 0.1565723080881688 0.23740153679727896
Rel pose: (0.0109172, 4.82535e-05, 0.0129154)

Estimated landmark positions:
682: [0.8759271  0.24117468]
683: [ 0.77297974 -0.27963031]
Odometry measurement
[0.37325897232805777, 0.2208086723228081, 0.9358455449193596]
Covariance:
[[0.00476611 0.0035128  0.01045603]
 [0.0035128  0.01455552 0.04052092]
 [0.01045603 0.04052092 0.22380547]]
Estimated pose: 
(0.365784, 0.229072, 0.965935)

Current pose: (0.36578410545618717, 0.22907150905300086, 0.965934525406489)
Goal pose: (0.5, 0.5, 0)
Dist: 0.3023510435818174
Moving to goal, dist: 0.3023510435818174, theta_diff: 0.1449071234259358
dt=0.10063338279724121
raw_control = 0.1511755217909087 + 0.0 + -0.0 = 0.1511755217909087
dt=0.10063290596008301
raw_control = 0.10143498639815507 + 0.14198336197777067 + -0.007540477420892439 = 0.2358778709550333
Velocities: 0.1511755217909087 0.2358778709550333
Rel pose: (0.0150958, 0.000134903, 0.0202458)

Estimated landmark positions:
682: [0.8759271  0.24117468]
683: [ 0.77297974 -0.27963031]
Odometry measurement
[0.38210426800194996, 0.23304235063110704, 0.9560913642424937]
Covariance:
[[0.00501617 0.00388571 0.01131242]
 [0.00388571 0.01577703 0.04367938]
 [0.01131242 0.04367938 0.23344375]]
Estimated pose: 
(0.374257, 0.241566, 0.98618)

Current pose: (0.3742573540347845, 0.24156575569038524, 0.9861803447296231)
Goal pose: (0.5, 0.5, 0)
Dist: 0.2874012380735601
Moving to goal, dist: 0.2874012380735601, theta_diff: 0.1317815712291046
dt=0.09883642196655273
raw_control = 0.14370061903678005 + 0.0 + -0.0 = 0.14370061903678005
dt=0.09884119033813477
raw_control = 0.09224709986037322 + 0.1432859067142621 + -0.013279435579366068 = 0.22225357099526927
Velocities: 0.14370061903678005 0.22225357099526927
Rel pose: (0.0144985, 0.000156426, 0.0244346)

Estimated landmark positions:
682: [0.8759271  0.24117468]
683: [ 0.77297974 -0.27963031]
Odometry measurement
[0.39033799648464307, 0.24497699399863274, 0.9805259737704144]
Covariance:
[[0.00531732 0.00433259 0.01242242]
 [0.00433259 0.01698799 0.04677441]
 [0.01242242 0.04677441 0.24308204]]
Estimated pose: 
(0.382128, 0.253743, 1.01061)

Current pose: (0.382128308540372, 0.2537427040851435, 1.0106149542575438)
Goal pose: (0.5, 0.5, 0)
Dist: 0.27301353709816467
Moving to goal, dist: 0.27301353709816467, theta_diff: 0.113757075459614
dt=0.10320115089416504
raw_control = 0.13650676854908234 + 0.0 + -0.0 = 0.13650676854908234
dt=0.10320568084716797
raw_control = 0.0796299528217298 + 0.14445994435666132 + -0.017464635300630565 = 0.20662526187776056
Velocities: 0.13650676854908234 0.20662526187776056
Rel pose: (0.00703651, 2.68397e-05, 0.0111701)

Estimated landmark positions:
682: [0.8759271  0.24117468]
683: [ 0.77297974 -0.27963031]
Odometry measurement
[0.3942321165847617, 0.25083779311196047, 0.991696080983178]
Covariance:
[[0.0055169  0.00455544 0.01295669]
 [0.00455544 0.01765804 0.04834315]
 [0.01295669 0.04834315 0.25272032]]
Estimated pose: 
(0.385844, 0.259718, 1.02179)

Current pose: (0.38584434714660787, 0.25971800279550994, 1.0217850614703075)
Goal pose: (0.5, 0.5, 0)
Dist: 0.26602058427678626
Moving to goal, dist: 0.26602058427678626, theta_diff: 0.10548923198115978
dt=0.09679412841796875
raw_control = 0.13301029213839313 + 0.0 + -0.0 = 0.13301029213839313
dt=0.09679031372070312
raw_control = 0.07384246238681184 + 0.14548097794242257 + -0.008542015373885242 = 0.21078142495534916
Velocities: 0.13301029213839313 0.21078142495534916
Rel pose: (0.0157354, 0.000145039, 0.0254818)

Estimated landmark positions:
682: [0.8759271  0.24117468]
683: [ 0.77297974 -0.27963031]
Odometry measurement
[0.40272223203786933, 0.2640869607873271, 1.0171778880622955]
Covariance:
[[0.00586412 0.00509525 0.0142489 ]
 [0.00509525 0.01909103 0.05197362]
 [0.0142489  0.05197362 0.26235861]]
Estimated pose: 
(0.393932, 0.273217, 1.04727)

Current pose: (0.3939320258434438, 0.2732165937514163, 1.047266868549425)
Goal pose: (0.5, 0.5, 0)
Dist: 0.25036199490215366
Moving to goal, dist: 0.25036199490215366, theta_diff: 0.08604911934093895
dt=0.0997152328491211
raw_control = 0.12518099745107683 + 0.0 + -0.0 = 0.12518099745107683
dt=0.0997152328491211
raw_control = 0.06023438353865726 + 0.14633901873957691 + -0.019495629789718916 = 0.18707777248851526
Velocities: 0.12518099745107683 0.18707777248851526
Rel pose: (0.00848644, 3.78481e-05, 0.0111701)

Estimated landmark positions:
682: [0.8759271  0.24117468]
683: [ 0.77297974 -0.27963031]
Odometry measurement
[0.4071519396310295, 0.2713256579778353, 1.0283479952750592]
Covariance:
[[0.00608128 0.00537063 0.01484349]
 [0.00537063 0.01997383 0.05403768]
 [0.01484349 0.05403768 0.27199689]]
Estimated pose: 
(0.398142, 0.280585, 1.05844)

Current pose: (0.3981419562220533, 0.2805852796983367, 1.0584369757621885)
Goal pose: (0.5, 0.5, 0)
Dist: 0.24190469314861845
Moving to goal, dist: 0.24190469314861845, theta_diff: 0.07773816501783348
dt=0.10009431838989258
raw_control = 0.12095234657430923 + 0.0 + -0.0 = 0.12095234657430923
dt=0.10008811950683594
raw_control = 0.054416715512483435 + 0.14711708541463162 + -0.008303637198956304 = 0.19323016372815874
Velocities: 0.12095234657430923 0.19323016372815874
Rel pose: (0.0084864, 4.16885e-05, 0.0141372)

Estimated landmark positions:
682: [0.8759271  0.24117468]
683: [ 0.77297974 -0.27963031]
Odometry measurement
[0.411497205557137, 0.27861533089617757, 1.042485162216213]
Covariance:
[[0.00633833 0.00570168 0.01562721]
 [0.00570168 0.0208523  0.05613065]
 [0.01562721 0.05613065 0.28163518]]
Estimated pose: 
(0.402266, 0.288002, 1.07257)

Current pose: (0.4022659495789677, 0.28800237791916644, 1.0725741427033424)
Goal pose: (0.5, 0.5, 0)
Dist: 0.23344150526337173
Moving to goal, dist: 0.23344150526337173, theta_diff: 0.06624616067845457
dt=0.10020875930786133
raw_control = 0.11672075263168587 + 0.0 + -0.0 = 0.11672075263168587
dt=0.10021090507507324
raw_control = 0.046372312474918194 + 0.1477809441865653 + -0.0114678181289448 = 0.18268543853253869
Velocities: 0.11672075263168587 0.18268543853253869
Rel pose: (0.0137735, 0.000147472, 0.0254818)

Estimated landmark positions:
682: [0.8759271  0.24117468]
683: [ 0.77297974 -0.27963031]
Odometry measurement
[0.41831273954373793, 0.29058531022118694, 1.0679669692953304]
Covariance:
[[0.00674516 0.00631095 0.01710961]
 [0.00631095 0.02224054 0.05959317]
 [0.01710961 0.05959317 0.29127346]]
Estimated pose: 
(0.408718, 0.300172, 1.09806)

Current pose: (0.40871828845640207, 0.300171980688987, 1.0980559497824598)
Goal pose: (0.5, 0.5, 0)
Dist: 0.21968975434482876
Moving to goal, dist: 0.21968975434482876, theta_diff: 0.04424485098692377
dt=0.09976983070373535
raw_control = 0.10984487717241438 + 0.0 + -0.0 = 0.10984487717241438
dt=0.09976625442504883
raw_control = 0.030971395690846636 + 0.14822235849262128 + -0.02205285726954867 = 0.15714089691391925
Velocities: 0.10984487717241438 0.15714089691391925
Rel pose: (0.00771884, 3.19755e-05, 0.00977384)

Estimated landmark positions:
682: [0.8759271  0.24117468]
683: [ 0.77297974 -0.27963031]
Odometry measurement
[0.42200448006679425, 0.29736413802183026, 1.0777408131064985]
Covariance:
[[0.00697153 0.00660042 0.0177039 ]
 [0.00660042 0.0231504  0.06167138]
 [0.0177039  0.06167138 0.30091175]]
Estimated pose: 
(0.412204, 0.307059, 1.10783)

Current pose: (0.41220442071105884, 0.3070588040745289, 1.1078297935936279)
Goal pose: (0.5, 0.5, 0)
Dist: 0.21197728375425462
Moving to goal, dist: 0.21197728375425462, theta_diff: 0.03593089584317877
dt=0.13108158111572266
raw_control = 0.10598864187712731 + 0.0 + -0.0 = 0.10598864187712731
dt=0.13115954399108887
raw_control = 0.025151627090225136 + 0.14869362648401954 + -0.006338810650569096 = 0.16750644292367559
Velocities: 0.10598864187712731 0.16750644292367559
Rel pose: (0.00759087, 3.4774e-05, 0.0111701)

Estimated landmark positions:
682: [0.8759271  0.24117468]
683: [ 0.77297974 -0.27963031]
Odometry measurement
[0.4255667577068077, 0.3040673274986716, 1.0889109203192624]
Covariance:
[[0.00722284 0.00692227 0.01840671]
 [0.00692227 0.02405149 0.06375394]
 [0.01840671 0.06375394 0.31055004]]
Estimated pose: 
