Robot Name: locobot
Robot Model: locobot_px100
Initialized InterbotixRobotXSCore!

Turret Group Name: camera
Pan Name: pan, Profile Type: time, Profile Velocity: 2.0, Profile Acceleration: 0.3
Tilt Name: tilt, Profile Type: time, Profile Velocity: 2.0, Profile Acceleration: 0.3
Initialized InterbotixTurretXSInterface!

Initialized InterbotixKobukiInterface!

Arm Group Name: arm
Moving Time: 2.00 seconds
Acceleration Time: 0.30 seconds
Drive Mode: Time-Based-Profile
Initialized InterbotixArmXSInterface!

Gripper Name: gripper
Gripper Pressure: 50%
Initialized InterbotixGripperXSInterface!

Reset odom:[0.0, 0.0, 0.0]
Estimated landmark positions:
Starting move to goal: (0.5, 0.5, 0)
Rel pose: (0, 0, 0)

Landmark 682 range: 0.8670956339342628 bearing: 0.32424958814937765
Raw z: 0.9499806403495644,x: -0.2762545599209939 y: -0.09142787340463031
Initial estimate for 682: (0.8219113434615191, 0.2762545599209939)
Landmark 683 range: 0.8461537423998015 bearing: -0.32433978533430674
Raw z: 0.9245419758692662,x: 0.26965486673891487 y: -0.08329213912180693
Initial estimate for 683: (0.8020364135257249, -0.26965486673891487)
Estimated landmark positions:
682: [0.82191134 0.27625456]
683: [ 0.80203641 -0.26965487]
Odometry measurement
[0.0, 0.0, 0.0]
Covariance:
[[ 2.00000000e-04 -6.74700668e-96 -2.46519033e-40]
 [-6.74700668e-96  2.00000000e-04  2.73691106e-60]
 [-2.46519033e-40  2.73691106e-60  9.73828555e-03]]
Estimated pose: 
(5.47382e-56, 4.93038e-36, 4.80135e-34)

Current pose: (5.473822126268818e-56, 4.930380657631324e-36, 4.801345470404824e-34)
Goal pose: (0.5, 0.5, 0)
Dist: 0.7071067811865476
Moving to goal, dist: 0.7071067811865476, theta_diff: 0.7853981633974483
dt=0
raw_control = 0.3535533905932738 + 0.0 + 0 = 0.3535533905932738
dt=0
raw_control = 0.5497787143782138 + 0.0 + 0 = 0.5497787143782138
Velocities: 0.2 0.5497787143782138
Rel pose: (0, 0, 0)

Landmark 683 range: 0.8474438022407075 bearing: -0.32440506270188885
Raw z: 0.9260742021994193,x: 0.2701184210323626 y: -0.08347822441463316
Landmark 682 range: 0.8663633518168611 bearing: 0.32431466023454103
Raw z: 0.9491098499614401,x: -0.27607469435201526 y: -0.09139422257301555
Estimated landmark positions:
682: [0.82155525 0.27616471]
683: [ 0.80263896 -0.26988654]
Odometry measurement
[0.0, 0.0, 0.0]
Covariance:
[[ 2.99958543e-04 -3.75988627e-10 -1.74838998e-08]
 [-3.75988627e-10  2.99948803e-04 -4.10630870e-06]
 [-1.74838998e-08 -4.10630870e-06  1.90189475e-02]]
Estimated pose: 
(-9.59968e-08, 1.29215e-07, -1.48184e-09)

Current pose: (-9.599676019210027e-08, 1.2921485020887374e-07, -1.481839318136616e-09)
Goal pose: (0.5, 0.5, 0)
Dist: 0.7071067576978287
Moving to goal, dist: 0.7071067576978287, theta_diff: 0.7853979396676697
dt=0.10024690628051758
raw_control = 0.35355337884891436 + 0.0 + -0.0 = 0.35355337884891436
dt=0.10025787353515625
raw_control = 0.5497785577673687 + 0.007874232730997351 + -2.2315432265163183e-07 = 0.5576525673440433
Velocities: 0.2 0.5576525673440433
Rel pose: (0.000895567, -1.48863e-07, 0)

Landmark 682 range: 0.8652809036424686 bearing: 0.32434216241338815
Raw z: 0.9478151702447905,x: -0.27575231867735445 y: -0.0912114680088239
Landmark 683 range: 0.8472322731870406 bearing: -0.3242944173507563
Raw z: 0.9258221991685897,x: 0.26996214280192005 y: -0.08335594965078348
Estimated landmark positions:
682: [0.82139108 0.27602527]
683: [ 0.80308068 -0.26991359]
Odometry measurement
[0.000895566914511204, -1.488627759764876e-07, 0.0]
Covariance:
[[ 3.99834224e-04 -1.45879985e-09 -6.15065725e-08]
 [-1.45879985e-09  3.99802909e-04  8.97395835e-07]
 [-6.15065725e-08  8.97395835e-07  2.76361685e-02]]
Estimated pose: 
(0.00089511, 1.55218e-07, -5.22022e-06)

Current pose: (0.0008951102041214115, 1.5521823459630967e-07, -5.2202167413740795e-06)
Goal pose: (0.5, 0.5, 0)
Dist: 0.706474016365744
Moving to goal, dist: 0.706474016365744, theta_diff: 0.7862991403007
dt=0.10034632682800293
raw_control = 0.353237008182872 + 0.0 + -0.0 = 0.353237008182872
dt=0.10033988952636719
raw_control = 0.55040939821049 + 0.015763949618242325 + 0.0008981479223111213 = 0.5670714957510434
Velocities: 0.2 0.5670714957510434
Rel pose: (0.00456309, 1.14251e-05, 0.0146608)

Landmark 682 range: 0.8359924325269079 bearing: 0.2941911000695886
Raw z: 0.9152981489768309,x: -0.2424092127388619 y: -0.08960267117755896
Landmark 683 range: 0.790906978229578 bearing: -0.35224612006122363
Raw z: 0.8564520868970641,x: 0.2728683525735336 y: -0.07198584607458297
Estimated landmark positions:
682: [0.81643137 0.27094589]
683: [ 0.79038449 -0.26757213]
Odometry measurement
[0.005458657302195179, 1.1276270090809217e-05, 0.014660765716752337]
Covariance:
[[ 4.99584078e-04 -2.44008308e-09  6.67212877e-07]
 [-2.44008308e-09  4.99991578e-04  1.01066160e-04]
 [ 6.67212877e-07  1.01066160e-04  3.53694973e-02]]
Estimated pose: 
(0.00550038, 2.68699e-05, 0.016119)

Current pose: (0.005500379133770508, 2.686987634159007e-05, 0.01611903912379319)
Goal pose: (0.5, 0.5, 0)
Dist: 0.703209076934089
Moving to goal, dist: 0.703209076934089, theta_diff: 0.7747829995511308
dt=0.10030937194824219
raw_control = 0.3516045384670445 + 0.0 + -0.0 = 0.3516045384670445
dt=0.1003119945526123
raw_control = 0.5423480996857916 + 0.02353595242128529 + -0.011480322767911 = 0.5544037293391658
Velocities: 0.2 0.5544037293391658
Rel pose: (0.0115949, 0.000282475, 0.0528835)

Landmark 682 range: 0.8316303821977394 bearing: 0.2450835608761759
Raw z: 0.9135930812472701,x: -0.2017846249375273 y: -0.09345106755079721
Estimated landmark positions:
682: [0.81470425 0.26844013]
683: [ 0.79043848 -0.26741449]
Odometry measurement
[0.017048206097034835, 0.00046370515076907314, 0.06754424205218071]
Covariance:
[[5.99391033e-04 3.00608409e-07 2.22558247e-05]
 [3.00608409e-07 6.06468985e-04 4.80580709e-04]
 [2.22558247e-05 4.80580709e-04 4.34715970e-02]]
Estimated pose: 
(0.0170949, 0.000515512, 0.0698316)

Current pose: (0.0170948620532773, 0.0005155123255250095, 0.06983155121419168)
Goal pose: (0.5, 0.5, 0)
Dist: 0.6947532840388565
Moving to goal, dist: 0.6947532840388565, theta_diff: 0.7324415623373031
dt=0.10016179084777832
raw_control = 0.34737664201942825 + 0.0 + -0.0 = 0.34737664201942825
dt=0.10016059875488281
raw_control = 0.5127090936361122 + 0.0308721309649519 + -0.04227354642462502 = 0.5013076781764391
Velocities: 0.2 0.5013076781764391
Rel pose: (0.010617, 0.000157727, 0.0383972)

Landmark 682 range: 0.8390137203873753 bearing: 0.19441769843956297
Raw z: 0.9251288716379924,x: -0.16209345418326415 y: -0.09476724556021182
Estimated landmark positions:
682: [0.8168802  0.26613949]
683: [ 0.79051794 -0.26716979]
Odometry measurement
[0.027630398995163428, 0.0013376476289260536, 0.10594148559605598]
Covariance:
[[6.99151040e-04 1.29623757e-06 5.65713709e-05]
 [1.29623757e-06 7.20198394e-04 8.86978817e-04]
 [5.65713709e-05 8.86978817e-04 5.08805402e-02]]
Estimated pose: 
(0.0276578, 0.00145883, 0.110257)

Current pose: (0.027657820489325264, 0.001458829859494251, 0.11025685591428479)
Goal pose: (0.5, 0.5, 0)
Dist: 0.6867681070564934
Moving to goal, dist: 0.6867681070564934, theta_diff: 0.7021194550403725
dt=0.10012245178222656
raw_control = 0.3433840535282467 + 0.0 + -0.0 = 0.3433840535282467
dt=0.10013055801391602
raw_control = 0.4914836185282607 + 0.03790249224751381 + -0.03028257097370455 = 0.49910353980207
Velocities: 0.2 0.49910353980207
Rel pose: (0.0198215, 0.000503068, 0.0565487)

Landmark 682 range: 0.8370261344281428 bearing: 0.15211614198819656
Raw z: 0.9242849840413482,x: -0.1268347177264725 y: -0.09236675356887668
Estimated landmark positions:
682: [0.82041515 0.2664066 ]
683: [ 0.79053835 -0.26709901]
Odometry measurement
[0.04728754016528699, 0.0039338851075139585, 0.16249015336067207]
Covariance:
[[7.99108149e-04 5.78456978e-06 1.40807570e-04]
 [5.78456978e-06 8.71394294e-04 1.78799185e-03]
 [1.40807570e-04 1.78799185e-03 5.75285077e-02]]
Estimated pose: 
(0.0472707, 0.00415983, 0.167685)

Current pose: (0.04727065021089256, 0.004159828972245965, 0.16768473343815146)
Goal pose: (0.5, 0.5, 0)
Dist: 0.6714323043801961
Moving to goal, dist: 0.6714323043801961, theta_diff: 0.663130423237612
dt=0.10017848014831543
raw_control = 0.33571615219009804 + 0.0 + -0.0 = 0.33571615219009804
dt=0.10028600692749023
raw_control = 0.4641912962663283 + 0.04455276246937748 + -0.038877838491416676 = 0.46986622024428915
Velocities: 0.2 0.46986622024428915
Rel pose: (0.0115986, 0.000130493, 0.029147)

Landmark 682 range: 0.825301980581343 bearing: 0.11134406060097486
Raw z: 0.911176949105014,x: -0.09170271858135273 y: -0.08822356282897856
Estimated landmark positions:
682: [0.82334393 0.26570318]
683: [ 0.79057997 -0.26696603]
Odometry measurement
[0.0587122353915295, 0.005939033405772483, 0.19163715186897734]
Covariance:
[[8.99055644e-04 1.06477886e-05 2.06768760e-04]
 [1.06477886e-05 1.01506582e-03 2.31443977e-03]
 [2.06768760e-04 2.31443977e-03 6.34640926e-02]]
Estimated pose: 
(0.0586415, 0.00629543, 0.199091)

Current pose: (0.058641477806261236, 0.006295426562867869, 0.19909052011561568)
Goal pose: (0.5, 0.5, 0)
Dist: 0.6622246982299751
Moving to goal, dist: 0.6622246982299751, theta_diff: 0.6422305767596193
dt=0.10003113746643066
raw_control = 0.33111234911498755 + 0.0 + -0.0 = 0.33111234911498755
dt=0.0999143123626709
raw_control = 0.4495614037317334 + 0.05096956511489936 + -0.020917770421248594 = 0.47961319842538425
Velocities: 0.2 0.47961319842538425
Rel pose: (0.0117688, 0.000144051, 0.0335103)

Landmark 682 range: 0.8194617738246378 bearing: 0.07058052759692478
Raw z: 0.9046155511283921,x: -0.05779003519663701 y: -0.0833023367767489
Estimated landmark positions:
682: [0.82634449 0.26503656]
683: [ 0.79062086 -0.26683497]
Odometry measurement
[0.07023820422347542, 0.008322016733564898, 0.22514747350726863]
Covariance:
[[9.99375227e-04 1.86048987e-05 2.99720131e-04]
 [1.86048987e-05 1.17038093e-03 2.87979457e-03]
 [2.99720131e-04 2.87979457e-03 6.87039176e-02]]
Estimated pose: 
(0.0700887, 0.00886657, 0.235615)

Current pose: (0.0700887271890634, 0.008866571798962438, 0.23561517175791738)
Goal pose: (0.5, 0.5, 0)
Dist: 0.6527141386444937
Moving to goal, dist: 0.6527141386444937, theta_diff: 0.6161556959425241
dt=0.10011816024780273
raw_control = 0.32635706932224684 + 0.0 + -0.0 = 0.32635706932224684
dt=0.10011935234069824
raw_control = 0.43130898715976684 + 0.05713847603677913 + -0.026043796935845565 = 0.4624036662607004
Velocities: 0.2 0.4624036662607004
Rel pose: (0.0206349, 0.000400906, 0.0492183)

Estimated landmark positions:
682: [0.82634449 0.26503656]
683: [ 0.79062086 -0.26683497]
Odometry measurement
[0.09026281119405072, 0.013319550191617315, 0.2743657584135087]
Covariance:
[[1.10218584e-03 3.86469234e-05 4.83276613e-04]
 [3.86469234e-05 1.41544374e-03 4.27889890e-03]
 [4.83276613e-04 4.27889890e-03 7.83422031e-02]]
Estimated pose: 
(0.0900599, 0.0140734, 0.284833)

Current pose: (0.09005992537741252, 0.014073439178909167, 0.28483345666415744)
Goal pose: (0.5, 0.5, 0)
Dist: 0.6357479746668375
Moving to goal, dist: 0.6357479746668375, theta_diff: 0.5851811480949676
dt=0.10006213188171387
raw_control = 0.31787398733341876 + 0.0 + -0.0 = 0.31787398733341876
dt=0.10006189346313477
raw_control = 0.4096268036664773 + 0.06299390940651048 + -0.030955388485595932 = 0.4416653245873919
Velocities: 0.2 0.4416653245873919
Rel pose: (0.0118547, 0.000116622, 0.0258309)

Landmark 682 range: 0.825943872798922 bearing: -0.006048058084029354
Raw z: 0.9120181111867413,x: 0.004995326062695243 y: -0.07212741564889036
Estimated landmark positions:
682: [0.83239232 0.26576812]
683: [ 0.79064718 -0.26673972]
Odometry measurement
[0.10164252719736744, 0.016643683702044988, 0.3001966313430248]
Covariance:
[[1.20343415e-03 5.40326699e-05 5.91443153e-04]
 [5.40326699e-05 1.60389806e-03 4.78884956e-03]
 [5.91443153e-04 4.78884956e-03 8.01892520e-02]]
Estimated pose: 
(0.101235, 0.0176586, 0.314398)

Current pose: (0.1012348678497937, 0.017658570405429456, 0.31439803713418657)
Goal pose: (0.5, 0.5, 0)
Dist: 0.625832953208846
Moving to goal, dist: 0.625832953208846, theta_diff: 0.5655709687534174
dt=0.10042667388916016
raw_control = 0.312916476604423 + 0.0 + -0.0 = 0.312916476604423
dt=0.10043168067932129
raw_control = 0.39589967812739213 + 0.06867403370004424 + -0.019525889847612485 = 0.44504782197982384
Velocities: 0.2 0.44504782197982384
Rel pose: (0.0119822, 0.00013984, 0.0298451)

Landmark 682 range: 0.7981923655806856 bearing: -0.04372337201461785
Raw z: 0.8778522266283041,x: 0.03488854299501546 y: -0.06329473014973225
Estimated landmark positions:
682: [0.83599864 0.26584319]
683: [ 0.79067224 -0.2666547 ]
Odometry measurement
[0.11304755935267688, 0.02032051806183082, 0.330041761552128]
Covariance:
[[1.30602350e-03 7.51927588e-05 7.29920694e-04]
 [7.51927588e-05 1.80381683e-03 5.32494383e-03]
 [7.29920694e-04 5.32494383e-03 8.23118238e-02]]
Estimated pose: 
(0.112446, 0.0216767, 0.348306)

Current pose: (0.11244558108546182, 0.021676707335258793, 0.3483064285032837)
Goal pose: (0.5, 0.5, 0)
Dist: 0.6156229364845214
Moving to goal, dist: 0.6156229364845214, theta_diff: 0.5415390019235504
dt=0.09989762306213379
raw_control = 0.3078114682422607 + 0.0 + -0.0 = 0.3078114682422607
dt=0.09990882873535156
raw_control = 0.37907730134648526 + 0.07408448643971356 + -0.024053897072024766 = 0.42910789071417405
Velocities: 0.2 0.42910789071417405
Rel pose: (0.0208906, 0.000414964, 0.0472984)

Landmark 682 range: 0.8009584722243787 bearing: -0.08079088894521037
Raw z: 0.8802197149350661,x: 0.06463977428591863 y: -0.05725128817651659
Estimated landmark positions:
682: [0.84065399 0.26705814]
683: [ 0.79067475 -0.26663482]
Odometry measurement
[0.1326761604836246, 0.0274833559879358, 0.3773401842811742]
Covariance:
[[0.00141359 0.00012048 0.00098598]
 [0.00012048 0.00212169 0.00652696]
 [0.00098598 0.00652696 0.08435099]]
Estimated pose: 
(0.131777, 0.0292335, 0.397039)

Current pose: (0.1317773417088732, 0.029233519874615223, 0.39703937918504845)
Goal pose: (0.5, 0.5, 0)
Dist: 0.5976696452795878
Moving to goal, dist: 0.5976696452795878, theta_diff: 0.5099786353049229
dt=0.1000521183013916
raw_control = 0.2988348226397939 + 0.0 + -0.0 = 0.2988348226397939
dt=0.1000359058380127
raw_control = 0.35698504471344605 + 0.07918610391378972 + -0.03154903867190739 = 0.4046221099553284
Velocities: 0.2 0.4046221099553284
Rel pose: (0.0118976, 0.000100799, 0.0221657)

Landmark 682 range: 0.7828486731357729 bearing: -0.11421784136780774
Raw z: 0.8570953608376277,x: 0.08922099794462218 y: -0.04592204357136569
Estimated landmark positions:
682: [0.84419141 0.26773993]
683: [ 0.79068295 -0.26660076]
Odometry measurement
[0.1436995878049308, 0.03196071868379652, 0.39950586578150193]
Covariance:
[[0.00151783 0.00014884 0.00110341]
 [0.00014884 0.00235183 0.00702887]
 [0.00110341 0.00702887 0.08635999]]
Estimated pose: 
(0.14254, 0.0340451, 0.421901)

Current pose: (0.14254028161523846, 0.03404506429782331, 0.4219011141977602)
Goal pose: (0.5, 0.5, 0)
Dist: 0.5872745970778344
Moving to goal, dist: 0.5872745970778344, theta_diff: 0.49450492232589527
dt=0.1001436710357666
raw_control = 0.2936372985389172 + 0.0 + -0.0 = 0.2936372985389172
dt=0.10014605522155762
raw_control = 0.34615344562812667 + 0.08413837563964784 + -0.015451145773834503 = 0.41484067549394
Velocities: 0.2 0.41484067549394
Rel pose: (0.0122384, 0.000125701, 0.0261799)

Landmark 682 range: 0.7665950618424237 bearing: -0.148652493711331
Raw z: 0.8363025933898102,x: 0.11353703842439818 y: -0.039456965463918955
Estimated landmark positions:
682: [0.84694906 0.26818586]
683: [ 0.79069152 -0.26656763]
Odometry measurement
[0.1549253489718686, 0.03683680283495715, 0.4256858045614171]
Covariance:
[[0.00162481 0.0001861  0.00126003]
 [0.0001861  0.00259583 0.00756635]
 [0.00126003 0.00756635 0.08824414]]
Estimated pose: 
(0.153484, 0.0393235, 0.451263)

Current pose: (0.15348360059387867, 0.03932345319766025, 0.45126341712229884)
Goal pose: (0.5, 0.5, 0)
Dist: 0.5764516422312551
Moving to goal, dist: 0.5764516422312551, theta_diff: 0.47463152434587236
dt=0.11979246139526367
raw_control = 0.28822582111562756 + 0.0 + -0.0 = 0.28822582111562756
dt=0.11990022659301758
raw_control = 0.3322420670421106 + 0.08982921837137378 + -0.016574946140410586 = 0.40549633927307377
Velocities: 0.2 0.40549633927307377
Rel pose: (0.0215301, 0.000425979, 0.0459022)

Landmark 682 range: 0.768114871105256 bearing: -0.16198408506269704
Raw z: 0.8374793490766036,x: 0.12387898143658282 y: -0.03510650220140056
Estimated landmark positions:
682: [0.85052584 0.26975116]
683: [ 0.79067679 -0.26660255]
Odometry measurement
[0.17435810601756138, 0.04611552341669343, 0.47158796388886803]
Covariance:
[[0.00174166 0.00026245 0.0015683 ]
 [0.00026245 0.00300041 0.0088345 ]
 [0.0015683  0.0088345  0.08983234]]
Estimated pose: 
(0.172589, 0.0488163, 0.49382)

Current pose: (0.17258879255011716, 0.04881630441021653, 0.4938196284621915)
Goal pose: (0.5, 0.5, 0)
Dist: 0.5574628471296043
Moving to goal, dist: 0.5574628471296043, theta_diff: 0.44922841437752214
dt=0.08142495155334473
raw_control = 0.2787314235648021 + 0.0 + -0.0 = 0.2787314235648021
dt=0.08132410049438477
raw_control = 0.3144598900642655 + 0.09348252804295086 + -0.031236877892186755 = 0.3767055402150296
Velocities: 0.2 0.3767055402150296
Rel pose: (0.0120252, 0.000123669, 0.0272271)

Landmark 682 range: 0.7412649063524677 bearing: -0.22735321040748324
Raw z: 0.8022293499545448,x: 0.16708084149169716 y: -0.020034666716392372
Estimated landmark positions:
682: [0.8529328  0.27025966]
683: [ 0.7906811 -0.2665832]
Odometry measurement
[0.1850145402006336, 0.05168875621083129, 0.49881510021997943]
Covariance:
[[0.00185531 0.00031727 0.0017615 ]
 [0.00031727 0.00326808 0.0093007 ]
 [0.0017615  0.0093007  0.09132169]]
Estimated pose: 
(0.182921, 0.0547751, 0.524003)

Current pose: (0.18292081680986416, 0.05477511442859536, 0.5240033284893483)
Goal pose: (0.5, 0.5, 0)
Dist: 0.5465934569171077
Moving to goal, dist: 0.5465934569171077, theta_diff: 0.42794082899837416
dt=0.10005807876586914
raw_control = 0.27329672845855385 + 0.0 + -0.0 = 0.27329672845855385
dt=0.10005545616149902
raw_control = 0.2995585802988619 + 0.09776430952850709 + -0.021275786644546203 = 0.37604710318282275
Velocities: 0.2 0.37604710318282275
Rel pose: (0.0121958, 0.000122598, 0.0256563)

Landmark 682 range: 0.738300780061211 bearing: -0.26280418936152666
Raw z: 0.7967571989022599,x: 0.1918027743058794 y: -0.009247994740827105
Estimated landmark positions:
682: [0.85553316 0.27085011]
683: [ 0.79068465 -0.26656564]
Odometry measurement
[0.19566562249087677, 0.05763070160064241, 0.5244714402242963]
Covariance:
[[0.00197104 0.0003771  0.00194907]
 [0.0003771  0.00354785 0.00979317]
 [0.00194907 0.00979317 0.0926805 ]]
Estimated pose: 
(0.19318, 0.0611487, 0.553036)

Current pose: (0.19317953852667089, 0.06114867896222078, 0.5530356029199325)
Goal pose: (0.5, 0.5, 0)
Dist: 0.5354710800363645
Moving to goal, dist: 0.5354710800363645, theta_diff: 0.4076091910663183
dt=0.09845542907714844
raw_control = 0.2677355400181822 + 0.0 + -0.0 = 0.2677355400181822
dt=0.09844446182250977
raw_control = 0.2853264337464228 + 0.10177699627335032 + -0.02065290170280246 = 0.3664505283169706
Velocities: 0.2 0.3664505283169706
Rel pose: (0.0185486, 0.000245248, 0.0329867)

Landmark 682 range: 0.7052847137188615 bearing: -0.2964216452657074
Raw z: 0.7556810912448539,x: 0.20601351613117702 y: 0.0007679552449005805
Estimated landmark positions:
682: [0.85702039 0.27122923]
683: [ 0.79068559 -0.26655887]
Odometry measurement
[0.2115982729985028, 0.06713130048760654, 0.5574581630869889]
Covariance:
[[0.002096   0.00046997 0.00221727]
 [0.00046997 0.00396606 0.01081767]
 [0.00221727 0.01081767 0.09380567]]
Estimated pose: 
(0.208686, 0.0711831, 0.587717)

Current pose: (0.20868602285788815, 0.07118312042272795, 0.5877168953470616)
Goal pose: (0.5, 0.5, 0)
Dist: 0.5184088632428495
Moving to goal, dist: 0.5184088632428495, theta_diff: 0.38635180236900535
dt=0.10026288032531738
raw_control = 0.25920443162142476 + 0.0 + -0.0 = 0.25920443162142476
dt=0.10026264190673828
raw_control = 0.2704462616583037 + 0.10565066151444498 + -0.021201704137305745 = 0.3548952190354429
Velocities: 0.2 0.3548952190354429
Rel pose: (0.0185484, 0.000254171, 0.0357792)

Landmark 682 range: 0.7104353676412111 bearing: -0.33636588814891155
Raw z: 0.7595770875506747,x: 0.23448546029384013 y: 0.012872824820110445
Estimated landmark positions:
682: [0.85944531 0.27198126]
683: [ 0.79068365 -0.26655829]
Odometry measurement
[0.2272040696918365, 0.07715969317558632, 0.5932374127528728]
Covariance:
[[0.00222971 0.00058178 0.00253277]
 [0.00058178 0.00440554 0.01179713]
 [0.00253277 0.01179713 0.09475032]]
Estimated pose: 
(0.223778, 0.0816759, 0.624242)

Current pose: (0.22377799827420192, 0.08167592170629168, 0.6242422112106041)
Goal pose: (0.5, 0.5, 0)
Dist: 0.5012919595581874
Moving to goal, dist: 0.5012919595581874, theta_diff: 0.36296781601072314
dt=0.10150742530822754
raw_control = 0.2506459797790937 + 0.0 + -0.0 = 0.2506459797790937
dt=0.10151791572570801
raw_control = 0.2540774712075062 + 0.10933543513013706 + -0.02303434442198712 = 0.34037856191565613
Velocities: 0.2 0.34037856191565613
Rel pose: (0.0156927, 0.000146498, 0.0242601)

Landmark 682 range: 0.6865423321645968 bearing: -0.3712804965490422
Raw z: 0.7294694567346207,x: 0.24908372128368195 y: 0.022731570003460683
Estimated landmark positions:
682: [0.86119253 0.2725061 ]
683: [ 0.79068269 -0.26655656]
Odometry measurement
[0.2401335418592095, 0.08605413680074936, 0.6174974893555938]
Covariance:
[[0.00235609 0.0006743  0.00272897]
 [0.0006743  0.00481069 0.01252994]
 [0.00272897 0.01252994 0.09560747]]
Estimated pose: 
(0.236245, 0.0909972, 0.649537)

Current pose: (0.23624549147067175, 0.09099715172090099, 0.6495368947810272)
Goal pose: (0.5, 0.5, 0)
Dist: 0.4866721387854077
Moving to goal, dist: 0.4866721387854077, theta_diff: 0.34849754247646525
dt=0.10197567939758301
raw_control = 0.24333606939270386 + 0.0 + -0.0 = 0.24333606939270386
dt=0.10199856758117676
raw_control = 0.24394827973352565 + 0.11289006014395304 + -0.014186741909626875 = 0.34265159796785183
Velocities: 0.2 0.34265159796785183
Rel pose: (0.0123666, 0.00010624, 0.0228638)

Landmark 682 range: 0.6676715255518801 bearing: -0.4091551630581274
Raw z: 0.7053364561974788,x: 0.26562267958095465 y: 0.03386434692687287
Estimated landmark positions:
682: [0.86243651 0.27283557]
683: [ 0.79068314 -0.26655191]
Odometry measurement
[0.25015490874351437, 0.09330099065427361, 0.6403613025567195]
Covariance:
[[0.00248584 0.00076488 0.00292548]
 [0.00076488 0.00514572 0.01297048]
 [0.00292548 0.01297048 0.09644047]]
Estimated pose: 
(0.245838, 0.0986769, 0.674564)

Current pose: (0.24583826901900754, 0.09867686606760158, 0.6745636268385712)
Goal pose: (0.5, 0.5, 0)
Dist: 0.4750352021951386
Moving to goal, dist: 0.4750352021951386, theta_diff: 0.3316803564548062
dt=0.09746980667114258
raw_control = 0.2375176010975693 + 0.0 + -0.0 = 0.2375176010975693
dt=0.09744668006896973
raw_control = 0.23217624951836432 + 0.11612217510201438 + -0.017257833729949924 = 0.33104059089042875
Velocities: 0.2 0.33104059089042875
Rel pose: (0.0183773, 0.000280156, 0.0387463)

Estimated landmark positions:
682: [0.86243651 0.27283557]
683: [ 0.79068314 -0.26655191]
Odometry measurement
[0.26472391517757754, 0.10450581234290608, 0.6791076119509939]
Covariance:
[[0.00265202 0.0009348  0.00346737]
 [0.0009348  0.00568721 0.01461946]
 [0.00346737 0.01461946 0.10607875]]
Estimated pose: 
(0.260016, 0.110373, 0.71331)

Current pose: (0.2600155986472622, 0.11037333143821747, 0.7133099362328456)
Goal pose: (0.5, 0.5, 0)
Dist: 0.4576040359821852
Moving to goal, dist: 0.4576040359821852, theta_diff: 0.3054328596849175
dt=0.09996604919433594
raw_control = 0.2288020179910926 + 0.0 + -0.0 = 0.2288020179910926
dt=0.09996604919433594
raw_control = 0.21380300177944225 + 0.1191754667296973 + -0.026256411032972854 = 0.30672205747616665
Velocities: 0.2 0.30672205747616665
Rel pose: (0.0095099, 4.40629e-05, 0.0136136)

Estimated landmark positions:
682: [0.86243651 0.27283557]
683: [ 0.79068314 -0.26655191]
Odometry measurement
[0.27209620971443316, 0.11051325529730018, 0.6927211801165494]
Covariance:
[[0.00277866 0.00101196 0.00367513]
 [0.00101196 0.00604791 0.01557967]
 [0.00367513 0.01557967 0.11571704]]
Estimated pose: 
(0.267178, 0.116629, 0.726924)

Current pose: (0.26717815309826853, 0.11662936143542768, 0.726923504398401)
Goal pose: (0.5, 0.5, 0)
Dist: 0.44852988630429214
Moving to goal, dist: 0.44852988630429214, theta_diff: 0.29810132239092546
dt=0.10029745101928711
raw_control = 0.22426494315214607 + 0.0 + -0.0 = 0.22426494315214607
dt=0.10029053688049316
raw_control = 0.2086709256736478 + 0.12216514089643439 + -0.007310298181700193 = 0.323525768388382
Velocities: 0.2 0.323525768388382
Rel pose: (0.0223009, 0.000301924, 0.0301942)

Estimated landmark positions:
682: [0.86243651 0.27283557]
683: [ 0.79068314 -0.26655191]
Odometry measurement
[0.2890641713755367, 0.12498768462613827, 0.7229153761760516]
Covariance:
[[0.00294581 0.00120788 0.00418678]
 [0.00120788 0.00683099 0.01804209]
 [0.00418678 0.01804209 0.12535533]]
Estimated pose: 
(0.283641, 0.131676, 0.757118)

Current pose: (0.28364122856335083, 0.13167555608941472, 0.7571177004579032)
Goal pose: (0.5, 0.5, 0)
Dist: 0.427169771823356
Moving to goal, dist: 0.427169771823356, theta_diff: 0.2825652725476645
dt=0.11853146553039551
raw_control = 0.213584885911678 + 0.0 + -0.0 = 0.213584885911678
dt=0.11867451667785645
raw_control = 0.19779569078336515 + 0.1255184706113885 + -0.01309131082069942 = 0.31022285057405424
Velocities: 0.2 0.31022285057405424
Rel pose: (0.0124094, 9.83282e-05, 0.0240855)

Estimated landmark positions:
682: [0.86243651 0.27283557]
683: [ 0.79068314 -0.26655191]
Odometry measurement
[0.2983046508895204, 0.13327112269220778, 0.7470009198535733]
Covariance:
[[0.00310808 0.00136125 0.00464522]
 [0.00136125 0.00733498 0.01949145]
 [0.00464522 0.01949145 0.13499361]]
Estimated pose: 
(0.292593, 0.14027, 0.781203)

Current pose: (0.29259304625084154, 0.14027013391119783, 0.7812032441354249)
Goal pose: (0.5, 0.5, 0)
Dist: 0.4152387518281177
Moving to goal, dist: 0.4152387518281177, theta_diff: 0.2665849123196258
dt=0.08331894874572754
raw_control = 0.20761937591405885 + 0.0 + -0.0 = 0.20761937591405885
dt=0.08317208290100098
raw_control = 0.18660943862373802 + 0.1277357128541489 + -0.019213610710050406 = 0.2951315407678365
Velocities: 0.2 0.2951315407678365
Rel pose: (0.0123662, 0.000143646, 0.0244346)

Estimated landmark positions:
682: [0.86243651 0.27283557]
683: [ 0.79068314 -0.26655191]
Odometry measurement
[0.3072804837675891, 0.14177860979949852, 0.7714355293814937]
Covariance:
[[0.00327873 0.00152952 0.00514145]
 [0.00152952 0.00786571 0.02104147]
 [0.00514145 0.02104147 0.1446319 ]]
Estimated pose: 
(0.301273, 0.14908, 0.805638)

Current pose: (0.3012727105749876, 0.14907957997538776, 0.8056378536633453)
Goal pose: (0.5, 0.5, 0)
Dist: 0.4032836182545268
Moving to goal, dist: 0.4032836182545268, theta_diff: 0.24988477590091462
dt=0.10054874420166016
raw_control = 0.2016418091272634 + 0.0 + -0.0 = 0.2016418091272634
dt=0.10055232048034668
raw_control = 0.17491934313064023 + 0.13024836226110373 + -0.016608404797555373 = 0.2885593005941886
Velocities: 0.2 0.2885593005941886
Rel pose: (0.0192737, 0.000242942, 0.0303687)

Estimated landmark positions:
682: [0.86243651 0.27283557]
683: [ 0.79068314 -0.26655191]
Odometry measurement
[0.3209286094819152, 0.1553897054827405, 0.8018042583661951]
Covariance:
[[0.00347977 0.00178537 0.00582751]
 [0.00178537 0.008727   0.02366302]
 [0.00582751 0.02366302 0.15427018]]
Estimated pose: 
(0.314447, 0.163149, 0.836007)

Current pose: (0.3144474139350231, 0.16314942192873977, 0.8360065826480466)
Goal pose: (0.5, 0.5, 0)
Dist: 0.38457518659209255
Moving to goal, dist: 0.38457518659209255, theta_diff: 0.23129771762115225
dt=0.09679412841796875
raw_control = 0.19228759329604628 + 0.0 + -0.0 = 0.19228759329604628
dt=0.09680485725402832
raw_control = 0.16190840233480658 + 0.13248743651485353 + -0.019200543037822527 = 0.2751952958118376
Velocities: 0.19228759329604628 0.2751952958118376
Rel pose: (0.012836, 8.72541e-05, 0.018326)

Estimated landmark positions:
682: [0.86243651 0.27283557]
683: [ 0.79068314 -0.26655191]
Odometry measurement
[0.32979220154506517, 0.16467448060439177, 0.8201302155121356]
Covariance:
[[0.00364882 0.00196444 0.00628298]
 [0.00196444 0.00938984 0.02553238]
 [0.00628298 0.02553238 0.16390847]]
Estimated pose: 
(0.322988, 0.172732, 0.854333)

Current pose: (0.3229883232136108, 0.1727318632679102, 0.8543325397939872)
Goal pose: (0.5, 0.5, 0)
Dist: 0.3720719917419516
Moving to goal, dist: 0.3720719917419516, theta_diff: 0.2206520798922913
dt=0.10022354125976562
raw_control = 0.1860359958709758 + 0.0 + -0.0 = 0.1860359958709758
dt=0.10020971298217773
raw_control = 0.15445645592460389 + 0.13469858467434623 + -0.010623359165547436 = 0.2785316814334027
Velocities: 0.1860359958709758 0.2785316814334027
Rel pose: (0.0212774, 0.000302714, 0.0310669)

Estimated landmark positions:
682: [0.86243651 0.27283557]
683: [ 0.79068314 -0.26655191]
Odometry measurement
[0.3440847407406881, 0.18043977023607433, 0.8511970761976345]
Covariance:
[[0.00388142 0.00229971 0.00713177]
 [0.00229971 0.01051417 0.02881231]
 [0.00713177 0.02881231 0.17354675]]
Estimated pose: 
(0.336733, 0.188977, 0.885399)

Current pose: (0.33673339909856786, 0.188976675447554, 0.8853994004794861)
Goal pose: (0.5, 0.5, 0)
Dist: 0.3512712504398327
Moving to goal, dist: 0.3512712504398327, theta_diff: 0.20200196028171669
dt=0.09975600242614746
raw_control = 0.17563562521991635 + 0.0 + -0.0 = 0.17563562521991635
dt=0.09976577758789062
raw_control = 0.14140137219720167 + 0.1367138729385246 + -0.018693904925608806 = 0.2594213402101175
Velocities: 0.17563562521991635 0.2594213402101175
Rel pose: (0.0118125, 8.52888e-05, 0.0188496)

Estimated landmark positions:
682: [0.86243651 0.27283557]
683: [ 0.79068314 -0.26655191]
Odometry measurement
[0.35180599412381147, 0.18937977969444464, 0.8700466321191733]
Covariance:
[[0.00407257 0.00251793 0.00769741]
 [0.00251793 0.01122672 0.0307227 ]
 [0.00769741 0.0307227  0.18318504]]
Estimated pose: 
(0.344144, 0.198175, 0.904249)

Current pose: (0.344144427273453, 0.19817548973609217, 0.904248956401025)
Goal pose: (0.5, 0.5, 0)
Dist: 0.3396895561331961
Moving to goal, dist: 0.3396895561331961, theta_diff: 0.1898832807680051
dt=0.10008859634399414
raw_control = 0.16984477806659806 + 0.0 + -0.0 = 0.16984477806659806
dt=0.1000823974609375
raw_control = 0.13291829653760356 + 0.13861427033622564 + -0.012108702250504698 = 0.2594238646233245
Velocities: 0.16984477806659806 0.2594238646233245
Rel pose: (0.0113861, 7.38792e-05, 0.0172788)

Estimated landmark positions:
682: [0.86243651 0.27283557]
683: [ 0.79068314 -0.26655191]
Odometry measurement
[0.359091192538532, 0.19813050216268135, 0.8873253917139172]
Covariance:
[[0.00426372 0.0027377  0.00824959]
 [0.0027377  0.0119578  0.03267081]
 [0.00824959 0.03267081 0.19282332]]
Estimated pose: 
(0.351126, 0.20717, 0.921528)

Current pose: (0.3511261282962694, 0.2071702165517124, 0.9215277159957688)
Goal pose: (0.5, 0.5, 0)
Dist: 0.32850070281573196
Moving to goal, dist: 0.32850070281573196, theta_diff: 0.1789257497979323
dt=0.10001802444458008
raw_control = 0.16425035140786598 + 0.0 + -0.0 = 0.16425035140786598
dt=0.10001206398010254
raw_control = 0.1252480248585526 + 0.14040374368987352 + -0.010956209215173082 = 0.254695559333253
Velocities: 0.16425035140786598 0.254695559333253
Rel pose: (0.0164598, 0.000192835, 0.0268781)

Estimated landmark positions:
682: [0.86243651 0.27283557]
683: [ 0.79068314 -0.26655191]
Odometry measurement
[0.3693358466050418, 0.21101497480140385, 0.9142034621946302]
Covariance:
[[0.00452095 0.00309952 0.00917276]
 [0.00309952 0.01302515 0.03561099]
 [0.00917276 0.03561099 0.20246161]]
Estimated pose: 
(0.360924, 0.220397, 0.948406)

Current pose: (0.3609241978551937, 0.22039747647364788, 0.9484057864764818)
Goal pose: (0.5, 0.5, 0)
Dist: 0.31228136336407525
Moving to goal, dist: 0.31228136336407525, theta_diff: 0.16082077313487642
dt=0.09978103637695312
raw_control = 0.15614068168203762 + 0.0 + -0.0 = 0.15614068168203762
dt=0.09977960586547852
raw_control = 0.11257454119441349 + 0.14200840702571146 + -0.018144967106268953 = 0.236437981113856
Velocities: 0.15614068168203762 0.236437981113856
Rel pose: (0.0131339, 0.000140825, 0.0235619)

Estimated landmark positions:
682: [0.86243651 0.27283557]
683: [ 0.79068314 -0.26655191]
Odometry measurement
[0.3772415089792596, 0.22150397910909925, 0.9377654070965534]
Covariance:
[[0.00477506 0.00343425 0.01004335]
 [0.00343425 0.01393881 0.03804404]
 [0.01004335 0.03804404 0.2120999 ]]
Estimated pose: 
(0.368467, 0.231151, 0.971968)

Current pose: (0.36846655827538577, 0.2311506856800258, 0.9719677313784051)
Goal pose: (0.5, 0.5, 0)
Dist: 0.2993008521575619
Moving to goal, dist: 0.2993008521575619, theta_diff: 0.14382116855075477
dt=0.10090279579162598
raw_control = 0.14965042607878096 + 0.0 + -0.0 = 0.14965042607878096
dt=0.1009070873260498
raw_control = 0.10067481798552834 + 0.14345966454714001 + -0.016846789491795276 = 0.22728769304087307
Velocities: 0.14965042607878096 0.22728769304087307
Rel pose: (0.0124522, 8.93531e-05, 0.0190241)

Estimated landmark positions:
682: [0.86243651 0.27283557]
683: [ 0.79068314 -0.26655191]
Odometry measurement
[0.3845360677889263, 0.23159626169397105, 0.9567894959432919]
Covariance:
[[0.00501219 0.00374607 0.01079653]
 [0.00374607 0.01488023 0.04048709]
 [0.01079653 0.04048709 0.22173818]]
Estimated pose: 
(0.375412, 0.241487, 0.990992)

Current pose: (0.3754117386900514, 0.24148650809579664, 0.9909918202251435)
Goal pose: (0.5, 0.5, 0)
Dist: 0.2869694414963737
Moving to goal, dist: 0.2869694414963737, theta_diff: 0.13070815760419885
dt=0.09914517402648926
raw_control = 0.14348472074818686 + 0.0 + -0.0 = 0.14348472074818686
dt=0.09914112091064453
raw_control = 0.09149571032293918 + 0.14475551987284457 + -0.013226611547366533 = 0.22302461864841722
Velocities: 0.14348472074818686 0.22302461864841722
Rel pose: (0.0147121, 0.000127735, 0.0205949)

Estimated landmark positions:
682: [0.86243651 0.27283557]
683: [ 0.79068314 -0.26655191]
Odometry measurement
[0.39290798070513133, 0.24369471026940914, 0.9773843811168247]
Covariance:
[[0.00527471 0.00412476 0.01166687]
 [0.00412476 0.01605425 0.04351828]
 [0.01166687 0.04351828 0.23137647]]
Estimated pose: 
(0.383365, 0.253864, 1.01159)

Current pose: (0.3833650409659947, 0.25386416404186846, 1.0115867053986762)
Goal pose: (0.5, 0.5, 0)
Dist: 0.2723721046870849
Moving to goal, dist: 0.2723721046870849, theta_diff: 0.11668841019389031
dt=0.10233664512634277
raw_control = 0.13618605234354245 + 0.0 + -0.0 = 0.13618605234354245
dt=0.10234761238098145
raw_control = 0.08168188713572322 + 0.1459497978904323 + -0.013698167533328535 = 0.213933517492827
Velocities: 0.13618605234354245 0.213933517492827
Rel pose: (0.00699386, 2.82539e-05, 0.0116937)

Estimated landmark positions:
682: [0.86243651 0.27283557]
683: [ 0.79068314 -0.26655191]
Odometry measurement
[0.3967954730344691, 0.2495086809450592, 0.9890780871051864]
Covariance:
[[0.00547395 0.00433723 0.01218734]
 [0.00433723 0.01667439 0.04499706]
 [0.01218734 0.04499706 0.24101475]]
Estimated pose: 
(0.387051, 0.259808, 1.02328)

Current pose: (0.38705144718137696, 0.25980766981235487, 1.0232804113870382)
Goal pose: (0.5, 0.5, 0)
Dist: 0.26542368218527906
Moving to goal, dist: 0.26542368218527906, theta_diff: 0.10795672617112695
dt=0.09832525253295898
raw_control = 0.13271184109263953 + 0.0 + -0.0 = 0.13271184109263953
dt=0.09831786155700684
raw_control = 0.07556970831978886 + 0.14701120533621637 + -0.008881076016589868 = 0.21369983763941539
Velocities: 0.13271184109263953 0.21369983763941539
Rel pose: (0.0134326, 0.000127117, 0.0235619)

Estimated landmark positions:
682: [0.86243651 0.27283557]
683: [ 0.79068314 -0.26655191]
Odometry measurement
[0.40406996455446775, 0.26080175820700613, 1.01264003200711]
Covariance:
[[0.0057895  0.0047832  0.01328972]
 [0.0047832  0.01780809 0.04793473]
 [0.01328972 0.04793473 0.25065304]]
Estimated pose: 
(0.393936, 0.271343, 1.04684)

Current pose: (0.3939355100804365, 0.27134289841533277, 1.0468423562889615)
Goal pose: (0.5, 0.5, 0)
Dist: 0.25205901318341706
Moving to goal, dist: 0.25205901318341706, theta_diff: 0.08963544785301747
dt=0.09942221641540527
raw_control = 0.12602950659170853 + 0.0 + -0.0 = 0.12602950659170853
dt=0.09943008422851562
raw_control = 0.06274481349711222 + 0.147902451349205 + -0.018426292666113533 = 0.19222097218020368
Velocities: 0.12602950659170853 0.19222097218020368
Rel pose: (0.0108744, 6.70691e-05, 0.0155334)

Estimated landmark positions:
682: [0.86243651 0.27283557]
683: [ 0.79068314 -0.26655191]
Odometry measurement
[0.40977242942073255, 0.2700613375687, 1.0281734623498595]
Covariance:
[[0.00604384 0.00512528 0.01405821]
 [0.00512528 0.01882414 0.05044816]
 [0.01405821 0.05044816 0.26029132]]
Estimated pose: 
(0.399318, 0.280792, 1.06238)

Current pose: (0.39931800250912913, 0.28079206191074824, 1.062375786631711)
Goal pose: (0.5, 0.5, 0)
Dist: 0.24122393069530426
Moving to goal, dist: 0.24122393069530426, theta_diff: 0.07786048675302748
dt=0.10038280487060547
raw_control = 0.12061196534765213 + 0.0 + -0.0 = 0.12061196534765213
dt=0.10039520263671875
raw_control = 0.054502340727119236 + 0.14868413328370136 + -0.011728609326680507 = 0.19145786468414008
Velocities: 0.12061196534765213 0.19145786468414008
Rel pose: (0.012324, 0.000111331, 0.0207694)

Estimated landmark positions:
682: [0.86243651 0.27283557]
683: [ 0.79068314 -0.26655191]
Odometry measurement
[0.41604099291345065, 0.2806725531483211, 1.0489428804485925]
Covariance:
[[0.00636656 0.00558006 0.01514053]
 [0.00558006 0.01998126 0.05335306]
 [0.01514053 0.05335306 0.26992961]]
Estimated pose: 
(0.40522, 0.291611, 1.08315)

Current pose: (0.4052200423981183, 0.291611429243924, 1.0831452047304442)
Goal pose: (0.5, 0.5, 0)
Dist: 0.22893020068303477
Moving to goal, dist: 0.22893020068303477, theta_diff: 0.06079346271744357
dt=0.10028505325317383
raw_control = 0.11446510034151738 + 0.0 + -0.0 = 0.11446510034151738
dt=0.10026788711547852
raw_control = 0.042555423902210496 + 0.14929369648941254 + -0.017021425828917507 = 0.17482769456270555
Velocities: 0.11446510034151738 0.17482769456270555
Rel pose: (0.0075908, 4.19637e-05, 0.016057)

Estimated landmark positions:
682: [0.86243651 0.27283557]
683: [ 0.79068314 -0.26655191]
Odometry measurement
[0.41978853534948674, 0.28727391124480606, 1.06499990956694]
Covariance:
[[0.0066518  0.00592158 0.0160168 ]
 [0.00592158 0.0207203  0.05515198]
 [0.0160168  0.05515198 0.27956789]]
Estimated pose: 
(0.40874, 0.298337, 1.0992)

Current pose: (0.4087396553391717, 0.29833707625918077, 1.0992022338487917)
Goal pose: (0.5, 0.5, 0)
Dist: 0.2213512713297772
Moving to goal, dist: 0.2213512713297772, theta_diff: 0.0466307116503164
dt=0.09959173202514648
raw_control = 0.1106756356648886 + 0.0 + -0.0 = 0.1106756356648886
dt=0.09959101676940918
raw_control = 0.03264149815522148 + 0.14975809648800614 + -0.014220912213316672 = 0.16817868242991096
Velocities: 0.1106756356648886 0.16817868242991096
Rel pose: (0.00921117, 6.71653e-05, 0.0176278)

Estimated landmark positions:
682: [0.86243651 0.27283557]
683: [ 0.79068314 -0.26655191]
Odometry measurement
[0.42419263020111153, 0.29536428031459155, 1.0826277350120828]
Covariance:
[[0.00696813 0.00632777 0.01701309]
 [0.00632777 0.02164156 0.05743616]
 [0.01701309 0.05743616 0.28920618]]
Estimated pose: 
(0.412865, 0.306573, 1.11683)

Current pose: (0.4128645190085115, 0.3065733146516698, 1.1168300592939342)
Goal pose: (0.5, 0.5, 0)
Dist: 0.21214729470926558
Moving to goal, dist: 0.21214729470926558, theta_diff: 0.030710546649974857
dt=0.1021413803100586
