Robot Name: locobot
Robot Model: locobot_px100
Initialized InterbotixRobotXSCore!

Turret Group Name: camera
Pan Name: pan, Profile Type: time, Profile Velocity: 2.0, Profile Acceleration: 0.3
Tilt Name: tilt, Profile Type: time, Profile Velocity: 2.0, Profile Acceleration: 0.3
Initialized InterbotixTurretXSInterface!

Initialized InterbotixKobukiInterface!

Arm Group Name: arm
Moving Time: 2.00 seconds
Acceleration Time: 0.30 seconds
Drive Mode: Time-Based-Profile
Initialized InterbotixArmXSInterface!

Gripper Name: gripper
Gripper Pressure: 50%
Initialized InterbotixGripperXSInterface!

Reset odom:[0.0, 0.0, 0.0]
Estimated landmark positions:
Starting move to goal: (0.5, 0.5, 0)
Rel pose: (0, 0, 0)

Landmark 682 range: 0.8734768694984748 bearing: 0.2985370190354756
Raw z: 0.9600910990272629,x: -0.25690898375973953 y: -0.09807266907336153
Initial estimate for 682: (0.8348410720684467, 0.25690898375973953)
Estimated landmark positions:
682: [0.83484107 0.25690898]
Odometry measurement
[0.0, 0.0, 0.0]
Covariance:
[[2.00000000e-04 8.75811540e-59 4.93038066e-40]
 [8.75811540e-59 2.00000000e-04 1.72986701e-21]
 [4.93038066e-40 1.72986701e-21 9.73828555e-03]]
Estimated pose: 
(4.93038e-36, -9.86076e-36, -4.80135e-34)

Current pose: (4.930380657631324e-36, -9.860761315262648e-36, -4.801345470404824e-34)
Goal pose: (0.5, 0.5, 0)
Dist: 0.7071067811865476
Moving to goal, dist: 0.7071067811865476, theta_diff: 0.7853981633974483
dt=0
raw_control = 0.3535533905932738 + 0.0 + 0 = 0.3535533905932738
dt=0
raw_control = 0.5497787143782138 + 0.0 + 0 = 0.5497787143782138
Velocities: 0.2 0.5497787143782138
Rel pose: (0, 0, -0.000174533)

Landmark 683 range: 1.001727634023727 bearing: -0.2296262795867916
Raw z: 1.1352095978466639,x: 0.2280068616647885 y: -0.22558492489976248
Initial estimate for 683: (0.9753940035706123, -0.2281771035079253)
Landmark 682 range: 0.8728516237116907 bearing: 0.2984229517857272
Raw z: 0.9594232992824928,x: -0.25662992353139114 y: -0.09867471752945277
Estimated landmark positions:
682: [0.8345787  0.25669889]
683: [ 0.97539535 -0.22817168]
Odometry measurement
[0.0, 0.0, -0.00017453292519931107]
Covariance:
[[ 2.99979508e-04  1.61193804e-09  6.35975640e-07]
 [ 1.61193804e-09  2.99974766e-04 -2.06858556e-06]
 [ 6.35975640e-07 -2.06858556e-06  1.91943386e-02]]
Estimated pose: 
(1.00431e-07, 9.87199e-08, -0.000169076)

Current pose: (1.0043070487207364e-07, 9.871989552579377e-08, -0.00016907631845131495)
Goal pose: (0.5, 0.5, 0)
Dist: 0.7071066403658075
Moving to goal, dist: 0.7071066403658075, theta_diff: 0.7855672414267093
dt=0.1004788875579834
raw_control = 0.35355332018290375 + 0.0 + -0.0 = 0.35355332018290375
dt=0.10048246383666992
raw_control = 0.5498970689986965 + 0.0 + 0.0 = 0.5498970689986965
Velocities: 0.2 0.5498970689986965
Rel pose: (0.000810275, 1.4142e-07, 0.000349066)

Landmark 682 range: 0.8718673830196962 bearing: 0.29831654458172413
Raw z: 0.9582276084976769,x: -0.25625186976679304 y: -0.09826562410633993
Estimated landmark positions:
682: [0.83442639 0.25660221]
683: [ 0.97539589 -0.22816959]
Odometry measurement
[0.0008102748391684145, 0.0, 0.00017453292519953314]
Covariance:
[[3.99918206e-04 6.95185112e-09 2.49888310e-06]
 [6.95185112e-09 3.99906695e-04 7.28580945e-06]
 [2.49888310e-06 7.28580945e-06 2.82996343e-02]]
Estimated pose: 
(0.000810553, 2.3877e-07, 0.000186369)

Current pose: (0.0008105525641643977, 2.387697333327191e-07, 0.00018636869654898615)
Goal pose: (0.5, 0.5, 0)
Dist: 0.7065336974706999
Moving to goal, dist: 0.7065336974706999, theta_diff: 0.7860227658460661
dt=0.10001897811889648
raw_control = 0.35326684873534997 + 0.0 + -0.0 = 0.35326684873534997
dt=0.10001993179321289
raw_control = 0.5502159360922463 + 0.0 + 0.0 = 0.5502159360922463
Velocities: 0.2 0.5502159360922463
Rel pose: (0.00622597, 4.40687e-05, 0.0280998)

Landmark 682 range: 0.8278344152074042 bearing: 0.26570813333090626
Raw z: 0.908104628375463,x: -0.2173832051943218 y: -0.09563705048945209
Estimated landmark positions:
682: [0.82564986 0.25250843]
683: [ 0.97541293 -0.22810971]
Odometry measurement
[0.007036238883113284, 4.515534204481677e-05, 0.028274333882308378]
Covariance:
[[4.99797951e-04 6.41440515e-08 9.46479788e-06]
 [6.41440515e-08 5.00860327e-04 1.68465167e-04]
 [9.46479788e-06 1.68465167e-04 3.69081931e-02]]
Estimated pose: 
(0.00705723, 5.76131e-05, 0.0286512)

Current pose: (0.007057232169441726, 5.7613102419483544e-05, 0.028651198021911566)
Goal pose: (0.5, 0.5, 0)
Dist: 0.7020932719897705
Moving to goal, dist: 0.7020932719897705, theta_diff: 0.7637966257297991
dt=0.10026931762695312
raw_control = 0.3510466359948852 + 0.0 + -0.0 = 0.3510466359948852
dt=0.10027003288269043
raw_control = 0.5346576380108593 + 0.0 + -0.0 = 0.5346576380108593
Velocities: 0.2 0.5346576380108593
Rel pose: (0.0100622, 0.000177654, 0.0415388)

Landmark 682 range: 0.8355805583243691 bearing: 0.21671435947083495
Raw z: 0.9204223548390043,x: -0.17966820506604342 y: -0.09919700523175805
Estimated landmark positions:
682: [0.82416853 0.24967207]
683: [ 0.97543671 -0.22800876]
Odometry measurement
[0.017089400762440907, 0.0005072027409050285, 0.06981317007977328]
Covariance:
[[5.99615195e-04 4.36690629e-07 2.92127198e-05]
 [4.36690629e-07 6.07325498e-04 5.07095034e-04]
 [2.92127198e-05 5.07095034e-04 4.49061522e-02]]
Estimated pose: 
(0.0171148, 0.000546829, 0.07126)

Current pose: (0.017114752229850542, 0.0005468285409096602, 0.0712599724124909)
Goal pose: (0.5, 0.5, 0)
Dist: 0.6947169445137942
Moving to goal, dist: 0.6947169445137942, theta_diff: 0.7310023924542048
dt=0.10020780563354492
raw_control = 0.3473584722568971 + 0.0 + -0.0 = 0.3473584722568971
dt=0.10020875930786133
raw_control = 0.5117016747179434 + 0.0 + -0.0 = 0.5117016747179434
Velocities: 0.2 0.5117016747179434
Rel pose: (0.0108725, 0.000182829, 0.0380482)

Estimated landmark positions:
682: [0.82416853 0.24967207]
683: [ 0.97543671 -0.22800876]
Odometry measurement
[0.02792270118544918, 0.0014480165172652865, 0.10786134777324961]
Covariance:
[[6.99684331e-04 1.48503037e-06 5.88490604e-05]
 [1.48503037e-06 7.23582453e-04 9.93819632e-04]
 [5.88490604e-05 9.93819632e-04 5.45444377e-02]]
Estimated pose: 
(0.0279467, 0.00150331, 0.109308)

Current pose: (0.02794668014343683, 0.0015033149714515847, 0.10930815010596721)
Goal pose: (0.5, 0.5, 0)
Dist: 0.6865371670725879
Moving to goal, dist: 0.6865371670725879, theta_diff: 0.7033290269520408
dt=0.09956574440002441
raw_control = 0.34326858353629397 + 0.0 + -0.0 = 0.34326858353629397
dt=0.09955930709838867
raw_control = 0.49233031886642853 + 0.0 + -0.0 = 0.49233031886642853
Velocities: 0.2 0.49233031886642853
Rel pose: (0.0173954, 0.000315228, 0.0418879)

Landmark 682 range: 0.8448510932956655 bearing: 0.13402985338797882
Raw z: 0.9347158084672819,x: -0.11289654612936037 y: -0.09696317242953698
Estimated landmark positions:
682: [0.82933198 0.24879166]
683: [ 0.97545831 -0.2279065 ]
Odometry measurement
[0.04518308896644727, 0.0036340691907934724, 0.14974924982111362]
Covariance:
[[7.99425127e-04 5.08621448e-06 1.26931684e-04]
 [5.08621448e-06 8.69358065e-04 1.79426097e-03]
 [1.26931684e-04 1.79426097e-03 5.99744196e-02]]
Estimated pose: 
(0.0451548, 0.00377995, 0.153486)

Current pose: (0.04515482187666822, 0.0037799500019154017, 0.1534861004268377)
Goal pose: (0.5, 0.5, 0)
Dist: 0.6731407535442695
Moving to goal, dist: 0.6731407535442695, theta_diff: 0.675388365743538
dt=0.10074424743652344
raw_control = 0.33657037677213475 + 0.0 + -0.0 = 0.33657037677213475
dt=0.10075736045837402
raw_control = 0.47277185602047656 + 0.0 + -0.0 = 0.47277185602047656
Velocities: 0.2 0.47277185602047656
Rel pose: (0.0146684, 0.000189683, 0.0335103)

Estimated landmark positions:
682: [0.82933198 0.24879166]
683: [ 0.97545831 -0.2279065 ]
Odometry measurement
[0.059659026915800564, 0.006010009988473455, 0.1832595714594048]
Covariance:
[[8.99962606e-04 1.09643834e-05 2.05080193e-04]
 [1.09643834e-05 1.03431667e-03 2.66861681e-03]
 [2.05080193e-04 2.66861681e-03 6.96127051e-02]]
Estimated pose: 
(0.0596218, 0.00620997, 0.186996)

Current pose: (0.05962178023961275, 0.006209968502347523, 0.18699642206512884)
Goal pose: (0.5, 0.5, 0)
Dist: 0.661635527798939
Moving to goal, dist: 0.661635527798939, theta_diff: 0.6555153535934481
dt=0.10015988349914551
raw_control = 0.3308177638994695 + 0.0 + -0.0 = 0.3308177638994695
dt=0.10015201568603516
raw_control = 0.45886074751541367 + 0.0 + -0.0 = 0.45886074751541367
Velocities: 0.2 0.45886074751541367
Rel pose: (0.0115976, 0.000180643, 0.0357792)

Landmark 682 range: 0.8303121029198263 bearing: 0.05046385698176928
Raw z: 0.918251996652409,x: -0.04188296939476662 y: -0.08713591664142943
Estimated landmark positions:
682: [0.83497297 0.24743565]
683: [ 0.97548542 -0.22777954]
Odometry measurement
[0.07102955302872192, 0.008301131660108705, 0.21903882112528855]
Covariance:
[[1.00014863e-03 1.98474086e-05 3.12223235e-04]
 [1.98474086e-05 1.19093797e-03 3.16352201e-03]
 [3.12223235e-04 3.16352201e-03 7.23587661e-02]]
Estimated pose: 
(0.070883, 0.00872762, 0.227538)

Current pose: (0.07088303712577794, 0.008727618239442647, 0.2275379592337631)
Goal pose: (0.5, 0.5, 0)
Dist: 0.6522958844781157
Moving to goal, dist: 0.6522958844781157, theta_diff: 0.6252894827006436
dt=0.09993171691894531
raw_control = 0.32614794223905785 + 0.0 + -0.0 = 0.32614794223905785
dt=0.09993624687194824
raw_control = 0.43770263789045044 + 0.0 + -0.0 = 0.43770263789045044
Velocities: 0.2 0.43770263789045044
Rel pose: (0.0177367, 0.000310772, 0.0420624)

Estimated landmark positions:
682: [0.83497297 0.24743565]
683: [ 0.97548542 -0.22777954]
Odometry measurement
[0.08827497835884729, 0.012458521459390947, 0.26110125609835155]
Covariance:
[[1.10255482e-03 3.76129145e-05 4.76473489e-04]
 [3.76129145e-05 1.42332934e-03 4.43081405e-03]
 [4.76473489e-04 4.43081405e-03 8.19970516e-02]]
Estimated pose: 
(0.0880925, 0.0130314, 0.2696)

Current pose: (0.08809250579015464, 0.013031427372118659, 0.2696003942068261)
Goal pose: (0.5, 0.5, 0)
Dist: 0.6378135891571062
Moving to goal, dist: 0.6378135891571062, theta_diff: 0.599109959190756
dt=0.10025835037231445
raw_control = 0.3189067945785531 + 0.0 + -0.0 = 0.3189067945785531
dt=0.1002662181854248
raw_control = 0.4193769714335292 + 0.0 + -0.0 = 0.4193769714335292
Velocities: 0.2 0.4193769714335292
Rel pose: (0.0147537, 0.000191744, 0.0359538)

Landmark 682 range: 0.8209506422852587 bearing: -0.023724736553586978
Raw z: 0.906194704058109,x: 0.019475010630847948 y: -0.07491471833764549
Estimated landmark positions:
682: [0.84172757 0.24789854]
683: [ 0.97549745 -0.22771635]
Odometry measurement
[0.1024790766351506, 0.016452342664225912, 0.29705503868943506]
Covariance:
[[1.20461265e-03 5.86308479e-05 6.30329772e-04]
 [5.86308479e-05 1.63679838e-03 5.08009910e-03]
 [6.30329772e-04 5.08009910e-03 8.22223337e-02]]
Estimated pose: 
(0.102098, 0.0173146, 0.309282)

Current pose: (0.10209769597551711, 0.017314584767694426, 0.30928161236415325)
Goal pose: (0.5, 0.5, 0)
Dist: 0.6255489218486235
Moving to goal, dist: 0.6255489218486235, theta_diff: 0.5721008361276239
dt=0.09913825988769531
raw_control = 0.31277446092431177 + 0.0 + -0.0 = 0.31277446092431177
dt=0.0991203784942627
raw_control = 0.40047058528933666 + 0.0 + -0.0 = 0.40047058528933666
Velocities: 0.2 0.40047058528933666
Rel pose: (0.0119827, 0.000109641, 0.0251327)

Landmark 682 range: 0.7996928463145719 bearing: -0.0597169064685024
Raw z: 0.879666318910535,x: 0.04772680460343426 y: -0.06610366657364516
Estimated landmark positions:
682: [0.84605771 0.24771389]
683: [ 0.97550963 -0.22765639]
Odometry measurement
[0.11390491857828006, 0.020064597333320475, 0.3221877799181532]
Covariance:
[[1.30660570e-03 7.82328565e-05 7.41883470e-04]
 [7.82328565e-05 1.83790175e-03 5.56620049e-03]
 [7.41883470e-04 5.56620049e-03 8.36795686e-02]]
Estimated pose: 
(0.113332, 0.0212816, 0.338692)

Current pose: (0.113332375495535, 0.021281608802619843, 0.3386918322534845)
Goal pose: (0.5, 0.5, 0)
Dist: 0.6153723668727203
Moving to goal, dist: 0.6153723668727203, theta_diff: 0.5526774628019808
dt=0.1008756160736084
raw_control = 0.30768618343636017 + 0.0 + -0.0 = 0.30768618343636017
dt=0.10088682174682617
raw_control = 0.38687422396138654 + 0.0 + -0.0 = 0.38687422396138654
Velocities: 0.2 0.38687422396138654
Rel pose: (0.0178228, 0.000277534, 0.0382227)

Landmark 682 range: 0.8171281280593086 bearing: -0.09523443456924116
Raw z: 0.8994973569438902,x: 0.07770115780988583 y: -0.06020857542929421
Estimated landmark positions:
682: [0.85271358 0.24899367]
683: [ 0.97551331 -0.2276297 ]
Odometry measurement
[0.13072279016246974, 0.025971315110399816, 0.36041049053682916]
Covariance:
[[0.00141234 0.00011573 0.00094418]
 [0.00011573 0.00212172 0.00652298]
 [0.00094418 0.00652298 0.08555298]]
Estimated pose: 
(0.129843, 0.0275706, 0.379485)

Current pose: (0.12984332913452565, 0.027570570093739487, 0.37948507102210166)
Goal pose: (0.5, 0.5, 0)
Dist: 0.6001712482515015
Moving to goal, dist: 0.6001712482515015, theta_diff: 0.526701805750859
dt=0.09994626045227051
raw_control = 0.30008562412575074 + 0.0 + -0.0 = 0.30008562412575074
dt=0.0999457836151123
raw_control = 0.36869126402560126 + 0.0 + -0.0 = 0.36869126402560126
Velocities: 0.2 0.36869126402560126
Rel pose: (0.0176095, 0.000279207, 0.0389208)

Estimated landmark positions:
682: [0.85271358 0.24899367]
683: [ 0.97551331 -0.2276297 ]
Odometry measurement
[0.1471024599310913, 0.03244272436179107, 0.3993313328563028]
Covariance:
[[0.0015234  0.00016728 0.00123203]
 [0.00016728 0.0024664  0.00798764]
 [0.00123203 0.00798764 0.09519127]]
Estimated pose: 
(0.146097, 0.0343532, 0.418406)

Current pose: (0.14609658723885396, 0.03435321862481557, 0.4184059133415754)
Goal pose: (0.5, 0.5, 0)
Dist: 0.5848713966070276
Moving to goal, dist: 0.5848713966070276, theta_diff: 0.502503820970192
dt=0.0994420051574707
raw_control = 0.2924356983035138 + 0.0 + -0.0 = 0.2924356983035138
dt=0.09943366050720215
raw_control = 0.35175267467913435 + 0.0 + -0.0 = 0.35175267467913435
Velocities: 0.2 0.35175267467913435
Rel pose: (0.00912599, 5.36566e-05, 0.0181514)

Landmark 682 range: 0.7903786755825587 bearing: -0.1672899333110894
Raw z: 0.8642203878909075,x: 0.13160653073326573 y: -0.04171442218172693
Estimated landmark positions:
682: [0.8581823  0.24980174]
683: [ 0.97551855 -0.22759812]
Odometry measurement
[0.15548956230484787, 0.036040364355863976, 0.41748275707704396]
Covariance:
[[0.0016278  0.00019432 0.00131506]
 [0.00019432 0.00266255 0.00810503]
 [0.00131506 0.00810503 0.09406355]]
Estimated pose: 
(0.154149, 0.0383321, 0.440902)

Current pose: (0.15414886670164032, 0.03833212468758682, 0.44090179917057126)
Goal pose: (0.5, 0.5, 0)
Dist: 0.5768450688869912
Moving to goal, dist: 0.5768450688869912, theta_diff: 0.48694784597689844
dt=0.10043716430664062
raw_control = 0.2884225344434956 + 0.0 + -0.0 = 0.2884225344434956
dt=0.10043859481811523
raw_control = 0.3408634921838289 + 0.0 + -0.0 = 0.3408634921838289
Velocities: 0.2 0.3408634921838289
Rel pose: (0.0179928, 0.000308007, 0.0380482)

Landmark 682 range: 0.7407690377136893 bearing: -0.2013943412016859
Raw z: 0.8031490152804839,x: 0.14818024146876932 y: -0.031796933814461054
Estimated landmark positions:
682: [0.86009613 0.25009436]
683: [ 0.97552027 -0.22758756]
Odometry measurement
[0.1718121211655553, 0.0436172907394016, 0.45553093477052004]
Covariance:
[[0.00174231 0.00026064 0.00157059]
 [0.00026064 0.00301473 0.0090411 ]
 [0.00157059 0.0090411  0.09403928]]
Estimated pose: 
(0.170177, 0.0463879, 0.480707)

Current pose: (0.17017701547800188, 0.04638792411234199, 0.48070720780744597)
Goal pose: (0.5, 0.5, 0)
Dist: 0.5608450022155039
Moving to goal, dist: 0.5608450022155039, theta_diff: 0.46140344378387704
dt=0.10018157958984375
raw_control = 0.28042250110775196 + 0.0 + -0.0 = 0.28042250110775196
dt=0.10019588470458984
raw_control = 0.3229824106487139 + 0.0 + -0.0 = 0.3229824106487139
Velocities: 0.2 0.3229824106487139
Rel pose: (0.0150099, 0.00017637, 0.0307178)

Landmark 682 range: 0.7624165388824922 bearing: -0.2368823254570402
Raw z: 0.8270803298660525,x: 0.17891869874735225 y: -0.023439955257255864
Estimated landmark positions:
682: [0.86432784 0.2511707 ]
683: [ 0.97552003 -0.22758182]
Odometry measurement
[0.18521381825611372, 0.05037911187897494, 0.48624872960562043]
Covariance:
[[0.00185726 0.00032404 0.0017826 ]
 [0.00032404 0.00333649 0.00972498]
 [0.0017826  0.00972498 0.09461918]]
Estimated pose: 
(0.183187, 0.0535308, 0.512866)

Current pose: (0.18318743527922796, 0.05353083526471929, 0.5128659039732563)
Goal pose: (0.5, 0.5, 0)
Dist: 0.5474531178323606
Moving to goal, dist: 0.5474531178323606, theta_diff: 0.4407934327687185
dt=0.10083341598510742
raw_control = 0.2737265589161803 + 0.0 + -0.0 = 0.2737265589161803
dt=0.10082006454467773
raw_control = 0.30855540293810296 + 0.0 + -0.0 = 0.30855540293810296
Velocities: 0.2 0.30855540293810296
Rel pose: (0.0119403, 9.08858e-05, 0.0205949)

Landmark 682 range: 0.7200905863261997 bearing: -0.2702980734674856
Raw z: 0.7747498377718569,x: 0.19227765178815617 y: -0.012162111136791472
Estimated landmark positions:
682: [0.86589609 0.25136237]
683: [ 0.97552186 -0.2275713 ]
Odometry measurement
[0.19572771371981362, 0.05603933987499619, 0.5068436147791534]
Covariance:
[[0.00196905 0.00037563 0.00191483]
 [0.00037563 0.00361941 0.0101807 ]
 [0.00191483 0.0101807  0.09553649]]
Estimated pose: 
(0.193405, 0.0596211, 0.536017)

Current pose: (0.19340480070887647, 0.05962114504634835, 0.536016958046742)
Goal pose: (0.5, 0.5, 0)
Dist: 0.5365949609516037
Moving to goal, dist: 0.5365949609516037, theta_diff: 0.42660303343562256
dt=0.09973788261413574
raw_control = 0.2682974804758019 + 0.0 + -0.0 = 0.2682974804758019
dt=0.09974288940429688
raw_control = 0.29862212340493577 + 0.0 + -0.0 = 0.29862212340493577
Velocities: 0.2 0.29862212340493577
Rel pose: (0.012196, 0.000102451, 0.0247837)

Landmark 682 range: 0.7189044368151035 bearing: -0.30581622648433904
Raw z: 0.7713062667926078,x: 0.21644173077581563 y: -0.0013846179009031141
Estimated landmark positions:
682: [0.86790974 0.25169307]
683: [ 0.97552343 -0.22756128]
Odometry measurement
[0.2063407473202211, 0.06204911300496337, 0.5316272901574729]
Covariance:
[[0.00208698 0.00044161 0.00210389]
 [0.00044161 0.00391406 0.01067669]
 [0.00210389 0.01067669 0.09658412]]
Estimated pose: 
(0.203647, 0.06611, 0.563846)

Current pose: (0.2036468417226585, 0.06610997819252205, 0.5638456758636288)
Goal pose: (0.5, 0.5, 0)
Dist: 0.5254386219579302
Moving to goal, dist: 0.5254386219579302, theta_diff: 0.4077155718943324
dt=0.10040688514709473
raw_control = 0.2627193109789651 + 0.0 + -0.0 = 0.2627193109789651
dt=0.10040092468261719
raw_control = 0.28540090032603266 + 0.0 + -0.0 = 0.28540090032603266
Velocities: 0.2 0.28540090032603266
Rel pose: (0.0214052, 0.000305101, 0.0347321)

Landmark 682 range: 0.6945622556766425 bearing: -0.33769969814242407
Raw z: 0.7406877164120848,x: 0.23012069365622917 y: 0.009139947430352284
Estimated landmark positions:
682: [0.86939173 0.25210544]
683: [ 0.975523   -0.22756076]
Odometry measurement
[0.2246370375339808, 0.07316320531139994, 0.56635934227216]
Covariance:
[[0.00221755 0.00055503 0.00240583]
 [0.00055503 0.00442453 0.01198414]
 [0.00240583 0.01198414 0.09751143]]
Estimated pose: 
(0.221474, 0.0778103, 0.598962)

Current pose: (0.22147374343483614, 0.07781032678799105, 0.5989618196732901)
Goal pose: (0.5, 0.5, 0)
Dist: 0.5057875005998729
Moving to goal, dist: 0.5057875005998729, theta_diff: 0.3886577450395863
dt=0.09918928146362305
raw_control = 0.25289375029993644 + 0.0 + -0.0 = 0.25289375029993644
dt=0.0991971492767334
raw_control = 0.27206042152771037 + 0.0 + -0.0 = 0.27206042152771037
Velocities: 0.2 0.27206042152771037
Rel pose: (0.0123669, 8.47906e-05, 0.0169297)

Landmark 682 range: 0.6972136729276603 bearing: -0.3686728729257266
Raw z: 0.7421047313826962,x: 0.2512603274985779 y: 0.019604435629978958
Estimated landmark positions:
682: [0.87148301 0.25262756]
683: [ 0.97552295 -0.22755762]
Odometry measurement
[0.23502749219814836, 0.0798703941148383, 0.5832890360165052]
Covariance:
[[0.00233398 0.00062074 0.00252012]
 [0.00062074 0.00476139 0.01248271]
 [0.00252012 0.01248271 0.0984815 ]]
Estimated pose: 
(0.231445, 0.0849301, 0.617541)

Current pose: (0.23144511454353647, 0.08493011778582212, 0.6175406025306952)
Goal pose: (0.5, 0.5, 0)
Dist: 0.4943730712971994
Moving to goal, dist: 0.4943730712971994, theta_diff: 0.37898442474022864
dt=0.10015654563903809
raw_control = 0.2471865356485997 + 0.0 + -0.0 = 0.2471865356485997
dt=0.10015130043029785
raw_control = 0.26528909731816 + 0.0 + -0.0 = 0.26528909731816
Velocities: 0.2 0.26528909731816
Rel pose: (0.0123243, 8.08381e-05, 0.018675)

Landmark 682 range: 0.6773514027797402 bearing: -0.40123247373917026
Raw z: 0.7170402542056558,x: 0.26454177802929 y: 0.030537059165254787
Estimated landmark positions:
682: [0.87289342 0.25292371]
683: [ 0.97552343 -0.22755326]
Odometry measurement
[0.24526948476837707, 0.08672572662909221, 0.6019640590128442]
Covariance:
[[0.00245602 0.00069852 0.0026732 ]
 [0.00069852 0.00510598 0.01299446]
 [0.0026732  0.01299446 0.09943703]]
Estimated pose: 
(0.241257, 0.0922748, 0.638715)

Current pose: (0.2412574196318034, 0.09227480739444098, 0.6387148832866372)
Goal pose: (0.5, 0.5, 0)
Dist: 0.4828949736545545
Moving to goal, dist: 0.4828949736545545, theta_diff: 0.36660822026743856
dt=0.10007858276367188
raw_control = 0.24144748682727726 + 0.0 + -0.0 = 0.24144748682727726
dt=0.1000821590423584
raw_control = 0.25662575418720696 + 0.0 + -0.0 = 0.25662575418720696
Velocities: 0.2 0.25662575418720696
Rel pose: (0.021576, 0.000287692, 0.0338594)

Estimated landmark positions:
682: [0.87289342 0.25292371]
683: [ 0.97552343 -0.22755326]
Odometry measurement
[0.2628900411108831, 0.09918051718357496, 0.6358234465015346]
Covariance:
[[0.0026091  0.00086037 0.00315561]
 [0.00086037 0.0057584  0.01504171]
 [0.00315561 0.01504171 0.10907531]]
Estimated pose: 
(0.258408, 0.105369, 0.672574)

Current pose: (0.2584084571579661, 0.10536861224088998, 0.6725742707753275)
Goal pose: (0.5, 0.5, 0)
Dist: 0.4627098505299788
Moving to goal, dist: 0.4627098505299788, theta_diff: 0.3488835330635869
dt=0.09994935989379883
raw_control = 0.2313549252649894 + 0.0 + -0.0 = 0.2313549252649894
dt=0.09993934631347656
raw_control = 0.2442184731445108 + 0.0 + -0.0 = 0.2442184731445108
Velocities: 0.2 0.2442184731445108
Rel pose: (0.0129215, 6.23357e-05, 0.0118682)

Estimated landmark positions:
682: [0.87289342 0.25292371]
683: [ 0.97552343 -0.22755326]
Odometry measurement
[0.27324946521417964, 0.10690399490844302, 0.6476916854150958]
Covariance:
[[0.00273057 0.00094207 0.00334383]
 [0.00094207 0.00624347 0.0164126 ]
 [0.00334383 0.0164126  0.1187136 ]]
Estimated pose: 
(0.268477, 0.113468, 0.684443)

Current pose: (0.2684771059274641, 0.11346750647880091, 0.6844425096888889)
Goal pose: (0.5, 0.5, 0)
Dist: 0.450566553383003
Moving to goal, dist: 0.450566553383003, theta_diff: 0.3466891076061067
dt=0.10033440589904785
raw_control = 0.2252832766915015 + 0.0 + -0.0 = 0.2252832766915015
dt=0.10033988952636719
raw_control = 0.2426823753242747 + 0.0 + -0.0 = 0.2426823753242747
Velocities: 0.2 0.2426823753242747
Rel pose: (0.012751, 5.5183e-05, 0.0102974)

Estimated landmark positions:
682: [0.87289342 0.25292371]
683: [ 0.97552343 -0.22755326]
Odometry measurement
[0.28338480719495496, 0.11464127179116676, 0.6579891280018625]
Covariance:
[[0.00285088 0.00102419 0.0035217 ]
 [0.00102419 0.00676065 0.017891  ]
 [0.0035217  0.017891   0.12835189]]
Estimated pose: 
(0.278321, 0.121572, 0.69474)

Current pose: (0.2783213168663761, 0.12157195720782894, 0.6947399522756555)
Goal pose: (0.5, 0.5, 0)
Dist: 0.43857635837715975
Moving to goal, dist: 0.43857635837715975, theta_diff: 0.34615227045048813
dt=0.09974527359008789
raw_control = 0.21928817918857987 + 0.0 + -0.0 = 0.21928817918857987
dt=0.09973931312561035
raw_control = 0.24230658931534169 + 0.0 + -0.0 = 0.24230658931534169
Velocities: 0.2 0.24230658931534169
Rel pose: (0.0224298, 0.00024963, 0.0247837)

Estimated landmark positions:
682: [0.87289342 0.25292371]
683: [ 0.97552343 -0.22755326]
Odometry measurement
[0.30097911534144844, 0.1285551975833095, 0.6827728033801816]
Covariance:
[[0.00300646 0.00121504 0.00400329]
 [0.00121504 0.00767046 0.02067705]
 [0.00400329 0.02067705 0.13799017]]
Estimated pose: 
(0.295393, 0.136123, 0.719524)

Current pose: (0.2953925115677789, 0.13612294760626964, 0.7195236276539746)
Goal pose: (0.5, 0.5, 0)
Dist: 0.4174574631998943
Moving to goal, dist: 0.4174574631998943, theta_diff: 0.3390363877285981
dt=0.1015775203704834
raw_control = 0.20872873159994715 + 0.0 + -0.0 = 0.20872873159994715
dt=0.10158467292785645
raw_control = 0.23732547141001867 + 0.0 + -0.0 = 0.23732547141001867
Velocities: 0.2 0.23732547141001867
Rel pose: (0.0123245, 6.03185e-05, 0.0139626)

Estimated landmark positions:
682: [0.87289342 0.25292371]
683: [ 0.97552343 -0.22755326]
Odometry measurement
[0.31050270698781096, 0.13637807953502096, 0.6967354373961369]
Covariance:
[[0.00314226 0.00133506 0.00430701]
 [0.00133506 0.00826481 0.02231975]
 [0.00430701 0.02231975 0.14762846]]
Estimated pose: 
(0.304622, 0.14429, 0.733486)

Current pose: (0.30462223989913545, 0.14429046833217885, 0.7334862616699299)
Goal pose: (0.5, 0.5, 0)
Dist: 0.40583462156569594
Moving to goal, dist: 0.40583462156569594, theta_diff: 0.33503356581188115
dt=0.09848833084106445
raw_control = 0.20291731078284797 + 0.0 + -0.0 = 0.20291731078284797
dt=0.09848141670227051
raw_control = 0.2345234960683168 + 0.0 + -0.0 = 0.2345234960683168
Velocities: 0.2 0.2345234960683168
Rel pose: (0.0130919, 8.39049e-05, 0.0164061)

Estimated landmark positions:
682: [0.87289342 0.25292371]
683: [ 0.97552343 -0.22755326]
Odometry measurement
[0.3204895890694108, 0.14484373609037354, 0.7131415323648833]
Covariance:
[[0.00328866 0.0014827  0.00469192]
 [0.0014827  0.00892741 0.02417877]
 [0.00469192 0.02417877 0.15726674]]
Estimated pose: 
(0.314291, 0.153117, 0.749892)

Current pose: (0.3142913286562152, 0.15311735211042232, 0.7498923566386763)
Goal pose: (0.5, 0.5, 0)
Dist: 0.3934657316961143
Moving to goal, dist: 0.3934657316961143, theta_diff: 0.32936658382034956
dt=0.10076642036437988
raw_control = 0.19673286584805716 + 0.0 + -0.0 = 0.19673286584805716
dt=0.10076618194580078
raw_control = 0.23055660867424468 + 0.0 + -0.0 = 0.23055660867424468
Velocities: 0.19673286584805716 0.23055660867424468
Rel pose: (0.0223019, 0.000245515, 0.0256563)

Estimated landmark positions:
682: [0.87289342 0.25292371]
683: [ 0.97552343 -0.22755326]
Odometry measurement
[0.3371961565108554, 0.15961963851786723, 0.7387978723692001]
Covariance:
[[0.00347191 0.00175279 0.00536202]
 [0.00175279 0.01009855 0.02755763]
 [0.00536202 0.02755763 0.16690503]]
Estimated pose: 
(0.330444, 0.168497, 0.775549)

Current pose: (0.3304437108652204, 0.1684971192478725, 0.7755486966429932)
Goal pose: (0.5, 0.5, 0)
Dist: 0.372348620424618
Moving to goal, dist: 0.372348620424618, theta_diff: 0.32246017912486
dt=0.0993201732635498
raw_control = 0.186174310212309 + 0.0 + -0.0 = 0.186174310212309
dt=0.09932971000671387
raw_control = 0.225722125387402 + 0.0 + -0.0 = 0.225722125387402
Velocities: 0.186174310212309 0.225722125387402
Rel pose: (0.0126229, 6.8543e-05, 0.0146608)

Estimated landmark positions:
682: [0.87289342 0.25292371]
683: [ 0.97552343 -0.22755326]
Odometry measurement
[0.3464818674810918, 0.16817059320595965, 0.7534586380859523]
Covariance:
[[0.00362607 0.0019254  0.0057849 ]
 [0.0019254  0.01086597 0.02958284]
 [0.0057849  0.02958284 0.17654331]]
Estimated pose: 
(0.339409, 0.177383, 0.790209)

Current pose: (0.3394089678955009, 0.17738348074644916, 0.7902094623597452)
Goal pose: (0.5, 0.5, 0)
Dist: 0.360376050935221
Moving to goal, dist: 0.360376050935221, theta_diff: 0.31871936300584613
dt=0.10185527801513672
raw_control = 0.1801880254676105 + 0.0 + -0.0 = 0.1801880254676105
dt=0.10185360908508301
raw_control = 0.22310355410409227 + 0.0 + -0.0 = 0.22310355410409227
Velocities: 0.1801880254676105 0.22310355410409227
Rel pose: (0.0118552, 7.62983e-05, 0.0155334)

Estimated landmark positions:
682: [0.87289342 0.25292371]
683: [ 0.97552343 -0.22755326]
Odometry measurement
[0.3550760063433702, 0.1763371776053704, 0.7689920684287018]
Covariance:
[[0.00378897 0.00211434 0.00626274]
 [0.00211434 0.01162843 0.03158233]
 [0.00626274 0.03158233 0.1861816 ]]
Estimated pose: 
(0.347697, 0.18586, 0.805743)

Current pose: (0.34769724253723416, 0.1858603213726268, 0.8057428927024948)
Goal pose: (0.5, 0.5, 0)
Dist: 0.34911297257316487
Moving to goal, dist: 0.34911297257316487, theta_diff: 0.313619389101496
dt=0.09843564033508301
raw_control = 0.17455648628658244 + 0.0 + -0.0 = 0.17455648628658244
dt=0.09842610359191895
raw_control = 0.21953357237104718 + 0.0 + -0.0 = 0.21953357237104718
Velocities: 0.17455648628658244 0.21953357237104718
Rel pose: (0.0198703, 0.000271669, 0.0314159)

Estimated landmark positions:
682: [0.87289342 0.25292371]
683: [ 0.97552343 -0.22755326]
Odometry measurement
[0.36916613587947544, 0.19035044809864182, 0.8004079949645996]
Covariance:
[[0.0040346  0.00251274 0.00731733]
 [0.00251274 0.01290802 0.03506928]
 [0.00731733 0.03506928 0.19581988]]
Estimated pose: 
(0.361263, 0.200382, 0.837159)

Current pose: (0.3612629745963037, 0.20038183692603298, 0.8371588192383925)
Goal pose: (0.5, 0.5, 0)
Dist: 0.3301802626773505
Moving to goal, dist: 0.3301802626773505, theta_diff: 0.29998755311403613
dt=0.10163998603820801
raw_control = 0.16509013133867526 + 0.0 + -0.0 = 0.16509013133867526
dt=0.10164833068847656
raw_control = 0.2099912871798253 + 0.0 + -0.0 = 0.2099912871798253
Velocities: 0.16509013133867526 0.2099912871798253
Rel pose: (0.0110877, 6.38461e-05, 0.0171042)

Estimated landmark positions:
682: [0.87289342 0.25292371]
683: [ 0.97552343 -0.22755326]
Odometry measurement
[0.376841922509074, 0.19835186686895617, 0.8175122216341442]
Covariance:
[[0.00422513 0.00275545 0.0079407 ]
 [0.00275545 0.0137183  0.03711008]
 [0.0079407  0.03711008 0.20545817]]
Estimated pose: 
(0.36864, 0.20866, 0.854263)

Current pose: (0.36863958571614486, 0.2086598808440784, 0.8542630459079372)
Goal pose: (0.5, 0.5, 0)
Dist: 0.319585080175237
Moving to goal, dist: 0.319585080175237, theta_diff: 0.2929449877279626
dt=0.09912395477294922
raw_control = 0.1597925400876185 + 0.0 + -0.0 = 0.1597925400876185
dt=0.09914183616638184
raw_control = 0.20506149140957383 + 0.0 + -0.0 = 0.20506149140957383
Velocities: 0.1597925400876185 0.20506149140957383
Rel pose: (0.010661, 8.31603e-05, 0.0178024)

Estimated landmark positions:
682: [0.87289342 0.25292371]
683: [ 0.97552343 -0.22755326]
Odometry measurement
[0.3840738196907312, 0.20618540996555865, 0.8353145800044864]
Covariance:
[[0.00442806 0.00301852 0.00862196]
 [0.00301852 0.01452866 0.0391532 ]
 [0.00862196 0.0391532  0.21509646]]
Estimated pose: 
(0.375579, 0.216754, 0.872065)

Current pose: (0.37557877529865685, 0.21675385281287302, 0.8720654042782795)
Goal pose: (0.5, 0.5, 0)
Dist: 0.3093687460822986
Moving to goal, dist: 0.3093687460822986, theta_diff: 0.2848367261903827
dt=0.09943389892578125
raw_control = 0.1546843730411493 + 0.0 + -0.0 = 0.1546843730411493
dt=0.09941434860229492
raw_control = 0.19938570833326788 + 0.0 + -0.0 = 0.19938570833326788
Velocities: 0.1546843730411493 0.19938570833326788
Rel pose: (0.0178242, 0.00021284, 0.0254818)

Estimated landmark positions:
682: [0.87289342 0.25292371]
683: [ 0.97552343 -0.22755326]
Odometry measurement
[0.3958750539279193, 0.2195450030426389, 0.8607963870836036]
Covariance:
[[0.00469304 0.0034536  0.00966866]
 [0.0034536  0.01592411 0.04275466]
 [0.00966866 0.04275466 0.22473474]]
Estimated pose: 
(0.386881, 0.230538, 0.897547)

Current pose: (0.38688117537875344, 0.23053803248157936, 0.8975472113573966)
Goal pose: (0.5, 0.5, 0)
Dist: 0.29224240011091945
Moving to goal, dist: 0.29224240011091945, theta_diff: 0.2757952773355463
dt=0.10035467147827148
raw_control = 0.14612120005545973 + 0.0 + -0.0 = 0.14612120005545973
dt=0.10037779808044434
raw_control = 0.1930566941348824 + 0.0 + -0.0 = 0.1930566941348824
Velocities: 0.14612120005545973 0.1930566941348824
Rel pose: (0.00989371, 4.59311e-05, 0.0141372)

Estimated landmark positions:
682: [0.87289342 0.25292371]
683: [ 0.97552343 -0.22755326]
Odometry measurement
[0.40228927667854475, 0.2270779569259026, 0.8749335540247577]
Covariance:
[[0.00489485 0.00371681 0.01029322]
 [0.00371681 0.01678941 0.04483709]
 [0.01029322 0.04483709 0.23437303]]
Estimated pose: 
(0.393014, 0.238302, 0.911684)

Current pose: (0.39301428706788955, 0.2383015747601858, 0.9116843782985506)
Goal pose: (0.5, 0.5, 0)
Dist: 0.28272249387799087
Moving to goal, dist: 0.28272249387799087, theta_diff: 0.27103133839596527
dt=0.10017800331115723
raw_control = 0.14136124693899543 + 0.0 + -0.0 = 0.14136124693899543
dt=0.10015749931335449
raw_control = 0.18972193687717567 + 0.0 + -0.0 = 0.18972193687717567
Velocities: 0.14136124693899543 0.18972193687717567
Rel pose: (0.0141571, 0.000171229, 0.0242601)

Estimated landmark positions:
682: [0.87289342 0.25292371]
683: [ 0.97552343 -0.22755326]
Odometry measurement
[0.4112332379798568, 0.23805331110976957, 0.8991936306274789]
Covariance:
[[0.00518605 0.00417021 0.0114182 ]
 [0.00417021 0.0180112  0.04789224]
 [0.0114182  0.04789224 0.24401131]]
Estimated pose: 
(0.401549, 0.249598, 0.935944)

Current pose: (0.4015489465660284, 0.24959814195884358, 0.935944454901272)
Goal pose: (0.5, 0.5, 0)
Dist: 0.2690607746081212
Moving to goal, dist: 0.2690607746081212, theta_diff: 0.2602453377559696
dt=0.0998077392578125
raw_control = 0.1345303873040606 + 0.0 + -0.0 = 0.1345303873040606
dt=0.09980273246765137
raw_control = 0.1821717364291787 + 0.0 + -0.0 = 0.1821717364291787
Velocities: 0.1345303873040606 0.1821717364291787
Rel pose: (0.011386, 8.87572e-05, 0.0190241)

Estimated landmark positions:
682: [0.87289342 0.25292371]
683: [ 0.97552343 -0.22755326]
Odometry measurement
[0.4182485822159197, 0.2470217705835206, 0.918217719474217]
Covariance:
[[0.00545248 0.00455793 0.01235839]
 [0.00455793 0.01906498 0.05044458]
 [0.01235839 0.05044458 0.2536496 ]]
Estimated pose: 
(0.40823, 0.258818, 0.954969)

Current pose: (0.4082300297030955, 0.25881830726104077, 0.9549685437480101)
Goal pose: (0.5, 0.5, 0)
Dist: 0.25805103441126614
Moving to goal, dist: 0.25805103441126614, theta_diff: 0.25224271777431195
dt=0.0997776985168457
raw_control = 0.12902551720563307 + 0.0 + -0.0 = 0.12902551720563307
dt=0.0997781753540039
raw_control = 0.17656990244201837 + 0.0 + -0.0 = 0.17656990244201837
Velocities: 0.12902551720563307 0.17656990244201837
Rel pose: (0.00869965, 4.15398e-05, 0.013439)

Estimated landmark positions:
682: [0.87289342 0.25292371]
683: [ 0.97552343 -0.22755326]
Odometry measurement
[0.42349832743828275, 0.25395904442217876, 0.9316567547145732]
Covariance:
[[0.00567939 0.00485655 0.01305429]
 [0.00485655 0.01993393 0.05248055]
 [0.01305429 0.05248055 0.26328788]]
Estimated pose: 
(0.413221, 0.265944, 0.968408)

Current pose: (0.41322133696563523, 0.2659437858431452, 0.9684075789883663)
Goal pose: (0.5, 0.5, 0)
Dist: 0.2496254148588867
Moving to goal, dist: 0.2496254148588867, theta_diff: 0.2473405806992871
dt=0.1020500659942627
raw_control = 0.12481270742944335 + 0.0 + -0.0 = 0.12481270742944335
dt=0.10205650329589844
raw_control = 0.17313840648950096 + 0.0 + -0.0 = 0.17313840648950096
Velocities: 0.12481270742944335 0.17453292519943295
Rel pose: (0.012708, 9.40793e-05, 0.0172788)

Estimated landmark positions:
682: [0.87289342 0.25292371]
683: [ 0.97552343 -0.22755326]
Odometry measurement
[0.4310032174173809, 0.2642147389671879, 0.9489355143093172]
Covariance:
[[0.00595495 0.00528427 0.01399214]
 [0.00528427 0.02123229 0.05559297]
 [0.01399214 0.05559297 0.27292617]]
Estimated pose: 
(0.420344, 0.276468, 0.985686)

Current pose: (0.4203443389854117, 0.27646830418970086, 0.9856863385831103)
Goal pose: (0.5, 0.5, 0)
Dist: 0.23730032314242455
Moving to goal, dist: 0.23730032314242455, theta_diff: 0.2427888311755082
dt=0.09941959381103516
raw_control = 0.11865016157121228 + 0.0 + -0.0 = 0.11865016157121228
dt=0.09941220283508301
raw_control = 0.16995218182285574 + 0.0 + -0.0 = 0.16995218182285574
Velocities: 0.11865016157121228 0.17453292519943295
Rel pose: (0.00823052, 4.29241e-05, 0.01309)

Estimated landmark positions:
682: [0.87289342 0.25292371]
683: [ 0.97552343 -0.22755326]
Odometry measurement
[0.43576300682567953, 0.270929476590896, 0.9620254836992747]
Covariance:
[[0.00619781 0.00560729 0.01473632]
 [0.00560729 0.02212184 0.05765134]
 [0.01473632 0.05765134 0.28256445]]
Estimated pose: 
(0.424854, 0.283353, 0.998776)

Current pose: (0.4248541978179296, 0.2833533945941997, 0.9987763079730677)
Goal pose: (0.5, 0.5, 0)
Dist: 0.22930905612174018
Moving to goal, dist: 0.22930905612174018, theta_diff: 0.23814624718744126
dt=0.09896230697631836
raw_control = 0.11465452806087009 + 0.0 + -0.0 = 0.11465452806087009
dt=0.0989689826965332
raw_control = 0.16670237303120888 + 0.0 + -0.0 = 0.16670237303120888
Velocities: 0.11465452806087009 0.17453292519943295
Rel pose: (0.0118978, 8.10394e-05, 0.0178024)

Estimated landmark positions:
682: [0.87289342 0.25292371]
683: [ 0.97552343 -0.22755326]
Odometry measurement
[0.4425004218668617, 0.28073623454832186, 0.979827842069617]
Covariance:
[[0.00650658 0.00608261 0.01579722]
 [0.00608261 0.02342253 0.06074166]
 [0.01579722 0.06074166 0.29220274]]
Estimated pose: 
(0.431227, 0.293401, 1.01658)

Current pose: (0.43122673820208857, 0.29340108050323116, 1.01657866634341)
Goal pose: (0.5, 0.5, 0)
Dist: 0.21774497715344995
Moving to goal, dist: 0.21774497715344995, theta_diff: 0.23287248833917218
dt=0.09962964057922363
raw_control = 0.10887248857672498 + 0.0 + -0.0 = 0.10887248857672498
dt=0.09962153434753418
raw_control = 0.1630107418374205 + 0.0 + -0.0 = 0.1630107418374205
Velocities: 0.10887248857672498 0.17453292519943295
Rel pose: (0.00950985, 5.37388e-05, 0.0127409)

Estimated landmark positions:
682: [0.87289342 0.25292371]
683: [ 0.97552343 -0.22755326]
Odometry measurement
[0.44775435880200376, 0.28866317121262847, 0.9925687456091753]
Covariance:
[[0.00676655 0.00645798 0.01658952]
 [0.00645798 0.02454259 0.06331424]
 [0.01658952 0.06331424 0.30184103]]
Estimated pose: 
(0.436186, 0.301516, 1.02932)

Current pose: (0.4361858716091005, 0.3015157076697039, 1.0293195698829682)
Goal pose: (0.5, 0.5, 0)
Dist: 0.20849042492198205
Moving to goal, dist: 0.20849042492198205, theta_diff: 0.23040721538010178
dt=0.10006833076477051
raw_control = 0.10424521246099103 + 0.0 + -0.0 = 0.10424521246099103
dt=0.10009884834289551
raw_control = 0.16128505076607125 + 0.0 + -0.0 = 0.16128505076607125
Velocities: 0.10424521246099103 0.17453292519943295
Rel pose: (0.00763354, 3.1983e-05, 0.010472)

Estimated landmark positions:
682: [0.87289342 0.25292371]
683: [ 0.97552343 -0.22755326]
Odometry measurement
[0.4518996168079829, 0.2950732310662492, 1.0030407211211414]
Covariance:
[[0.0070054  0.00677753 0.0172661 ]
 [0.00677753 0.02548689 0.06544114]
 [0.0172661  0.06544114 0.31147931]]
Estimated pose: 
(0.440093, 0.308074, 1.03979)

Current pose: (0.4400928086315727, 0.30807374658131687, 1.0397915453949342)
Goal pose: (0.5, 0.5, 0)
Dist: 0.20105859426790476
Moving to goal, dist: 0.20105859426790476, theta_diff: 0.22845109618604198
dt=0.10213851928710938
raw_control = 0.10052929713395238 + 0.0 + -0.0 = 0.10052929713395238
dt=0.10211515426635742
raw_control = 0.15991576733022939 + 0.0 + -0.0 = 0.15991576733022939
Velocities: 0.10052929713395238 0.17453292519943295
Rel pose: (0.0107037, 7.76005e-05, 0.0172788)

Estimated landmark positions:
682: [0.87289342 0.25292371]
683: [ 0.97552343 -0.22755326]
Odometry measurement
[0.457590034076843, 0.3041393930237617, 1.0203194807158853]
Covariance:
[[0.00734903 0.00729699 0.01842764]
 [0.00729699 0.02677719 0.06846696]
