Robot Name: locobot
Robot Model: locobot_px100
Initialized InterbotixRobotXSCore!

Turret Group Name: camera
Pan Name: pan, Profile Type: time, Profile Velocity: 2.0, Profile Acceleration: 0.3
Tilt Name: tilt, Profile Type: time, Profile Velocity: 2.0, Profile Acceleration: 0.3
Initialized InterbotixTurretXSInterface!

Initialized InterbotixKobukiInterface!

Arm Group Name: arm
Moving Time: 2.00 seconds
Acceleration Time: 0.30 seconds
Drive Mode: Time-Based-Profile
Initialized InterbotixArmXSInterface!

Gripper Name: gripper
Gripper Pressure: 50%
Initialized InterbotixGripperXSInterface!

Reset odom:[0.0, 0.0, 0.0]
Estimated landmark positions:
Searching for block.
Starting travel to block.
Block estimated at 1.0646846531654737, 0.009432018429795403
Starting move to goal: (0.7146983866195598, 0.006331497626361514, None)
Rel pose: (0, 0, 0)

Landmark 681 range: 0.7279069650082701 bearing: 0.3906713053688631
Raw z: 0.776751691571987,x: -0.27719368781960624 y: 0.021263960610850362
Initial estimate for 681: (0.6730618167304677, 0.27719368781960624)
Landmark 682 range: 1.098716056963912 bearing: 0.22334793078653187
Raw z: 1.270301978553167,x: -0.243360806398336 y: -0.3222627610647376
Initial estimate for 682: (1.071425448521491, 0.243360806398336)
Estimated landmark positions:
681: [0.67306182 0.27719369]
682: [1.07142545 0.24336081]
Odometry measurement
[0.0, 0.0, 0.0]
Covariance:
[[ 2.00000000e-04  8.88178420e-24 -4.32466753e-22]
 [ 8.88178420e-24  2.00000000e-04 -1.72986701e-21]
 [-4.32466753e-22 -1.72986701e-21  9.73828555e-03]]
Estimated pose: 
(7.88861e-35, 2.46519e-36, -7.20202e-34)

Current pose: (7.888609052210118e-35, 2.465190328815662e-36, -7.202018205607237e-34)
Goal pose: (0.7146983866195598, 0.006331497626361514, None)
Dist: 0.7147264313699294
Moving to goal, dist: 0.7147264313699294, theta_diff: 0.008858746735058542
error=0.7147264313699294, dt=0
raw_control = 0.2144179294109788 + 0.0 + 0 = 0.2144179294109788
error=0.008858746735058542, dt=0
raw_control = 0.006201122714540979 + 0.0 + 0 = 0.006201122714540979
Velocities: 0.2 0.006201122714540979
Rel pose: (0, 0, 0.000349066)

Landmark 681 range: 0.727739422950145 bearing: 0.3909209280526392
Raw z: 0.7765445967888329,x: -0.27729785044812605 y: 0.021532401885953036
Landmark 682 range: 1.09819643304809 bearing: 0.22342645800001987
Raw z: 1.2695435036453708,x: -0.24332980748495336 y: -0.3216595977807932
Estimated landmark positions:
681: [0.67290412 0.27735677]
682: [1.07112248 0.24352204]
Odometry measurement
[0.0, 0.0, 0.0003490658503984001]
Covariance:
[[ 2.99957807e-04  4.92696972e-09  1.34613547e-06]
 [ 4.92696972e-09  2.99949830e-04 -4.00179119e-06]
 [ 1.34613547e-06 -4.00179119e-06  1.90189574e-02]]
Estimated pose: 
(2.0935e-07, -1.83901e-07, 0.000330027)

Current pose: (2.0935022726792725e-07, -1.839008165305594e-07, 0.000330027232990685)
Goal pose: (0.7146983866195598, 0.006331497626361514, None)
Dist: 0.7147262236570502
Moving to goal, dist: 0.7147262236570502, theta_diff: 0.008528979389211756
error=0.7147262236570502, dt=0.09979677200317383
raw_control = 0.21441786709711505 + 0.0003566368499349603 + -6.244076087651366e-07 = 0.21477387953944124
error=0.008528979389211756, dt=0.09979605674743652
raw_control = 0.005970285572448228 + 1.7023170222469857e-05 + -0.0006608825169943555 = 0.005326426225676343
Velocities: 0.2 0.005326426225676343
Rel pose: (0.000554399, -9.67608e-08, 0)

Landmark 682 range: 1.0956036413818004 bearing: 0.22333721761129785
Raw z: 1.266413712991978,x: -0.24265997407797177 y: -0.3210957861350089
Landmark 681 range: 0.7280059802371519 bearing: 0.390790671498024
Raw z: 0.7768643995169974,x: -0.2773117434693269 y: 0.02144310970696255
Estimated landmark positions:
681: [0.67313028 0.27741713]
682: [1.07037054 0.24335458]
Odometry measurement
[0.0005543985657238895, 9.676080438465538e-08, 0.0003490658503984001]
Covariance:
[[ 3.99832010e-04  1.90077916e-08  5.18598822e-06]
 [ 1.90077916e-08  3.99802976e-04 -5.06863179e-06]
 [ 5.18598822e-06 -5.06863179e-06  2.76362425e-02]]
Estimated pose: 
(0.000555226, 6.34501e-08, 0.000334608)

Current pose: (0.0005552261602079552, 6.345007972568949e-08, 0.00033460758913442045)
Goal pose: (0.7146983866195598, 0.006331497626361514, None)
Dist: 0.714171226450352
Moving to goal, dist: 0.714171226450352, theta_diff: 0.008530937369978994
error=0.714171226450352, dt=0.10489749908447266
raw_control = 0.2142513679351056 + 0.000731210727798623 + -0.0015872557826699786 = 0.21339532288023424
error=0.008530937369978994, dt=0.10496902465820312
raw_control = 0.005971656158985296 + 3.4932853725408086e-05 + 3.7305877112112266e-06 = 0.0060103196004219145
Velocities: 0.2 0.0060103196004219145
Rel pose: (0.00797481, -2.15107e-06, -0.000349066)

Landmark 681 range: 0.7253974502426523 bearing: 0.3912616013276147
Raw z: 0.7738517766599332,x: -0.27663392922284846 y: 0.02428096021302439
Landmark 682 range: 1.0998277071843254 bearing: 0.22291015951460885
Raw z: 1.2703426175822414,x: -0.2431374948953369 y: -0.3171970348090617
Estimated landmark positions:
681: [0.67458985 0.27730463]
682: [1.07302823 0.24344302]
Odometry measurement
[0.008529208626799161, 7.29427587545581e-07, 0.0]
Covariance:
[[4.99582200e-04 1.08610052e-07 1.23813158e-05]
 [1.08610052e-07 5.01006017e-04 1.86186289e-04]
 [1.23813158e-05 1.86186289e-04 3.53662073e-02]]
Estimated pose: 
(0.00851959, 3.28076e-06, 0.000320941)

Current pose: (0.008519585297528132, 3.2807556835039917e-06, 0.0003209409925988917)
Goal pose: (0.7146983866195598, 0.006331497626361514, None)
Dist: 0.7062071549944702
Moving to goal, dist: 0.7062071549944702, theta_diff: 0.008640029621039382
error=0.7062071549944702, dt=0.09599900245666504
raw_control = 0.21186214649834104 + 0.0010701866398347658 + -0.02488798191255242 = 0.18804435122562338
error=0.008640029621039382, dt=0.09595012664794922
raw_control = 0.006048020734727567 + 5.151309245302331e-05 + 0.00022739365724999658 = 0.006326927484430587
Velocities: 0.18804435122562338 0.006326927484430587
Rel pose: (0.00827333, 4.01929e-07, 0.000698132)

Landmark 682 range: 1.0944990823696708 bearing: 0.22360769837038078
Raw z: 1.263248369620689,x: -0.24270401014270448 y: -0.3136439427200241
Landmark 681 range: 0.7192124639212525 bearing: 0.39313475599331077
Raw z: 0.76660954027812,x: -0.2755201587771319 y: 0.028644272151535498
Estimated landmark positions:
681: [0.67580299 0.27718155]
682: [1.07513629 0.24368956]
Odometry measurement
[0.016802541160075377, 1.1313570826818419e-06, 0.0006981317007976886]
Covariance:
[[5.99170074e-04 3.15872710e-07 2.37756328e-05]
 [3.15872710e-07 6.05475198e-04 4.25368182e-04]
 [2.37756328e-05 4.25368182e-04 4.20974523e-02]]
Estimated pose: 
(0.0167787, 1.10697e-05, 0.00144771)

Current pose: (0.01677870949571619, 1.1069719254237156e-05, 0.001447711523589369)
Goal pose: (0.7146983866195598, 0.006331497626361514, None)
Dist: 0.6979482957394331
Moving to goal, dist: 0.6979482957394331, theta_diff: 0.007608137361701767
error=0.6979482957394331, dt=0.1002359390258789
raw_control = 0.2093844887218299 + 0.0014199841539095353 + -0.024718257748565127 = 0.18608621512717433
error=0.007608137361701767, dt=0.10022234916687012
raw_control = 0.005325696153191236 + 6.6763200436503e-05 + -0.00205920589153127 = 0.0033332534620964696
Velocities: 0.18608621512717433 0.0033332534620964696
Rel pose: (0.01096, 5.2102e-07, -0.000523599)

Landmark 681 range: 0.7047807809000894 bearing: 0.3988398227707238
Raw z: 0.7496811688029418,x: -0.2737012543404649 y: 0.03765973585961793
Estimated landmark positions:
681: [0.67597131 0.27677515]
682: [1.07511473 0.24378317]
Odometry measurement
[0.02776257109567021, 9.30392250793453e-06, 0.00017453292519942212]
Covariance:
[[6.98844325e-04 7.60226698e-07 3.54317499e-05]
 [7.60226698e-07 7.18511365e-04 8.34665864e-04]
 [3.54317499e-05 8.34665864e-04 4.96476122e-02]]
Estimated pose: 
(0.0277367, 3.62136e-05, 0.00127473)

Current pose: (0.027736717821304904, 3.6213619095588183e-05, 0.0012747340608472353)
Goal pose: (0.7146983866195598, 0.006331497626361514, None)
Dist: 0.6869905130340704
Moving to goal, dist: 0.6869905130340704, theta_diff: 0.00788896179036708
error=0.6869905130340704, dt=0.10029339790344238
raw_control = 0.20609715391022113 + 0.0017644872183076156 + -0.03277718055553044 = 0.17508446057299829
error=0.00788896179036708, dt=0.10046219825744629
raw_control = 0.0055222732532569565 + 8.261404930508853e-05 + 0.0005590648692469742 = 0.00616395217180902
Velocities: 0.17508446057299829 0.00616395217180902
Rel pose: (0.018679, 1.45513e-05, 0.0015708)

Landmark 682 range: 1.0796477533619915 bearing: 0.22442167360585405
Raw z: 1.242212413090721,x: -0.24026759187321645 y: -0.29811920929589175
Landmark 681 range: 0.689485723689924 bearing: 0.4030273205372026
Raw z: 0.7319210646114059,x: -0.2704196796345352 y: 0.04551508404283502
Estimated landmark positions:
681: [0.67643082 0.27638165]
682: [1.07888278 0.24408395]
Odometry measurement
[0.04644152723166305, 2.7115348296764643e-05, 0.0017453292519942214]
Covariance:
[[7.97885353e-04 1.96344731e-06 5.93142020e-05]
 [1.96344731e-06 8.60677656e-04 1.56996928e-03]
 [5.93142020e-05 1.56996928e-03 5.33405708e-02]]
Estimated pose: 
(0.0463791, 0.000106648, 0.00406411)

Current pose: (0.046379127114559486, 0.0001066476438997996, 0.004064113511757636)
Goal pose: (0.7146983866195598, 0.006331497626361514, None)
Dist: 0.6683482485819919
Moving to goal, dist: 0.6683482485819919, theta_diff: 0.005249803292163496
error=0.6683482485819919, dt=0.09919023513793945
raw_control = 0.20050447457459758 + 0.0020959553179620044 + -0.05638336604249461 = 0.14621706385006497
error=0.005249803292163496, dt=0.09901261329650879
raw_control = 0.0036748623045144467 + 9.300998417008298e-05 + -0.005330954128642603 = -0.0015630818399580736
Velocities: 0.14621706385006497 -0.0015630818399580736
Rel pose: (0.00963801, -2.81351e-06, -0.000349066)

Landmark 681 range: 0.6881477555685954 bearing: 0.4082946991579925
Raw z: 0.7304925763076588,x: -0.2732254757608024 y: 0.052828575604278005
Estimated landmark positions:
681: [0.67766158 0.27640674]
682: [1.07884322 0.24424082]
Odometry measurement
[0.05607952278569525, 4.112333029316913e-05, 0.0013962634015953768]
Covariance:
[[8.97292725e-04 3.00867564e-06 7.89139828e-05]
 [3.00867564e-06 9.91885116e-04 1.97246693e-03]
 [7.89139828e-05 1.97246693e-03 5.97942118e-02]]
Estimated pose: 
(0.0560011, 0.00016155, 0.00439633)

Current pose: (0.05600112662578632, 0.00016155001041450077, 0.004396332227212252)
Goal pose: (0.7146983866195598, 0.006331497626361514, None)
Dist: 0.6587261559835683
Moving to goal, dist: 0.6587261559835683, theta_diff: 0.0049702881497390074
error=0.6587261559835683, dt=0.10022377967834473
raw_control = 0.1976178467950705 + 0.002426055443590305 + -0.028801825163562413 = 0.1712420770750984
error=0.0049702881497390074, dt=0.10022354125976562
raw_control = 0.003479201704817305 + 0.00010297278175904882 + -0.000557783408790203 = 0.0030243910777861508
Velocities: 0.1712420770750984 0.0030243910777861508
Rel pose: (0.013732, 5.46326e-06, 0.000872665)

Landmark 682 range: 1.0618687334621968 bearing: 0.22659413544654314
Raw z: 1.218328970956546,x: -0.23855946345495646 y: -0.28495949024927875
Landmark 681 range: 0.6816757278386196 bearing: 0.412854744531401
Raw z: 0.7229552505088848,x: -0.2735059204881875 y: 0.05721659786976122
Estimated landmark positions:
681: [0.67920916 0.27673373]
682: [1.08221057 0.24462549]
Odometry measurement
[0.06981152588780076, 6.576010472445298e-05, 0.0022689280275924877]
Covariance:
[[9.95627686e-04 4.96521003e-06 1.12039759e-04]
 [4.96521003e-06 1.14498092e-03 2.47552410e-03]
 [1.12039759e-04 2.47552410e-03 6.10543998e-02]]
Estimated pose: 
(0.069664, 0.00026199, 0.00669256)

Current pose: (0.06966403857567077, 0.000261990036939014, 0.006692555404770827)
Goal pose: (0.7146983866195598, 0.006331497626361514, None)
Dist: 0.6450629031953263
Moving to goal, dist: 0.6450629031953263, theta_diff: 0.002716755099754836
error=0.6450629031953263, dt=0.10107564926147461
raw_control = 0.1935188709585979 + 0.002752056202365102 + -0.040553544463205714 = 0.15571738269775728
error=0.002716755099754836, dt=0.10108733177185059
raw_control = 0.0019017285698283849 + 0.0001084653722412845 + -0.00445858647267551 = -0.002448392530605841
Velocities: 0.15571738269775728 -0.002448392530605841
Rel pose: (0.0116424, -4.76361e-07, -0.000349066)

Landmark 682 range: 1.0557911532627522 bearing: 0.22782317760815568
Raw z: 1.2089378220002622,x: -0.23845833588763002 y: -0.27521521290648593
Landmark 681 range: 0.6770604182480731 bearing: 0.41810287095088816
Raw z: 0.717920036449307,x: -0.27490513052759835 y: 0.0654632312888039
Estimated landmark positions:
681: [0.68100011 0.27720718]
682: [1.08534133 0.24513478]
Odometry measurement
[0.08145386687403773, 9.169942172840077e-05, 0.001919862177193643]
Covariance:
[[1.09368472e-03 7.00471727e-06 1.43578864e-04]
 [7.00471727e-06 1.29767820e-03 2.86526118e-03]
 [1.43578864e-04 2.86526118e-03 6.26648901e-02]]
Estimated pose: 
(0.0812208, 0.000370005, 0.00776024)

Current pose: (0.08122076113274108, 0.00037000491852581916, 0.007760235340217014)
Goal pose: (0.7146983866195598, 0.006331497626361514, None)
Dist: 0.6335056758922715
Moving to goal, dist: 0.6335056758922715, theta_diff: 0.0016502260400768293
error=0.6335056758922715, dt=0.10010886192321777
raw_control = 0.19005170276768144 + 0.0030691538635424726 + -0.0346339786938716 = 0.1584868779373523
error=0.0016502260400768293, dt=0.10011029243469238
raw_control = 0.0011551582280537804 + 0.00011176946447039321 + -0.0021307081095058513 = -0.0008637804169816777
Velocities: 0.1584868779373523 -0.0008637804169816777
Rel pose: (0.00933948, 3.98952e-06, 0.0010472)

Landmark 681 range: 0.667547735826465 bearing: 0.42170128893104075
Raw z: 0.7072256134173757,x: -0.27323616019004165 y: 0.0719625543429803
Landmark 682 range: 1.0496497469577422 bearing: 0.2273896539268805
Raw z: 1.2007608195282131,x: -0.23662794129079237 y: -0.2704877439336376
Estimated landmark positions:
681: [0.68236415 0.27757544]
682: [1.08807289 0.24564372]
Odometry measurement
[0.09079332442286642, 0.00011361944455549971, 0.0029670597283901756]
Covariance:
[[1.19145109e-03 9.39712296e-06 1.81099089e-04]
 [9.39712296e-06 1.44350938e-03 3.13168499e-03]
 [1.81099089e-04 3.13168499e-03 6.42790703e-02]]
Estimated pose: 
(0.090474, 0.00047302, 0.0101391)

Current pose: (0.09047398250872739, 0.00047301987888216104, 0.01013912658088261)
Goal pose: (0.7146983866195598, 0.006331497626361514, None)
Dist: 0.6242518950303967
Moving to goal, dist: 0.6242518950303967, theta_diff: -0.0007541911172666005
error=0.6242518950303967, dt=0.0990450382232666
raw_control = 0.187275568509119 + 0.0033782991275636337 + -0.028029008907084204 = 0.16262485872959842
error=-0.0007541911172666005, dt=0.09903287887573242
raw_control = -0.0005279337820866203 + 0.00011027567011908488 + -0.004855795741049838 = -0.005273453853017374
Velocities: 0.16262485872959842 -0.005273453853017374
Rel pose: (0.0140305, -3.60992e-06, -0.000698132)

Landmark 681 range: 0.6551097297374637 bearing: 0.42826225811537716
Raw z: 0.6930168186377532,x: -0.2720609297268352 y: 0.07833166506342105
Estimated landmark positions:
681: [0.68360847 0.27775692]
682: [1.08800189 0.24590004]
Odometry measurement
[0.10482382032832684, 0.00015163894815901875, 0.0022689280275924877]
Covariance:
[[1.29012194e-03 1.28503615e-05 2.13352662e-04]
 [1.28503615e-05 1.63483056e-03 3.83579647e-03]
 [2.13352662e-04 3.83579647e-03 6.95092046e-02]]
Estimated pose: 
(0.104467, 0.000645129, 0.0105118)

Current pose: (0.10446672613677709, 0.0006451285936798082, 0.010511765273394745)
Goal pose: (0.7146983866195598, 0.006331497626361514, None)
Dist: 0.6102581537745727
Moving to goal, dist: 0.6102581537745727, theta_diff: -0.0011936573761630598
error=0.6102581537745727, dt=0.10125064849853516
raw_control = 0.1830774461323718 + 0.0036872442966696052 + -0.04146267148904166 = 0.14530201893999978
error=-0.0011936573761630598, dt=0.10126447677612305
raw_control = -0.0008355601633141418 + 0.00010785816832614264 + -0.0008679573980677106 = -0.0015956593930557096
Velocities: 0.14530201893999978 -0.0015956593930557096
Rel pose: (0.00951007, 3.80344e-06, 0.0010472)

Estimated landmark positions:
681: [0.68360847 0.27775692]
682: [1.08800189 0.24590004]
Odometry measurement
[0.11433385318181656, 0.00017702001831448668, 0.0033161255787890202]
Covariance:
[[1.39015191e-03 1.53061867e-05 2.17797243e-04]
 [1.53061867e-05 1.81404283e-03 4.49660798e-03]
 [2.17797243e-04 4.49660798e-03 7.91474902e-02]]
Estimated pose: 
(0.113976, 0.000748898, 0.011559)

Current pose: (0.11397622670679111, 0.0007488975714948141, 0.011558962824591278)
Goal pose: (0.7146983866195598, 0.006331497626361514, None)
Dist: 0.6007480993175381
Moving to goal, dist: 0.6007480993175381, theta_diff: -0.002266082144589454
error=0.6007480993175381, dt=0.09959554672241211
raw_control = 0.18022442979526143 + 0.0039864034736395056 + -0.02864602315063503 = 0.15556481011826592
error=-0.002266082144589454, dt=0.09958362579345703
raw_control = -0.0015862575012126178 + 0.00010334487480006203 + -0.0021538174772842145 = -0.0036367301036967703
Velocities: 0.15556481011826592 -0.0036367301036967703
Rel pose: (0.0133056, 1.97987e-06, 0.000872665)

Landmark 682 range: 1.0248556682828678 bearing: 0.2299908329884236
Raw z: 1.166765058922027,x: -0.23363490976316814 y: -0.24786040415948613
Landmark 681 range: 0.642767629012098 bearing: 0.43700942472130205
Raw z: 0.6798960911823843,x: -0.27203972403080423 y: 0.09239219914727172
Estimated landmark positions:
681: [0.68518841 0.27823237]
682: [1.09123565 0.24656089]
Odometry measurement
[0.12763933879094858, 0.0002231227269867617, 0.004188790204786129]
Covariance:
[[1.48585559e-03 2.10894594e-05 2.89077978e-04]
 [2.10894594e-05 2.01131649e-03 4.82686519e-03]
 [2.89077978e-04 4.82686519e-03 7.39081619e-02]]
Estimated pose: 
(0.127117, 0.000979594, 0.0150606)

Current pose: (0.12711673369435134, 0.0009795935233956083, 0.015060611774062118)
Goal pose: (0.7146983866195598, 0.006331497626361514, None)
Dist: 0.5876060259492303
Moving to goal, dist: 0.5876060259492303, theta_diff: -0.005952505552910381
error=0.5876060259492303, dt=0.1001284122467041
raw_control = 0.17628180778476907 + 0.0042805837656639655 + -0.03937565693919346 = 0.14118673461123957
error=-0.005952505552910381, dt=0.10014700889587402
raw_control = -0.004166753887037266 + 9.142236226886091e-05 + -0.00736202398646537 = -0.011437355511233776
Velocities: 0.14118673461123957 -0.011437355511233776
Rel pose: (0.0106615, 1.83101e-06, 0.000698132)

Landmark 682 range: 1.025639761501955 bearing: 0.2298998391183576
Raw z: 1.1665445662381542,x: -0.23372278793541928 y: -0.2424292778713214
Estimated landmark positions:
681: [0.68509835 0.27833597]
682: [1.09491384 0.2470993 ]
Odometry measurement
[0.138300748341439, 0.0002696124242601164, 0.0048869219055838195]
Covariance:
[[1.58352901e-03 2.45962859e-05 2.99868670e-04]
 [2.45962859e-05 2.20613726e-03 5.28700848e-03]
 [2.99868670e-04 5.28700848e-03 7.67157645e-02]]
Estimated pose: 
(0.137655, 0.00114997, 0.0166146)

Current pose: (0.13765517877948066, 0.0011499736101418109, 0.016614568643983606)
Goal pose: (0.7146983866195598, 0.006331497626361514, None)
Dist: 0.5770664709593682
Moving to goal, dist: 0.5770664709593682, theta_diff: -0.007635371436705896
error=0.5770664709593682, dt=0.10087442398071289
raw_control = 0.17311994128781047 + 0.004571640004947011 + -0.03134458044155133 = 0.14634700085120614
error=-0.007635371436705896, dt=0.10085535049438477
raw_control = -0.005344760005694126 + 7.602100102078516e-05 + -0.0033371871210525618 = -0.008605926125725903
Velocities: 0.14634700085120614 -0.008605926125725903
Rel pose: (0.00857185, 1.09414e-06, 0.000523599)

Landmark 681 range: 0.6258529122621751 bearing: 0.4470832922661
Raw z: 0.6615172216992844,x: -0.270579587476234 y: 0.10448951421338892
Estimated landmark positions:
681: [0.68654962 0.27864503]
682: [1.09481421 0.2474216 ]
Odometry measurement
[0.14687249542017455, 0.0003125963707683003, 0.005410520681182084]
Covariance:
[[1.68063345e-03 3.04538615e-05 3.75051087e-04]
 [3.04538615e-05 2.38131441e-03 5.55514388e-03]
 [3.75051087e-04 5.55514388e-03 7.88039774e-02]]
Estimated pose: 
(0.146151, 0.00134085, 0.0186971)

Current pose: (0.14615118877355726, 0.0013408455593340802, 0.01869714606180315)
Goal pose: (0.7146983866195598, 0.006331497626361514, None)
Dist: 0.568569101153585
Moving to goal, dist: 0.568569101153585, theta_diff: -0.009919468654098651
error=0.568569101153585, dt=0.0988149642944336
raw_control = 0.1705707303460755 + 0.00485255568209406 + -0.025797822829133576 = 0.149625463199036
error=-0.009919468654098651, dt=0.0988163948059082
raw_control = -0.006943628057869055 + 5.64168784050203e-05 + -0.0046229114548837795 = -0.011510122634347815
Velocities: 0.149625463199036 -0.011510122634347815
Rel pose: (0.0108747, 7.96416e-07, 0.000872665)

Landmark 681 range: 0.6183106103383498 bearing: 0.45196435512499944
Raw z: 0.6536725300376017,x: -0.270036951780679 y: 0.11135718372968613
Estimated landmark positions:
681: [0.6879256  0.27899326]
682: [1.09473414 0.24766742]
Odometry measurement
[0.15774707279208994, 0.0003722304981329284, 0.006283185307179197]
Covariance:
[[1.77763090e-03 3.81350416e-05 4.50410657e-04]
 [3.81350416e-05 2.58897258e-03 6.01178905e-03]
 [4.50410657e-04 6.01178905e-03 8.09253672e-02]]
Estimated pose: 
(0.156945, 0.0015904, 0.021108)

Current pose: (0.1569449820568394, 0.0015904037816841406, 0.021108044388282874)
Goal pose: (0.7146983866195598, 0.006331497626361514, None)
Dist: 0.557773554654709
Moving to goal, dist: 0.557773554654709, theta_diff: -0.012607908628728737
error=0.557773554654709, dt=0.10023212432861328
raw_control = 0.1673320663964127 + 0.005132089823480877 + -0.03231163632773839 = 0.1401525198921552
error=-0.012607908628728737, dt=0.10023975372314453
raw_control = -0.008825536040110115 + 3.114060528686675e-05 + -0.005364019512768111 = -0.01415841494759136
Velocities: 0.1401525198921552 -0.01415841494759136
Rel pose: (0.0127512, 7.96416e-07, 0.000174533)

Landmark 682 range: 1.0029949321323521 bearing: 0.23202749357977084
Raw z: 1.1363358113932323,x: -0.23063984407640115 y: -0.22460947735898362
Landmark 681 range: 0.6123153723549825 bearing: 0.4589874362945827
Raw z: 0.6472940431975244,x: -0.27128055115728067 y: 0.1166164303649585
Estimated landmark positions:
681: [0.68931251 0.27953117]
682: [1.09838932 0.24849774]
Odometry measurement
[0.17049798309612874, 0.00045314431627431056, 0.006457718232379062]
Covariance:
[[1.87061527e-03 4.61177887e-05 5.13258385e-04]
 [4.61177887e-05 2.81014796e-03 6.25538005e-03]
 [5.13258385e-04 6.25538005e-03 7.59133363e-02]]
Estimated pose: 
(0.169429, 0.00188605, 0.023484)

Current pose: (0.16942861682485943, 0.0018860506868484306, 0.023483977976831986)
Goal pose: (0.7146983866195598, 0.006331497626361514, None)
Dist: 0.5452878907975652
Moving to goal, dist: 0.5452878907975652, theta_diff: -0.015331410757062791
error=0.5452878907975652, dt=0.09938621520996094
raw_control = 0.16358636723926956 + 0.005403060321811839 + -0.03768831672712417 = 0.13130111083395724
error=-0.015331410757062791, dt=0.09937071800231934
raw_control = -0.010731987529943953 + 6.70739388510513e-07 + -0.005481498338918086 = -0.016212815129473528
Velocities: 0.13130111083395724 -0.016212815129473528
Rel pose: (0.00763364, -6.71371e-06, -0.000872665)

Landmark 682 range: 0.9941016495087178 bearing: 0.2315462352727814
Raw z: 1.1245400495534243,x: -0.22812919793413972 y: -0.21731604588285458
Estimated landmark positions:
681: [0.68919989 0.27964189]
682: [1.10143974 0.24892243]
Odometry measurement
[0.1781315046646518, 0.0004957262838848827, 0.005585053606381953]
Covariance:
[[1.96668725e-03 4.87234163e-05 5.06699132e-04]
 [4.87234163e-05 2.99191543e-03 6.49218425e-03]
 [5.06699132e-04 6.49218425e-03 7.85460699e-02]]
Estimated pose: 
(0.176907, 0.0020631, 0.0236077)

Current pose: (0.1769072739484776, 0.0020630960653789496, 0.02360768116068828)
Goal pose: (0.7146983866195598, 0.006331497626361514, None)
Dist: 0.5378080513713851
Moving to goal, dist: 0.5378080513713851, theta_diff: -0.01567093428061117
error=0.5378080513713851, dt=0.10038566589355469
raw_control = 0.16134241541141553 + 0.005673001418610997 + -0.02235330918891792 = 0.1446621076411086
error=-0.01567093428061117, dt=0.1003868579864502
raw_control = -0.010969653996427818 + -3.079237769434364e-05 + -0.0006764302227572598 = -0.01167687659687942
Velocities: 0.1446621076411086 -0.01167687659687942
Rel pose: (0.0119407, 5.26077e-05, 0.00645772)

Landmark 682 range: 0.9999806813014264 bearing: 0.22503360932393798
Raw z: 1.1309912351150526,x: -0.22313481341916766 y: -0.21276942534444343
Estimated landmark positions:
681: [0.68908031 0.27973875]
682: [1.10524025 0.24954723]
Odometry measurement
[0.19007175217889175, 0.0006150224564664116, 0.01204277183876057]
Covariance:
[[2.06343327e-03 6.20926558e-05 5.54097640e-04]
 [6.20926558e-05 3.23661120e-03 7.05972581e-03]
 [5.54097640e-04 7.05972581e-03 8.10020718e-02]]
Estimated pose: 
(0.188631, 0.00239749, 0.0312838)

Current pose: (0.18863097893882538, 0.0023974857342735547, 0.03128377741334635)
Goal pose: (0.7146983866195598, 0.006331497626361514, None)
Dist: 0.5260821170439982
Moving to goal, dist: 0.5260821170439982, theta_diff: -0.023805765083519503
error=0.5260821170439982, dt=0.1000070571899414
raw_control = 0.15782463511319947 + 0.005936061040440119 + -0.035175320592973916 = 0.12858537556066568
error=-0.023805765083519503, dt=0.10000967979431152
raw_control = -0.01666403555846365 + -7.840851655957139e-05 + -0.016268086888467443 = -0.033010530963490665
Velocities: 0.12858537556066568 -0.033010530963490665
Rel pose: (0.0104056, -3.64714e-06, 0)

Landmark 682 range: 0.9880364182779389 bearing: 0.22798840382080382
Raw z: 1.115544875699204,x: -0.2233144499209465 y: -0.2060633578947794
Estimated landmark positions:
681: [0.68899738 0.27978737]
682: [1.10837964 0.25013704]
Odometry measurement
[0.20047667516796006, 0.0007366852256669765, 0.01204277183876057]
Covariance:
[[2.15929296e-03 6.79294098e-05 5.61185834e-04]
 [6.79294098e-05 3.47081138e-03 7.52333309e-03]
 [5.61185834e-04 7.52333309e-03 8.32456680e-02]]
Estimated pose: 
(0.198837, 0.00270975, 0.0322157)

Current pose: (0.19883702564460448, 0.0027097481590443997, 0.03221565326195922)
Goal pose: (0.7146983866195598, 0.006331497626361514, None)
Dist: 0.5158740745726007
Moving to goal, dist: 0.5158740745726007, theta_diff: -0.02519498795133135
error=0.5158740745726007, dt=0.10012316703796387
raw_control = 0.1547622223717802 + 0.0061943157711350574 + -0.0305864549835711 = 0.13037008315934415
error=-0.02519498795133135, dt=0.10012054443359375
raw_control = -0.017636491565931944 + -0.00012885923477327398 + -0.00277510050643655 = -0.020540451307141768
Velocities: 0.13037008315934415 -0.020540451307141768
Rel pose: (0.00835862, -3.93742e-06, -0.00122173)

Landmark 682 range: 0.9811028229723705 bearing: 0.23090015560787416
Raw z: 1.106409245813358,x: -0.22452918999201307 y: -0.201632287848003
Estimated landmark positions:
681: [0.68893213 0.27981369]
682: [1.11117336 0.25070187]
Odometry measurement
[0.2088347394882286, 0.0008334066480027078, 0.010821041362364612]
Covariance:
[[2.25476496e-03 7.10581251e-05 5.62123159e-04]
 [7.10581251e-05 3.68138135e-03 7.83913184e-03]
 [5.62123159e-04 7.83913184e-03 8.52735490e-02]]
Estimated pose: 
(0.207, 0.00295936, 0.031814)

Current pose: (0.2070004317965266, 0.0029593609202518863, 0.03181398691522533)
Goal pose: (0.7146983866195598, 0.006331497626361514, None)
Dist: 0.5077091535884056
Moving to goal, dist: 0.5077091535884056, theta_diff: -0.02517207101502006
error=0.5077091535884056, dt=0.10003829002380371
raw_control = 0.15231274607652168 + 0.006448267548907142 + -0.02448538749188616 = 0.13427562613354266
error=-0.02517207101502006, dt=0.10003829002380371
raw_control = -0.01762044971051404 + -0.00017922265358728118 + 4.5816329539093926e-05 = -0.017753856034562226
Velocities: 0.13427562613354266 -0.017753856034562226
Rel pose: (0.0118982, 4.68173e-06, 0.000872665)

Landmark 682 range: 0.9750999152517851 bearing: 0.23141117303371606
Raw z: 1.09840152932038,x: -0.22364044083900864 y: -0.1964725133677041
Estimated landmark positions:
681: [0.68887105 0.27983298]
682: [1.11393437 0.25127585]
Odometry measurement
[0.22073223717141718, 0.0009668369959682453, 0.011693705988361724]
Covariance:
[[2.35032244e-03 7.96421956e-05 5.83974263e-04]
 [7.96421956e-05 3.95597861e-03 8.44262925e-03]
 [5.83974263e-04 8.44262925e-03 8.70364332e-02]]
Estimated pose: 
(0.218685, 0.00332798, 0.0336016)

Current pose: (0.2186850040935927, 0.0033279841029079022, 0.03360158198425555)
Goal pose: (0.7146983866195598, 0.006331497626361514, None)
Dist: 0.4960224760414964
Moving to goal, dist: 0.4960224760414964, theta_diff: -0.027546348556329647
error=0.4960224760414964, dt=0.10013699531555176
raw_control = 0.1488067428124489 + 0.00669661855070602 + -0.03501206774803504 = 0.1204912936151199
error=-0.027546348556329647, dt=0.10013961791992188
raw_control = -0.019282443989430752 + -0.00023439226997767803 + -0.0047419344923169465 = -0.02425877075172538
Velocities: 0.1204912936151199 -0.02425877075172538
Rel pose: (0.00963801, -3.22288e-06, -0.000698132)

Landmark 682 range: 0.9703532204386681 bearing: 0.23297593613172468
Raw z: 1.0915892773047586,x: -0.22402940583802605 y: -0.19002994597308911
Estimated landmark positions:
681: [0.68881477 0.2798457 ]
682: [1.11661605 0.25184755]
Odometry measurement
[0.23036962104359232, 0.00107631576724978, 0.010995574287564038]
Covariance:
[[2.44539045e-03 8.49141672e-05 5.96268395e-04]
 [8.49141672e-05 4.20211536e-03 8.85983905e-03]
 [5.96268395e-04 8.85983905e-03 8.85834559e-02]]
Estimated pose: 
(0.228097, 0.00363365, 0.0338997)

Current pose: (0.22809681836354906, 0.003633652193608907, 0.033899659200067274)
Goal pose: (0.7146983866195598, 0.006331497626361514, None)
Dist: 0.48660904697630525
Moving to goal, dist: 0.48660904697630525, theta_diff: -0.028355456372948673
error=0.48660904697630525, dt=0.10000228881835938
raw_control = 0.14598271409289157 + 0.006939928642992776 + -0.028239640841489274 = 0.12468300189439507
error=-0.028355456372948673, dt=0.10000061988830566
raw_control = -0.01984881946106407 + -0.0002911035342678915 + -0.0016182056021707622 = -0.021758128597502722
Velocities: 0.12468300189439507 -0.021758128597502722
Rel pose: (0.00754835, 5.19531e-06, 0.000872665)

Landmark 682 range: 0.9670152883203902 bearing: 0.2338133899837335
Raw z: 1.0865569572193958,x: -0.22404663745362016 y: -0.1838806013966095
Estimated landmark positions:
681: [0.68876755 0.27984437]
682: [1.11919201 0.25242925]
Odometry measurement
[0.23791745494220543, 0.0011645075046065473, 0.011868238913561592]
Covariance:
[[2.54043366e-03 9.18075276e-05 6.24127623e-04]
 [9.18075276e-05 4.41652730e-03 9.10967431e-03]
 [6.24127623e-04 9.10967431e-03 8.99527352e-02]]
Estimated pose: 
(0.235409, 0.00386678, 0.0356181)

Current pose: (0.23540911018456828, 0.0038667779470868595, 0.03561806816286828)
Goal pose: (0.7146983866195598, 0.006331497626361514, None)
Dist: 0.4792956137381971
Moving to goal, dist: 0.4792956137381971, theta_diff: -0.030475666539270918
error=0.4792956137381971, dt=0.10008406639099121
raw_control = 0.14378868412145912 + 0.007179777913124199 + -0.021921870788714545 = 0.12904659124586876
error=-0.030475666539270918, dt=0.10008358955383301
raw_control = -0.02133296657748964 + -0.000352105816293809 + -0.004236878744605429 = -0.02592195113838888
Velocities: 0.12904659124586876 -0.02592195113838888
Rel pose: (0.00938213, -5.88008e-06, -0.000698132)

Landmark 682 range: 0.9667036346556362 bearing: 0.23429766719399994
Raw z: 1.0856317922632002,x: -0.22442981858572827 y: -0.1807415187508954
Estimated landmark positions:
681: [0.68871793 0.27984248]
682: [1.12191181 0.25304455]
Odometry measurement
[0.2472989912188447, 0.0012699745534221973, 0.01117010721276346]
Covariance:
[[2.63494283e-03 9.77103270e-05 6.42410793e-04]
 [9.77103270e-05 4.66975185e-03 9.52196823e-03]
 [6.42410793e-04 9.52196823e-03 9.11290752e-02]]
Estimated pose: 
(0.244519, 0.00416968, 0.0360324)

Current pose: (0.24451897280407028, 0.004169679242808748, 0.03603242836210614)
Goal pose: (0.7146983866195598, 0.006331497626361514, None)
Dist: 0.470184383656668
Moving to goal, dist: 0.470184383656668, theta_diff: -0.03143460232720674
error=0.470184383656668, dt=0.127638578414917
raw_control = 0.1410553150970004 + 0.007479846244738354 + -0.02141491278266459 = 0.12712024855907417
error=-0.03143460232720674, dt=0.12770557403564453
raw_control = -0.022004221629044717 + -0.0004323932949893719 + -0.0015017915939490136 = -0.023938406517983103
Velocities: 0.12712024855907417 -0.023938406517983103
Rel pose: (0.0119835, 2.09152e-06, 0.000349066)

Landmark 682 range: 0.9585421942663241 bearing: 0.23515478018534117
Raw z: 1.0752350979844794,x: -0.2233341090529545 y: -0.17625056286685636
Estimated landmark positions:
681: [0.68867191 0.27983789]
682: [1.12451222 0.25363958]
Odometry measurement
[0.2592817584284752, 0.0014059205674454467, 0.011519173063162306]
Covariance:
[[0.00272936 0.00010805 0.00067363]
 [0.00010805 0.00498203 0.01014964]
 [0.00067363 0.01014964 0.09210557]]
Estimated pose: 
(0.256218, 0.00458288, 0.0376051)

Current pose: (0.2562175105406801, 0.004582875371298925, 0.03760512746115353)
Goal pose: (0.7146983866195598, 0.006331497626361514, None)
Dist: 0.4584842106439958
Moving to goal, dist: 0.4584842106439958, theta_diff: -0.03379119787811735
error=0.4584842106439958, dt=0.07273149490356445
raw_control = 0.13754526319319874 + 0.007646577454887446 + -0.0482604119227258 = 0.09693142872536038
error=-0.03379119787811735, dt=0.07267522811889648
raw_control = -0.023653838514682144 + -0.0004815089552734309 + -0.006485278717131036 = -0.03062062618708661
Velocities: 0.09693142872536038 -0.03062062618708661
Rel pose: (0.00742041, -8.33632e-07, -0.000349066)

Landmark 682 range: 0.9491483218325171 bearing: 0.2373815041471557
Raw z: 1.0627866781898059,x: -0.22320017222075636 y: -0.16850494279750808
Estimated landmark positions:
681: [0.68863505 0.27982798]
682: [1.12676422 0.25416893]
Odometry measurement
[0.2667016872897469, 0.001490562105907648, 0.01117010721276346]
Covariance:
[[0.00282326 0.0001138  0.00069793]
 [0.0001138  0.00521019 0.01037886]
 [0.00069793 0.01037886 0.09297886]]
Estimated pose: 
(0.263373, 0.00483368, 0.0382733)

Current pose: (0.26337273354579965, 0.004833684607751648, 0.03827325150077153)
Goal pose: (0.7146983866195598, 0.006331497626361514, None)
Dist: 0.45132813846058256
Moving to goal, dist: 0.45132813846058256, theta_diff: -0.03495456684458187
error=0.45132813846058256, dt=0.10068106651306152
raw_control = 0.13539844153817476 + 0.007873778446525277 + -0.021322992786786402 = 0.12194922719791365
error=-0.03495456684458187, dt=0.1006772518157959
raw_control = -0.024468196791207306 + -0.0005518915498399117 + -0.002311086060618888 = -0.027331174401666106
Velocities: 0.12194922719791365 -0.027331174401666106
Rel pose: (0.010363, 2.39669e-06, -0.000349066)

Landmark 682 range: 0.9428880921265329 bearing: 0.2386143591075673
Raw z: 1.0548654612063328,x: -0.22285770393109708 y: -0.16551859537585897
Estimated landmark positions:
681: [0.68860006 0.27981643]
682: [1.12896029 0.25469014]
Odometry measurement
[0.2770640022355983, 0.001608711929229355, 0.010821041362364612]
Covariance:
[[0.00291682 0.00012216 0.00072486]
 [0.00012216 0.00550577 0.01086995]
 [0.00072486 0.01086995 0.09371299]]
Estimated pose: 
(0.273454, 0.00520695, 0.0390666)

Current pose: (0.27345385305301434, 0.00520694585464394, 0.03906663500335171)
Goal pose: (0.7146983866195598, 0.006331497626361514, None)
Dist: 0.44124596657538473
Moving to goal, dist: 0.44124596657538473, theta_diff: -0.03651804969201766
error=0.44124596657538473, dt=0.10140848159790039
raw_control = 0.13237378997261542 + 0.008097508863933315 + -0.029826416073879695 = 0.11064488276266904
error=-0.03651804969201766, dt=0.10140728950500488
raw_control = -0.025562634784412362 + -0.0006259554785854435 + -0.0030835709248665574 = -0.02927216118786436
Velocities: 0.11064488276266904 -0.02927216118786436
Rel pose: (0.0080601, -3.9002e-06, -0.000872665)

Landmark 682 range: 0.9319848333873343 bearing: 0.24147953688330848
Raw z: 1.0405667778377574,x: -0.22287438342330773 y: -0.15726650393200467
Estimated landmark positions:
681: [0.68857182 0.27980322]
682: [1.13083849 0.25514413]
Odometry measurement
[0.28512367361437285, 0.0016920289380321465, 0.009948376736367505]
Covariance:
[[0.00300985 0.00012741 0.00074649]
 [0.00012741 0.00575853 0.01115786]
 [0.00074649 0.01115786 0.09436498]]
Estimated pose: 
(0.281255, 0.0054884, 0.0391652)

Current pose: (0.2812552705602771, 0.005488404350877635, 0.03916517219272848)
Goal pose: (0.7146983866195598, 0.006331497626361514, None)
Dist: 0.4334439360118583
Moving to goal, dist: 0.4334439360118583, theta_diff: -0.03722006756196006
error=0.4334439360118583, dt=0.09893941879272461
raw_control = 0.1300331808035575 + 0.008311932319474536 + -0.02365699331589399 = 0.11468811980713803
error=-0.03722006756196006, dt=0.09893417358398438
raw_control = -0.02605404729337204 + -0.0006996022110850952 + -0.0014191615384474975 = -0.02817281104290463
Velocities: 0.11468811980713803 -0.02817281104290463
Rel pose: (0.00742041, -2.99214e-06, -0.000698132)

Landmark 682 range: 0.9301047096085872 bearing: 0.242491060650935
Raw z: 1.0374862957740927,x: -0.2233381828732798 y: -0.15189604802841
Estimated landmark positions:
681: [0.68854395 0.27978804]
682: [1.13274993 0.25561046]
Odometry measurement
[0.2925437469467692, 0.0017628567686166301, 0.009250245035569817]
Covariance:
[[0.00310256 0.0001331  0.00077257]
 [0.0001331  0.00600092 0.01139655]
 [0.00077257 0.01139655 0.09494799]]
Estimated pose: 
(0.288393, 0.00574253, 0.0395439)

Current pose: (0.2883933424617701, 0.005742527092103238, 0.0395438787712709)
Goal pose: (0.7146983866195598, 0.006331497626361514, None)
Dist: 0.42630545100979556
Moving to goal, dist: 0.42630545100979556, theta_diff: -0.03816230900661477
error=0.42630545100979556, dt=0.1003420352935791
raw_control = 0.12789163530293865 + 0.008525814102529887 + -0.021342456273217212 = 0.11507499313225134
error=-0.03816230900661477, dt=0.10035133361816406
raw_control = -0.026713616304630337 + -0.0007761949831403405 + -0.0018778852471257287 = -0.029367696534896407
Velocities: 0.11507499313225134 -0.029367696534896407
Rel pose: (0.00899831, 2.2776e-06, -0.000349066)

Landmark 682 range: 0.9279914618097309 bearing: 0.24454094678737517
Raw z: 1.0342179081559868,x: -0.2246768986715791 y: -0.14744643215398742
Estimated landmark positions:
681: [0.68851682 0.27976877]
682: [1.13473273 0.25610295]
Odometry measurement
[0.3015416556832731, 0.0018483697011553242, 0.008901179185170973]
Covariance:
[[0.00319495 0.00014112 0.00080333]
 [0.00014112 0.00628379 0.01178   ]
 [0.00080333 0.01178    0.09544414]]
Estimated pose: 
(0.297077, 0.00605296, 0.0401947)

Current pose: (0.29707684197426626, 0.0060529608756445235, 0.04019468660258801)
Goal pose: (0.7146983866195598, 0.006331497626361514, None)
Dist: 0.4176216375316805
Moving to goal, dist: 0.4176216375316805, theta_diff: -0.03952772697613316
error=0.4176216375316805, dt=0.10039496421813965
raw_control = 0.12528649125950414 + 0.008735449649313456 + -0.02594895136148477 = 0.10807298954733281
error=-0.03952772697613316, dt=0.10041952133178711
raw_control = -0.02766940888329321 + -0.0008555820915858778 + -0.002719427361154282 = -0.03124441833603337
Velocities: 0.10807298954733281 -0.03124441833603337
Rel pose: (0.0101071, -1.18346e-06, 0.000174533)

Landmark 682 range: 0.9222235623326359 bearing: 0.24516493316584873
Raw z: 1.026681573257272,x: -0.2238387178516828 y: -0.1425338312313793
Estimated landmark positions:
681: [0.6884903  0.27974918]
682: [1.1366919  0.25659109]
Odometry measurement
[0.31164837802356277, 0.001937150317740695, 0.009075712110369949]
