Robot Name: locobot
Robot Model: locobot_px100
Initialized InterbotixRobotXSCore!

Turret Group Name: camera
Pan Name: pan, Profile Type: time, Profile Velocity: 2.0, Profile Acceleration: 0.3
Tilt Name: tilt, Profile Type: time, Profile Velocity: 2.0, Profile Acceleration: 0.3
Initialized InterbotixTurretXSInterface!

Initialized InterbotixKobukiInterface!

Arm Group Name: arm
Moving Time: 2.00 seconds
Acceleration Time: 0.30 seconds
Drive Mode: Time-Based-Profile
Initialized InterbotixArmXSInterface!

Gripper Name: gripper
Gripper Pressure: 50%
Initialized InterbotixGripperXSInterface!

Reset odom:[0.0, 0.0, -0.00034906585039895527]
Estimated landmark positions:
Starting move to goal: (0.5, 0.5, 0)
Rel pose: (0, 0, 0.000174533)

Landmark 682 range: 0.8747445880586028 bearing: 0.2782812675643685
Raw z: 0.9652769529287809,x: -0.24029535099523436 y: -0.11821655141969323
Initial estimate for 682: (0.8411342156472496, 0.24014854903850893)
Landmark 683 range: 0.8722986253168168 bearing: -0.3498466286081087
Raw z: 0.9586105761772511,x: 0.29898360795706297 y: -0.13069165020795925
Initial estimate for 683: (0.8194071962823071, -0.29912662604719265)
Estimated landmark positions:
682: [0.84113422 0.24014855]
683: [ 0.8194072  -0.29912663]
Odometry measurement
[0.0, 0.0, -0.00017453292519953314]
Covariance:
[[2.00000000e-04 2.22044605e-24 3.95110057e-41]
 [2.22044605e-24 2.00000000e-04 3.45973403e-21]
 [3.95110057e-41 3.45973403e-21 9.73828555e-03]]
Estimated pose: 
(-1.97215e-35, -2.54469e-38, -0.000174533)

Current pose: (-1.9721527372222107e-35, -2.5446893709185473e-38, -0.00017453292519953323)
Goal pose: (0.5, 0.5, 0)
Dist: 0.7071067811865476
Moving to goal, dist: 0.7071067811865476, theta_diff: 0.7855726963226478
dt=0
raw_control = 0.21213203435596426 + 0.0 + 0 = 0.21213203435596426
dt=0
raw_control = 0.3927863481613239 + 0.0 + 0 = 0.3927863481613239
Velocities: 0.2 0.3927863481613239
Rel pose: (0, 0, 0.000174533)

Landmark 683 range: 0.870500512684597 bearing: -0.3498959620628259
Raw z: 0.9564931750568701,x: 0.2984076412104415 y: -0.13061182010374295
Landmark 682 range: 0.8744497418656025 bearing: 0.27824306927454506
Raw z: 0.9649467350272325,x: -0.24018223809762565 y: -0.11833826456499058
Estimated landmark positions:
682: [0.84097687 0.24016329]
683: [ 0.81858085 -0.2987691 ]
Odometry measurement
[0.0, 0.0, 0.0]
Covariance:
[[ 2.99958811e-04 -3.54022578e-10 -1.45867033e-07]
 [-3.54022578e-10  2.99950508e-04 -4.03573348e-06]
 [-1.45867033e-07 -4.03573348e-06  1.90189425e-02]]
Estimated pose: 
(3.9315e-07, -1.61879e-07, -4.84837e-06)

Current pose: (3.9314993660049615e-07, -1.618789787097353e-07, -4.848371007807833e-06)
Goal pose: (0.5, 0.5, 0)
Dist: 0.7071066176533938
Moving to goal, dist: 0.7071066176533938, theta_diff: 0.7854035667974997
dt=0.10014748573303223
raw_control = 0.21213198529601812 + 0.0007081494990317592 + -0.0 = 0.21284013479504987
dt=0.10014820098876953
raw_control = 0.39270178339874984 + 0.0007865675426493247 + -0.0001688792444380536 = 0.39331947169696113
Velocities: 0.2 0.39331947169696113
Rel pose: (0.00153526, -5.06133e-07, -0.000174533)

Landmark 682 range: 0.8743776164231912 bearing: 0.27835420796177407
Raw z: 0.964865319949842,x: -0.24025586585262718 y: -0.1184298161940755
Landmark 683 range: 0.8700709566361224 bearing: -0.3497238915653761
Raw z: 0.9560120024041338,x: 0.29811974279335 y: -0.13066247465168948
Estimated landmark positions:
682: [0.8414186  0.24014099]
683: [ 0.81868152 -0.29860363]
Odometry measurement
[0.0015352575016663627, -5.061334306110437e-07, -0.00017453292519953314]
Covariance:
[[ 3.99835292e-04 -1.62731554e-09 -5.58089187e-07]
 [-1.62731554e-09  3.99829083e-04  1.31008123e-05]
 [-5.58089187e-07  1.31008123e-05  2.76361317e-02]]
Estimated pose: 
(0.00153496, -8.69134e-07, -0.000185847)

Current pose: (0.0015349605224577567, -8.691336267856394e-07, -0.00018584720945481924)
Goal pose: (0.5, 0.5, 0)
Dist: 0.7060228499954728
Moving to goal, dist: 0.7060228499954728, theta_diff: 0.787122198772938
dt=0.10010385513305664
raw_control = 0.21180685499864185 + 0.001414905589997505 + -0.0 = 0.21322176058863937
dt=0.10010457038879395
raw_control = 0.393561099386469 + 0.001574512838165803 + 0.0017168366726547598 = 0.39685244889728954
Velocities: 0.2 0.39685244889728954
Rel pose: (0.00388076, 9.57182e-06, 0.0122173)

Landmark 682 range: 0.8443643701274907 bearing: 0.24760300848263891
Raw z: 0.9312670041838933,x: -0.20693747496029968 y: -0.11749612302311485
Estimated landmark positions:
682: [0.83640275 0.23455958]
683: [ 0.81875211 -0.29841331]
Odometry measurement
[0.005416022610548857, 8.388367426292386e-06, 0.012042771838760792]
Covariance:
[[4.99713092e-04 1.39771354e-08 3.53252858e-06]
 [1.39771354e-08 5.00152950e-04 1.06930564e-04]
 [3.53252858e-06 1.06930564e-04 3.62821588e-02]]
Estimated pose: 
(0.00542678, 2.67408e-05, 0.0131025)

Current pose: (0.005426776405333686, 2.6740777123348397e-05, 0.013102480901437532)
Goal pose: (0.5, 0.5, 0)
Dist: 0.7032609284147425
Moving to goal, dist: 0.7032609284147425, theta_diff: 0.7777252754373027
dt=0.10036134719848633
raw_control = 0.21097827852442275 + 0.002120707732075123 + -0.0 = 0.21309898625649787
dt=0.10036301612854004
raw_control = 0.38886263771865137 + 0.0023550613817886756 + -0.009362934373753897 = 0.3818547647266861
Velocities: 0.2 0.3818547647266861
Rel pose: (0.0144948, 0.00031765, 0.0446804)

Landmark 682 range: 0.8440856226898958 bearing: 0.21246564375047425
Raw z: 0.9326701952780957,x: -0.1779929595087756 y: -0.11593926554986274
Landmark 683 range: 0.8397813732594497 bearing: -0.42418728842084197
Raw z: 0.9118909781582769,x: 0.34563741405504306 y: -0.11264692396379937
Estimated landmark positions:
682: [0.83571195 0.2331759 ]
683: [ 0.81515738 -0.29862526]
Odometry measurement
[0.019905989601119292, 0.0005005690105380728, 0.05672320068981575]
Covariance:
[[5.99232361e-04 2.56742165e-07 1.28702165e-05]
 [2.56742165e-07 6.09157670e-04 5.56176192e-04]
 [1.28702165e-05 5.56176192e-04 4.23858689e-02]]
Estimated pose: 
(0.0199317, 0.00055696, 0.0589652)

Current pose: (0.019931703936189118, 0.0005569604932148911, 0.05896517862450412)
Goal pose: (0.5, 0.5, 0)
Dist: 0.6927545875686331
Moving to goal, dist: 0.6927545875686331, theta_diff: 0.7462104151618975
dt=0.09997391700744629
raw_control = 0.20782637627058992 + 0.002813281628516265 + -0.0 = 0.2106396578991062
dt=0.09997272491455078
raw_control = 0.37310520758094873 + 0.003101068267422207 + -0.03152345832560015 = 0.34468281752277075
Velocities: 0.2 0.34468281752277075
Rel pose: (0.0110445, 0.000105956, 0.0254818)

Landmark 682 range: 0.861450389289424 bearing: 0.18162705174865565
Raw z: 0.9546860863938799,x: -0.1556038702622468 y: -0.11537292081980446
Estimated landmark positions:
682: [0.84002564 0.23260143]
683: [ 0.81522753 -0.29841808]
Odometry measurement
[0.030926733182073084, 0.001232498679076531, 0.08220500776893283]
Covariance:
[[6.98964185e-04 1.05596008e-06 3.94834872e-05]
 [1.05596008e-06 7.25216028e-04 9.70288750e-04]
 [3.94834872e-05 9.70288750e-04 4.99136151e-02]]
Estimated pose: 
(0.0309227, 0.00133563, 0.0856081)

Current pose: (0.0309227227066452, 0.001335630981106506, 0.08560810407036795)
Goal pose: (0.5, 0.5, 0)
Dist: 0.6846164218027186
Moving to goal, dist: 0.6846164218027186, theta_diff: 0.7303538759902253
dt=0.09988617897033691
raw_control = 0.20538492654081558 + 0.003497118812858445 + -0.0 = 0.20888204535367402
dt=0.09987735748291016
raw_control = 0.36517693799511264 + 0.0038305264190352547 + -0.01587600990983904 = 0.35313145450430883
Velocities: 0.2 0.35313145450430883
Rel pose: (0.0118552, 7.82482e-05, 0.0172788)

Landmark 682 range: 0.8522011385473424 bearing: 0.15819185264405003
Raw z: 0.94386309693608,x: -0.13424971226257298 y: -0.10847849255861144
Estimated landmark positions:
682: [0.84362384 0.23162836]
683: [ 0.81530645 -0.29818914]
Odometry measurement
[0.042735473918245684, 0.0022839422258204424, 0.09948376736367671]
Covariance:
[[7.98610784e-04 2.47793714e-06 6.84312391e-05]
 [2.47793714e-06 8.52695253e-04 1.47746584e-03]
 [6.84312391e-05 1.47746584e-03 5.66969294e-02]]
Estimated pose: 
(0.0426931, 0.00247377, 0.104771)

Current pose: (0.04269305954150691, 0.0024737740879503616, 0.104771027818672)
Goal pose: (0.5, 0.5, 0)
Dist: 0.6757676991850051
Moving to goal, dist: 0.6757676991850051, theta_diff: 0.7227240440897151
dt=0.10024285316467285
raw_control = 0.20273030975550152 + 0.004174527635286758 + -0.0 = 0.20690483739078827
dt=0.10025310516357422
raw_control = 0.36136202204485757 + 0.004555079714998953 + -0.007610569156996397 = 0.35830653260286016
Velocities: 0.2 0.35830653260286016
Rel pose: (0.0209786, 0.000307517, 0.0347321)

Landmark 682 range: 0.8237838479962339 bearing: 0.13024316235667494
Raw z: 0.9100108062416592,x: -0.10698913263744946 y: -0.09975722716282369
Estimated landmark positions:
682: [0.84528147 0.23104228]
683: [ 0.81534842 -0.29806819]
Odometry measurement
[0.06357976865355293, 0.0046735243857559975, 0.13421581947836395]
Covariance:
[[8.98416653e-04 8.06961977e-06 1.47363860e-04]
 [8.06961977e-06 1.03351904e-03 2.51933317e-03]
 [1.47363860e-04 2.51933317e-03 6.26909036e-02]]
Estimated pose: 
(0.0635004, 0.00502311, 0.140894)

Current pose: (0.06350041163677839, 0.0050231114971940735, 0.1408938247392316)
Goal pose: (0.5, 0.5, 0)
Dist: 0.6599500062831889
Moving to goal, dist: 0.6599500062831889, theta_diff: 0.7072012062130401
dt=0.09990143775939941
raw_control = 0.19798500188495666 + 0.004833827180056911 + -0.0 = 0.20281882906501356
dt=0.09990096092224121
raw_control = 0.35360060310652003 + 0.005261580515659461 + -0.015538226793191124 = 0.34332395682898836
Velocities: 0.2 0.34332395682898836
Rel pose: (0.0118976, 9.47185e-05, 0.0218166)

Landmark 682 range: 0.8078680867562154 bearing: 0.10279848792641905
Raw z: 0.8909696119697611,x: -0.08290142700784198 y: -0.09222777356377897
Estimated landmark positions:
682: [0.84622986 0.23013387]
683: [ 0.81539664 -0.29793247]
Odometry measurement
[0.07535773787078522, 0.0063594532134439614, 0.156032435128293]
Covariance:
[[9.98216520e-04 1.40488471e-05 2.15532938e-04]
 [1.40488471e-05 1.19435099e-03 3.08174220e-03]
 [2.15532938e-04 3.08174220e-03 6.79902743e-02]]
Estimated pose: 
(0.0752434, 0.00687041, 0.164811)

Current pose: (0.07524343975563862, 0.006870413700510719, 0.1648105508460432)
Goal pose: (0.5, 0.5, 0)
Dist: 0.6508417045292406
Moving to goal, dist: 0.6508417045292406, theta_diff: 0.6949399545983705
dt=0.10033559799194336
raw_control = 0.19525251135877217 + 0.005486853096277281 + -0.0 = 0.20073936445504945
dt=0.1003270149230957
raw_control = 0.3474699772991853 + 0.005958793027615923 + -0.012221286185050164 = 0.34120748414175106
Velocities: 0.2 0.34120748414175106
Rel pose: (0.0119403, 9.45325e-05, 0.0221657)

Landmark 682 range: 0.8338475576127176 bearing: 0.07157500940358674
Raw z: 0.9220961942479404,x: -0.05963170097485571 y: -0.08636578135191632
Estimated landmark positions:
682: [0.85071556 0.23006604]
683: [ 0.81544508 -0.29778398]
Odometry measurement
[0.08713828665554306, 0.008308359948643408, 0.178198116628621]
Covariance:
[[1.09820996e-03 2.26008475e-05 2.97636358e-04]
 [2.26008475e-05 1.36691708e-03 3.66816500e-03]
 [2.97636358e-04 3.66816500e-03 7.26297887e-02]]
Estimated pose: 
(0.0869085, 0.00903374, 0.190105)

Current pose: (0.08690845342927267, 0.009033742143263397, 0.19010455740407364)
Goal pose: (0.5, 0.5, 0)
Dist: 0.6416326770061224
Moving to goal, dist: 0.6416326770061224, theta_diff: 0.6812205846277914
dt=0.09983158111572266
raw_control = 0.1924898031018367 + 0.006127405142687631 + -0.0 = 0.19861720824452433
dt=0.0998387336730957
raw_control = 0.3406102923138957 + 0.00663891503282877 + -0.013741530431967167 = 0.3335076769147573
Velocities: 0.19861720824452433 0.3335076769147573
Rel pose: (0.0209351, 0.000350849, 0.0364774)

Landmark 682 range: 0.8212111662663939 bearing: 0.04525447266203138
Raw z: 0.9066378720297706,x: -0.037150794641059186 y: -0.07856796774850623
Estimated landmark positions:
682: [0.85493532 0.23073573]
683: [ 0.81545937 -0.29773024]
Odometry measurement
[0.10767967295167338, 0.012364534270667473, 0.21467549799530253]
Covariance:
[[1.19953940e-03 4.31821479e-05 4.54278138e-04]
 [4.31821479e-05 1.63342125e-03 4.87306284e-03]
 [4.54278138e-04 4.87306284e-03 7.65797250e-02]]
Estimated pose: 
(0.107295, 0.0133874, 0.228146)

Current pose: (0.10729473052974245, 0.013387434571911834, 0.2281460965147276)
Goal pose: (0.5, 0.5, 0)
Dist: 0.6253072984558976
Moving to goal, dist: 0.6253072984558976, theta_diff: 0.663644433602375
dt=0.09980416297912598
raw_control = 0.1875921895367693 + 0.006751487857958925 + -0.0 = 0.19434367739472821
dt=0.09979844093322754
raw_control = 0.3318222168011875 + 0.007301221830904089 + -0.01761164890058369 = 0.3215117897315079
Velocities: 0.19434367739472821 0.3215117897315079
Rel pose: (0.0121109, 9.82243e-05, 0.0198968)

Landmark 682 range: 0.8149943092419993 bearing: 0.0196757048971572
Raw z: 0.8988666660532436,x: -0.016034552889713935 y: -0.07234248981610285
Estimated landmark positions:
682: [0.85894922 0.23129235]
683: [ 0.81547615 -0.29767037]
Odometry measurement
[0.11949160601481387, 0.015040484075806214, 0.23457225146803787]
Covariance:
[[1.30037991e-03 5.90237626e-05 5.53379595e-04]
 [5.90237626e-05 1.84201944e-03 5.45560555e-03]
 [5.53379595e-04 5.45560555e-03 8.00180081e-02]]
Estimated pose: 
(0.118944, 0.0163065, 0.250254)

Current pose: (0.11894368906825718, 0.016306491403681726, 0.2502537684030491)
Goal pose: (0.5, 0.5, 0)
Dist: 0.6157623911535404
Moving to goal, dist: 0.6157623911535404, theta_diff: 0.6532817652083953
dt=0.0998988151550293
raw_control = 0.1847287173460621 + 0.007366627190891589 + -0.0 = 0.1920953445369537
dt=0.09989070892333984
raw_control = 0.32664088260419766 + 0.007953789617437663 + -0.010374006257110891 = 0.3242206659645244
Velocities: 0.1920953445369537 0.3242206659645244
Rel pose: (0.0173978, 0.000205337, 0.029147)

Landmark 682 range: 0.815217252711298 bearing: -0.00466399680985725
Raw z: 0.8986236986867113,x: 0.0038021568813160905 y: -0.06509959385026587
Estimated landmark positions:
682: [0.86355879 0.23234143]
683: [ 0.81547814 -0.29764912]
Odometry measurement
[0.13636523072970497, 0.019283918317340082, 0.2637192499763433]
Covariance:
[[1.40320790e-03 8.82039695e-05 7.17723054e-04]
 [8.82039695e-05 2.12712108e-03 6.42985279e-03]
 [7.17723054e-04 6.42985279e-03 8.29314764e-02]]
Estimated pose: 
(0.135591, 0.0208387, 0.280601)

Current pose: (0.1355914713142957, 0.02083871234786878, 0.2806011025924218)
Goal pose: (0.5, 0.5, 0)
Dist: 0.6019876372180147
Moving to goal, dist: 0.6019876372180147, theta_diff: 0.6399994921122958
dt=0.10003066062927246
raw_control = 0.1805962911654044 + 0.007968799401307318 + -0.0 = 0.18856509056671172
dt=0.10003972053527832
raw_control = 0.3199997460561479 + 0.008594043320774004 + -0.013276999400868603 = 0.3153167899760533
Velocities: 0.18856509056671172 0.3153167899760533
Rel pose: (0.0141576, 0.000124103, 0.0228638)

Landmark 682 range: 0.7933083415633128 bearing: -0.033137395137736614
Raw z: 0.8715717906436432,x: 0.026283361128129932 y: -0.0557185569972592
Estimated landmark positions:
682: [0.86699506 0.23300745]
683: [ 0.81548438 -0.29762023]
Odometry measurement
[0.15000105675833394, 0.023094246737941092, 0.28658306317746884]
Covariance:
[[0.00150629 0.0001175  0.00085905]
 [0.0001175  0.00239328 0.00714862]
 [0.00085905 0.00714862 0.08543557]]
Estimated pose: 
(0.149013, 0.0249489, 0.305297)

Current pose: (0.1490126410074075, 0.02494891431362455, 0.30529687416298085)
Goal pose: (0.5, 0.5, 0)
Dist: 0.5906485081538757
Moving to goal, dist: 0.5906485081538757, theta_diff: 0.6291782496462297
dt=0.10010576248168945
raw_control = 0.1771945524461627 + 0.008560072593981479 + -0.0 = 0.18575462504014417
dt=0.1000971794128418
raw_control = 0.31458912482311485 + 0.009223833002148967 + -0.010810736655660241 = 0.3130022211696036
Velocities: 0.18575462504014417 0.3130022211696036
Rel pose: (0.0111724, 0.000107593, 0.0253073)

Estimated landmark positions:
682: [0.86699506 0.23300745]
683: [ 0.81548438 -0.29762023]
Odometry measurement
[0.16068739987036976, 0.026355630226790883, 0.3118903373313866]
Covariance:
[[0.00161317 0.00015281 0.00105463]
 [0.00015281 0.00265661 0.00807904]
 [0.00105463 0.00807904 0.09507386]]
Estimated pose: 
(0.159636, 0.0284097, 0.330604)

Current pose: (0.1596360835974572, 0.02840969744610872, 0.33060414831689855)
Goal pose: (0.5, 0.5, 0)
Dist: 0.5815883501685258
Moving to goal, dist: 0.5815883501685258, theta_diff: 0.6150264539689302
dt=0.10011506080627441
raw_control = 0.17447650505055776 + 0.009142330124394906 + -0.0 = 0.18361883517495267
dt=0.10011744499206543
raw_control = 0.3075132269844651 + 0.009839581773887962 + -0.014135194599124143 = 0.3032176141592289
Velocities: 0.18361883517495267 0.3032176141592289
Rel pose: (0.0170558, 0.000241584, 0.0350811)

Landmark 682 range: 0.7850446144166181 bearing: -0.09612901573865332
Raw z: 0.859938727308597,x: 0.07534939290564116 y: -0.041656722625792494
Estimated landmark positions:
682: [0.87120394 0.23398214]
683: [ 0.81548535 -0.29760312]
Odometry measurement
[0.17684625935617146, 0.03181928741852118, 0.3469714552964726]
Covariance:
[[0.0017235  0.00021206 0.00131234]
 [0.00021206 0.00299579 0.00893423]
 [0.00131234 0.00893423 0.09398284]]
Estimated pose: 
(0.175458, 0.0342363, 0.367578)

Current pose: (0.17545767062679715, 0.034236251501020186, 0.36757768463025514)
Goal pose: (0.5, 0.5, 0)
Dist: 0.5676826516380481
Moving to goal, dist: 0.5676826516380481, theta_diff: 0.5946462336274521
dt=0.10032320022583008
raw_control = 0.17030479549141442 + 0.009711847527645047 + -0.0 = 0.18001664301905945
dt=0.10032987594604492
raw_control = 0.29732311681372603 + 0.010436189602404214 + -0.020313211941414278 = 0.287446094474716
Velocities: 0.18001664301905945 0.287446094474716
Rel pose: (0.0137737, 0.000131396, 0.0249582)

Landmark 682 range: 0.7820926316631982 bearing: -0.11514211176486136
Raw z: 0.855679414044155,x: 0.08985294902420882 y: -0.03573098310194068
Estimated landmark positions:
682: [0.87545749 0.23517353]
683: [ 0.81547782 -0.29760929]
Odometry measurement
[0.18975446531740187, 0.036626619481075456, 0.3719296635999916]
Covariance:
[[0.00183208 0.00026199 0.00148475]
 [0.00026199 0.00329759 0.00950457]
 [0.00148475 0.00950457 0.09374165]]
Estimated pose: 
(0.188034, 0.0392414, 0.392581)

Current pose: (0.18803449039665046, 0.039241432091130964, 0.39258089562214166)
Goal pose: (0.5, 0.5, 0)
Dist: 0.5564359236098164
Moving to goal, dist: 0.5564359236098164, theta_diff: 0.5830454970600218
dt=0.10058999061584473
raw_control = 0.16693077708294493 + 0.01027156637098735 + -0.0 = 0.1772023434539323
dt=0.1005859375
raw_control = 0.2915227485300109 + 0.01102265138167357 + -0.011533159461212174 = 0.2910122404504723
Velocities: 0.1772023434539323 0.2910122404504723
Rel pose: (0.0109169, 7.94014e-05, 0.0191986)

Landmark 682 range: 0.7592572489146099 bearing: -0.14241244381214033
Raw z: 0.8272115142830619,x: 0.1077625556950004 y: -0.02698084757047274
Estimated landmark positions:
682: [0.87854678 0.23595768]
683: [ 0.81547567 -0.29760462]
Odometry measurement
[0.19989611648421354, 0.04066795195152702, 0.39112828537192945]
Covariance:
[[0.00193977 0.00030587 0.0016151 ]
 [0.00030587 0.00355868 0.00985279]
 [0.0016151  0.00985279 0.09400581]]
Estimated pose: 
(0.197883, 0.043508, 0.41289)

Current pose: (0.19788277451664188, 0.043507978910403936, 0.4128899212079917)
Goal pose: (0.5, 0.5, 0)
Dist: 0.5474118954244842
Moving to goal, dist: 0.5474118954244842, theta_diff: 0.5732641432430119
dt=0.10014081001281738
raw_control = 0.16422356862734525 + 0.010819749077171944 + -0.0 = 0.1750433177045172
dt=0.10015058517456055
raw_control = 0.28663207162150595 + 0.011596778775727378 + -0.009766646695035523 = 0.28846220370219783
Velocities: 0.1750433177045172 0.28846220370219783
Rel pose: (0.0161616, 0.000165371, 0.0279253)

Landmark 682 range: 0.72860590113193 bearing: -0.17831801282813023
Raw z: 0.7890337908703301,x: 0.12923611359705447 y: -0.01647392232421291
Estimated landmark positions:
682: [0.88051728 0.23640748]
683: [ 0.81547635 -0.29759601]
Odometry measurement
[0.2147740966143207, 0.046982131279904145, 0.4190535534038385]
Covariance:
[[0.0020558  0.00038095 0.00184825]
 [0.00038095 0.00393192 0.01065938]
 [0.00184825 0.01065938 0.0944405 ]]
Estimated pose: 
(0.212451, 0.0502191, 0.442477)

Current pose: (0.212450765862605, 0.05021908770027681, 0.44247736061067583)
Goal pose: (0.5, 0.5, 0)
Dist: 0.5338421406391347
Moving to goal, dist: 0.5338421406391347, theta_diff: 0.5594957460887409
dt=0.09995555877685547
raw_control = 0.1601526421917404 + 0.011353353971834118 + -0.0 = 0.17150599616357454
dt=0.09995460510253906
raw_control = 0.27974787304437043 + 0.012156020539295884 + -0.013774650142578854 = 0.27812924344108747
Velocities: 0.17150599616357454 0.27812924344108747
Rel pose: (0.0129631, 0.000151519, 0.0263545)

Landmark 682 range: 0.7256087495026234 bearing: -0.19036947987982394
Raw z: 0.7849272244714206,x: 0.13730093046446817 y: -0.01224830383070141
Estimated landmark positions:
682: [0.88271421 0.23711044]
683: [ 0.8154689  -0.29760899]
Odometry measurement
[0.22655390161475944, 0.0523951734441583, 0.44540802510895294]
Covariance:
[[0.00217235 0.00045178 0.00205207]
 [0.00045178 0.00425352 0.01117924]
 [0.00205207 0.01117924 0.09500921]]
Estimated pose: 
(0.223976, 0.0557426, 0.467142)

Current pose: (0.2239757227322346, 0.055742551763608435, 0.4671419580437164)
Goal pose: (0.5, 0.5, 0)
Dist: 0.5230239783745123
Moving to goal, dist: 0.5230239783745123, theta_diff: 0.5477085824093386
dt=0.10966706275939941
raw_control = 0.1569071935123537 + 0.011926939006444802 + -0.0 = 0.1688341325187985
dt=0.1096956729888916
raw_control = 0.2738542912046693 + 0.012756833154787726 + -0.010745331477747422 = 0.2758657928817096
Velocities: 0.1688341325187985 0.2758657928817096
Rel pose: (0.0106611, 7.68785e-05, 0.0191986)

Landmark 682 range: 0.7353243239457516 bearing: -0.23747821573620104
Raw z: 0.7944219450285865,x: 0.17298678873668974 y: 0.0010730368547266183
Estimated landmark positions:
682: [0.88566037 0.23781607]
683: [ 0.81546854 -0.29759988]
Odometry measurement
[0.23614172181344195, 0.05705762806330318, 0.46460664688089054]
Covariance:
[[0.00228799 0.00051543 0.00221165]
 [0.00051543 0.00453359 0.01151127]
 [0.00221165 0.01151127 0.0956686 ]]
Estimated pose: 
(0.233148, 0.0607332, 0.489213)

Current pose: (0.23314835415131274, 0.060733244734820696, 0.4892130542601391)
Goal pose: (0.5, 0.5, 0)
Dist: 0.5139699243860016
Moving to goal, dist: 0.5139699243860016, theta_diff: 0.53567214425507
dt=0.09035277366638184
raw_control = 0.15419097731580048 + 0.01239132508893856 + -0.0 = 0.16658230240473904
dt=0.09031319618225098
raw_control = 0.267836072127535 + 0.013240615789322478 + -0.013327441241232555 = 0.26774924667562494
Velocities: 0.16658230240473904 0.26774924667562494
Rel pose: (0.0101921, 6.95399e-05, 0.0164061)

Landmark 682 range: 0.7119798549118503 bearing: -0.2647647355735139
Raw z: 0.7653545392860891,x: 0.18631246117521622 y: 0.009941737995330376
Estimated landmark positions:
682: [0.88771152 0.23826812]
683: [ 0.81546986 -0.29758922]
Odometry measurement
[0.24522223532124685, 0.06168656109263369, 0.48101274184963716]
Covariance:
[[0.00240348 0.00057797 0.00234828]
 [0.00057797 0.00481213 0.01182931]
 [0.00234828 0.01182931 0.09636099]]
Estimated pose: 
(0.24184, 0.0657607, 0.509177)

Current pose: (0.24183981853209438, 0.0657606659738425, 0.5091767775908834)
Goal pose: (0.5, 0.5, 0)
Dist: 0.5051836087117463
Moving to goal, dist: 0.5051836087117463, theta_diff: 0.5252456482492255
dt=0.09999680519104004
raw_control = 0.15155508261352388 + 0.012896492557999111 + -0.0 = 0.16445157517152298
dt=0.09999799728393555
raw_control = 0.26262282412461274 + 0.013765850918392728 + -0.010426704823137041 = 0.2659619702198684
Velocities: 0.16445157517152298 0.2659619702198684
Rel pose: (0.0183352, 0.000265926, 0.0274017)

Landmark 682 range: 0.690852365912185 bearing: -0.2862040044151771
Raw z: 0.7392971252325636,x: 0.1950363857349973 y: 0.017388710861890883
Estimated landmark positions:
682: [0.88940595 0.23872404]
683: [ 0.81546762 -0.2975896 ]
Odometry measurement
[0.2613538814036985, 0.07040561064340937, 0.5084144111059482]
Covariance:
[[0.00253295 0.00069    0.00260222]
 [0.00069    0.00528981 0.01285663]
 [0.00260222 0.01285663 0.09690323]]
Estimated pose: 
(0.257532, 0.0749278, 0.537216)

Current pose: (0.25753228276470175, 0.07492780520249448, 0.5372159020820758)
Goal pose: (0.5, 0.5, 0)
Dist: 0.4893638367219885
Moving to goal, dist: 0.4893638367219885, theta_diff: 0.5151984347927242
dt=0.10008907318115234
raw_control = 0.14680915101659656 + 0.013386292286657877 + -0.0 = 0.16019544330325444
dt=0.10009622573852539
raw_control = 0.2575992173963621 + 0.014281545106684203 + -0.010037554745317707 = 0.2618432077577286
Velocities: 0.16019544330325444 0.2618432077577286
Rel pose: (0.0101068, 6.5744e-05, 0.0169297)

Landmark 682 range: 0.6963582277417498 bearing: -0.31132141605751623
Raw z: 0.7447915590148791,x: 0.21330622300828556 y: 0.027689182943880945
Estimated landmark positions:
682: [0.89155489 0.23929697]
683: [ 0.81546498 -0.29758949]
Odometry measurement
[0.27015032882761003, 0.07538294847323225, 0.5253441048502931]
Covariance:
[[0.00265265 0.00076213 0.00274044]
 [0.00076213 0.00558312 0.01314082]
 [0.00274044 0.01314082 0.097491  ]]
Estimated pose: 
(0.265913, 0.0801722, 0.555333)

Current pose: (0.2659134366767979, 0.08017215860203807, 0.5553327045432156)
Goal pose: (0.5, 0.5, 0)
Dist: 0.48067861980884874
Moving to goal, dist: 0.48067861980884874, theta_diff: 0.5068213641983385
dt=0.10003399848937988
raw_control = 0.14420358594265462 + 0.013867134329936233 + -0.0 = 0.15807072027259084
dt=0.10002660751342773
raw_control = 0.2534106820991692 + 0.014788501323445075 + -0.00837484225710764 = 0.2598243411655066
Velocities: 0.15807072027259084 0.2598243411655066
Rel pose: (0.0150956, 0.000145343, 0.0261799)

Landmark 682 range: 0.6612117363996833 bearing: -0.33060768093651505
Raw z: 0.7023957600909946,x: 0.21464113915869817 y: 0.03306741898888078
Estimated landmark positions:
682: [0.89271507 0.23964959]
683: [ 0.81546181 -0.29759423]
Odometry measurement
[0.28313739380710573, 0.08307928375338429, 0.5515240436302082]
Covariance:
[[0.00278741 0.00087795 0.002988  ]
 [0.00087795 0.00600862 0.01387232]
 [0.002988   0.01387232 0.09799886]]
Estimated pose: 
(0.278571, 0.088117, 0.58)

Current pose: (0.2785709867717904, 0.08811696422261779, 0.5799996828033165)
Goal pose: (0.5, 0.5, 0)
Dist: 0.4676306695036276
Moving to goal, dist: 0.4676306695036276, theta_diff: 0.49752209952322524
dt=0.10046696662902832
raw_control = 0.14028920085108826 + 0.014336948678613544 + -0.0 = 0.1546261495297018
dt=0.10046839714050293
raw_control = 0.24876104976161262 + 0.015288353802255837 + -0.009255910256145913 = 0.25479349330772255
Velocities: 0.1546261495297018 0.25479349330772255
Rel pose: (0.0115565, 9.32076e-05, 0.0202458)

Landmark 682 range: 0.6749862173173676 bearing: -0.36131134222840083
Raw z: 0.7174229814186005,x: 0.23860844527122155 y: 0.04326509441568749
Estimated landmark positions:
682: [0.89468216 0.24020472]
683: [ 0.81545817 -0.29759751]
Odometry measurement
[0.2929315261375882, 0.08921410786527055, 0.5717698629533421]
Covariance:
[[0.00291718 0.00097395 0.00316609]
 [0.00097395 0.00635206 0.01428098]
 [0.00316609 0.01428098 0.09850944]]
Estimated pose: 
(0.287944, 0.0944373, 0.599827)

Current pose: (0.2879435004184404, 0.09443726998636458, 0.5998268113823748)
Goal pose: (0.5, 0.5, 0)
Dist: 0.4576560793771857
Moving to goal, dist: 0.4576560793771857, theta_diff: 0.4891939117687436
dt=0.10030269622802734
raw_control = 0.13729682381315572 + 0.014795990065680343 + -0.0 = 0.15209281387883605
dt=0.10030245780944824
raw_control = 0.2445969558843718 + 0.01577902731921407 + -0.00830307445736104 = 0.2520729087462248
Velocities: 0.15209281387883605 0.2520729087462248
Rel pose: (0.0105335, 3.9307e-05, 0.00994838)

Landmark 682 range: 0.6495837107191818 bearing: -0.38145852282048837
Raw z: 0.6866663915855263,x: 0.24182348552386926 y: 0.04766986470140853
Estimated landmark positions:
682: [0.89593146 0.24054852]
683: [ 0.81545621 -0.29759862]
Odometry measurement
[0.3017683168618779, 0.0949470448107138, 0.5817182396897098]
Covariance:
[[0.00303032 0.00103842 0.00320947]
 [0.00103842 0.00669392 0.01464368]
 [0.00320947 0.01464368 0.09903144]]
Estimated pose: 
(0.296429, 0.100395, 0.610109)

Current pose: (0.2964293195357833, 0.10039522247760566, 0.6101088526196912)
Goal pose: (0.5, 0.5, 0)
Dist: 0.44846962011198316
Moving to goal, dist: 0.44846962011198316, theta_diff: 0.48952431865558
dt=0.09982562065124512
raw_control = 0.13454088603359493 + 0.015243677647389412 + -0.0 = 0.14978456368098433
dt=0.09983062744140625
raw_control = 0.24476215932779 + 0.016267722518006202 + 0.0003309674548828351 = 0.261360849300679
Velocities: 0.14978456368098433 0.261360849300679
Rel pose: (0.0139867, 0.000146325, 0.0260054)

Landmark 682 range: 0.6516093035746312 bearing: -0.4117543339556559
Raw z: 0.6882390845013094,x: 0.26078554417046235 y: 0.06094114284120612
Estimated landmark positions:
682: [0.89759145 0.24101514]
683: [ 0.81545322 -0.29760117]
Odometry measurement
[0.3133740858479039, 0.10275444209553652, 0.6077236455444256]
Covariance:
[[0.00317926 0.00117719 0.00348666]
 [0.00117719 0.00711166 0.01527895]
 [0.00348666 0.01527895 0.09947865]]
Estimated pose: 
(0.307569, 0.108443, 0.635684)

Current pose: (0.3075689225600455, 0.10844312268627658, 0.6356840770693013)
Goal pose: (0.5, 0.5, 0)
Dist: 0.43628718493255797
Moving to goal, dist: 0.43628718493255797, theta_diff: 0.47832708017578596
dt=0.10008430480957031
raw_control = 0.1308861554797674 + 0.015680332643402406 + -0.0 = 0.1465664881231698
dt=0.10008049011230469
raw_control = 0.23916354008789298 + 0.016746434604186004 + -0.011188233058440388 = 0.2447217416336386
Velocities: 0.1465664881231698 0.2447217416336386
Rel pose: (0.00938185, 5.74005e-05, 0.0167552)

Estimated landmark positions:
682: [0.89759145 0.24101514]
683: [ 0.81545322 -0.29760117]
Odometry measurement
[0.3210433416358576, 0.10815860453142852, 0.6244788063635712]
Covariance:
[[0.00332055 0.00127913 0.00375209]
 [0.00127913 0.00746541 0.01615164]
 [0.00375209 0.01615164 0.10911694]]
Estimated pose: 
(0.315084, 0.11406, 0.652439)

Current pose: (0.31508409766015405, 0.11405958057342297, 0.6524392378884469)
Goal pose: (0.5, 0.5, 0)
Dist: 0.42795314963827713
Moving to goal, dist: 0.42795314963827713, theta_diff: 0.4715438735805615
dt=0.10187840461730957
raw_control = 0.12838594489148314 + 0.01611632448476341 + -0.0 = 0.14450226937624655
dt=0.10187816619873047
raw_control = 0.23577193679028075 + 0.01722683485541234 + -0.006658155371576559 = 0.24634061627411652
Velocities: 0.14450226937624655 0.24634061627411652
Rel pose: (0.0142004, 0.000122608, 0.0207694)

Estimated landmark positions:
682: [0.89759145 0.24101514]
683: [ 0.81545322 -0.29760117]
Odometry measurement
[0.3324919932608496, 0.11656068988810543, 0.6452482244623037]
Covariance:
[[0.00347687 0.00142515 0.00410552]
 [0.00142515 0.0079889  0.01761969]
 [0.00410552 0.01761969 0.11875522]]
Estimated pose: 
(0.326293, 0.122778, 0.673209)

Current pose: (0.32629337905787464, 0.1227784493611857, 0.6732086559871795)
Goal pose: (0.5, 0.5, 0)
Dist: 0.4152951822806072
Moving to goal, dist: 0.4152951822806072, theta_diff: 0.46604486775757015
dt=0.09859919548034668
raw_control = 0.12458855468418215 + 0.01652580219336073 + -0.0 = 0.14111435687754287
dt=0.09859919548034668
raw_control = 0.23302243387878507 + 0.01768635134559875 + -0.005577130519373695 = 0.24513165470501014
Velocities: 0.14111435687754287 0.24513165470501014
Rel pose: (0.0115563, 0.000111345, 0.0228638)

Estimated landmark positions:
682: [0.89759145 0.24101514]
683: [ 0.81545322 -0.29760117]
Odometry measurement
[0.3416579183825907, 0.12359955243771584, 0.6681120376634294]
Covariance:
[[0.00364576 0.00158176 0.00452542]
 [0.00158176 0.0084422  0.01889353]
 [0.00452542 0.01889353 0.12839351]]
Estimated pose: 
(0.335259, 0.130071, 0.696072)

Current pose: (0.3352589375272785, 0.1300708104791466, 0.6960724691883051)
Goal pose: (0.5, 0.5, 0)
Dist: 0.40495335894914686
Moving to goal, dist: 0.40495335894914686, theta_diff: 0.45575916655137116
dt=0.09962201118469238
raw_control = 0.12148600768474405 + 0.016929224873905836 + -0.0 = 0.13841523255864988
dt=0.09963417053222656
raw_control = 0.22787958327568558 + 0.018140443210816797 + -0.01032346749238213 = 0.23569655899412023
Velocities: 0.13841523255864988 0.23569655899412023
Rel pose: (0.0090407, 5.48773e-05, 0.0155334)

Estimated landmark positions:
682: [0.89759145 0.24101514]
683: [ 0.81545322 -0.29760117]
Odometry measurement
[0.34872080467728256, 0.12924339002018737, 0.6836454680061792]
Covariance:
[[0.00379687 0.00170076 0.00482933]
 [0.00170076 0.0088427  0.0199817 ]
 [0.00482933 0.0199817  0.13803179]]
Estimated pose: 
(0.342161, 0.13591, 0.711606)

Current pose: (0.34216127959678405, 0.13590989768801615, 0.7116058995310549)
Goal pose: (0.5, 0.5, 0)
Dist: 0.3968307753439436
Moving to goal, dist: 0.3968307753439436, theta_diff: 0.45012920005493384
dt=0.10007643699645996
raw_control = 0.11904923260318308 + 0.017326358974775483 + -0.0 = 0.13637559157795856
dt=0.10006570816040039
raw_control = 0.22506460002746692 + 0.018590868182488514 + -0.005626269578198321 = 0.23802919863175712
Velocities: 0.13637559157795856 0.23802919863175712
Rel pose: (0.0109595, 9.24412e-05, 0.0198968)

Estimated landmark positions:
682: [0.89759145 0.24101514]
683: [ 0.81545322 -0.29760117]
Odometry measurement
[0.3571590218249205, 0.13623731467514877, 0.7035422214789147]
Covariance:
[[0.00396785 0.00185974 0.00524326]
 [0.00185974 0.00932539 0.02139437]
 [0.00524326 0.02139437 0.14767008]]
Estimated pose: 
(0.350401, 0.143137, 0.731503)

Current pose: (0.3504006708485876, 0.14313699409817265, 0.7315026530037904)
Goal pose: (0.5, 0.5, 0)
Dist: 0.3869511135322397
Moving to goal, dist: 0.3869511135322397, theta_diff: 0.4423402994802833
dt=0.10644984245300293
raw_control = 0.1160853340596719 + 0.01773826782550069 + -0.0 = 0.1338236018851726
dt=0.10645246505737305
raw_control = 0.22117014974014165 + 0.019061750335227442 + -0.007316787422867731 = 0.23291511265250137
Velocities: 0.1338236018851726 0.23291511265250137
Rel pose: (0.0131341, 0.000119116, 0.0233874)

Estimated landmark positions:
682: [0.89759145 0.24101514]
683: [ 0.81545322 -0.29760117]
Odometry measurement
[0.3670974794763869, 0.14482492807544445, 0.726929633455638]
Covariance:
[[0.0041599  0.00206274 0.00576991]
 [0.00206274 0.00991956 0.02320531]
 [0.00576991 0.02320531 0.15730836]]
Estimated pose: 
(0.360095, 0.151999, 0.75489)

Current pose: (0.3600951617900252, 0.15199909823920982, 0.7548900649805137)
Goal pose: (0.5, 0.5, 0)
Dist: 0.37507064851955874
Moving to goal, dist: 0.37507064851955874, theta_diff: 0.4336559698492293
dt=0.09358596801757812
raw_control = 0.11252119455586762 + 0.018089281322667527 + -0.0 = 0.13061047587853514
dt=0.0935821533203125
raw_control = 0.21682798492461464 + 0.019467574929814435 + -0.009279899342911416 = 0.22701566051151767
Velocities: 0.13061047587853514 0.22701566051151767
Rel pose: (0.00857163, 5.0434e-05, 0.015708)

Estimated landmark positions:
682: [0.89759145 0.24101514]
683: [ 0.81545322 -0.29760117]
Odometry measurement
[0.3734688394788482, 0.1505591323451112, 0.7426375967235871]
Covariance:
[[0.00432715 0.00220681 0.00614694]
 [0.00220681 0.01036111 0.02446016]
 [0.00614694 0.02446016 0.16694665]]
Estimated pose: 
(0.366304, 0.157909, 0.770598)

Current pose: (0.36630372149998924, 0.1579091839596031, 0.7705980282484628)
Goal pose: (0.5, 0.5, 0)
Dist: 0.3672884715097074
Moving to goal, dist: 0.3672884715097074, theta_diff: 0.4276298017160791
dt=0.10001158714294434
raw_control = 0.11018654145291222 + 0.018456612352417447 + -0.0 = 0.12864315380532967
dt=0.10001015663146973
raw_control = 0.21381490085803956 + 0.01989524816431353 + -0.006025556139619054 = 0.22768459288273404
Velocities: 0.12864315380532967 0.22768459288273404
Rel pose: (0.0126648, 0.000141949, 0.0249582)

Estimated landmark positions:
682: [0.89759145 0.24101514]
683: [ 0.81545322 -0.29760117]
Odometry measurement
[0.3827028322694792, 0.15922804994447742, 0.7675958050271066]
Covariance:
[[0.00454337 0.00244475 0.00678452]
 [0.00244475 0.01098948 0.02641342]
 [0.00678452 0.02641342 0.17658494]]
Estimated pose: 
(0.375292, 0.166833, 0.795556)

Current pose: (0.37529174992860825, 0.16683286594544433, 0.7955562365519824)
Goal pose: (0.5, 0.5, 0)
Dist: 0.35574216344143833
Moving to goal, dist: 0.35574216344143833, theta_diff: 0.4170732773249055
dt=0.10014605522155762
raw_control = 0.10672264903243149 + 0.018812874095863873 + -0.0 = 0.12553552312829536
dt=0.10014986991882324
raw_control = 0.20853663866245276 + 0.020312946509020595 + -0.010540727012157107 = 0.21830885815931625
Velocities: 0.12553552312829536 0.21830885815931625
Rel pose: (0.00993562, 0.000110458, 0.0251327)

Estimated landmark positions:
682: [0.89759145 0.24101514]
683: [ 0.81545322 -0.29760117]
Odometry measurement
[0.38977562265055327, 0.16620689780497663, 0.7927285462558246]
Covariance:
[[0.00477235 0.00268148 0.00747074]
 [0.00268148 0.0115013  0.027989  ]
 [0.00747074 0.027989   0.18622322]]
Estimated pose: 
(0.382167, 0.174007, 0.820689)

Current pose: (0.3821666696133434, 0.1740067185068603, 0.8206889777807003)
Goal pose: (0.5, 0.5, 0)
Dist: 0.34663570694415824
Moving to goal, dist: 0.34663570694415824, theta_diff: 0.4032604230604626
dt=0.10015082359313965
raw_control = 0.10399071208324746 + 0.01916003261123635 + -0.0 = 0.12315074469448381
dt=0.1001591682434082
raw_control = 0.2016302115302313 + 0.020716848794612802 + -0.013790903525551158 = 0.20855615679929296
Velocities: 0.12315074469448381 0.20855615679929296
Rel pose: (0.00788932, 4.5008e-05, 0.016057)

Estimated landmark positions:
682: [0.89759145 0.24101514]
683: [ 0.81545322 -0.29760117]
Odometry measurement
[0.39528111453260567, 0.17185782465319246, 0.8087855753741725]
Covariance:
[[0.00496148 0.002853   0.00793438]
 [0.002853   0.01196472 0.02933456]
 [0.00793438 0.02933456 0.19586151]]
Estimated pose: 
(0.387512, 0.179809, 0.836746)

Current pose: (0.38751202781173305, 0.17980935246432925, 0.836746006899048)
Goal pose: (0.5, 0.5, 0)
Dist: 0.33937530059852683
Moving to goal, dist: 0.33937530059852683, theta_diff: 0.39620394729520414
dt=0.10282659530639648
raw_control = 0.10181259017955804 + 0.019509000678152665 + -0.0 = 0.12132159085771071
dt=0.10282397270202637
raw_control = 0.19810197364760207 + 0.021124241433223973 + -0.006862675677497346 = 0.2123635394033287
Velocities: 0.12132159085771071 0.2123635394033287
Rel pose: (0.0118123, 0.00010362, 0.0218166)

Estimated landmark positions:
682: [0.89759145 0.24101514]
683: [ 0.81545322 -0.29760117]
Odometry measurement
[0.4033610838179996, 0.18047494799008826, 0.8306021910241015]
Covariance:
[[0.00519191 0.00310913 0.0086026 ]
 [0.00310913 0.012653   0.03146795]
 [0.0086026  0.03146795 0.20549979]]
Estimated pose: 
(0.395348, 0.188649, 0.858563)

Current pose: (0.39534793180646466, 0.1886489976413431, 0.8585626225489769)
Goal pose: (0.5, 0.5, 0)
Dist: 0.3284684186446617
Moving to goal, dist: 0.3284684186446617, theta_diff: 0.38797503005555
dt=0.10102033615112305
raw_control = 0.0985405255933985 + 0.01984082057881778 + -0.0 = 0.11838134617221628
dt=0.10101866722106934
raw_control = 0.193987515027775 + 0.021516168637736633 + -0.008145937247069359 = 0.2073577464184423
Velocities: 0.11838134617221628 0.2073577464184423
Rel pose: (0.00976534, 8.84587e-05, 0.020944)

Estimated landmark positions:
682: [0.89759145 0.24101514]
683: [ 0.81545322 -0.29760117]
Odometry measurement
[0.40988182507186577, 0.1877447288126054, 0.8515461420480334]
Covariance:
[[0.00542753 0.0033569  0.00928359]
 [0.0033569  0.01325004 0.03328761]
 [0.00928359 0.03328761 0.21513808]]
Estimated pose: 
