Robot Name: locobot
Robot Model: locobot_px100
Initialized InterbotixRobotXSCore!

Turret Group Name: camera
Pan Name: pan, Profile Type: time, Profile Velocity: 2.0, Profile Acceleration: 0.3
Tilt Name: tilt, Profile Type: time, Profile Velocity: 2.0, Profile Acceleration: 0.3
Initialized InterbotixTurretXSInterface!

Initialized InterbotixKobukiInterface!

Arm Group Name: arm
Moving Time: 2.00 seconds
Acceleration Time: 0.30 seconds
Drive Mode: Time-Based-Profile
Initialized InterbotixArmXSInterface!

Gripper Name: gripper
Gripper Pressure: 50%
Initialized InterbotixGripperXSInterface!

Reset odom:[0.0, 0.0, 0.0006981317007977301]
Estimated landmark positions:
Starting move to goal: (0.5, 0, 0)
Rel pose: (0, 0, 0.00593412)

Landmark 682 range: 0.8775856816823533 bearing: 0.30743630848278414
Raw z: 0.9653476949739394,x: -0.2655715977607274 y: -0.10805825754194928
Initial estimate for 682: (0.8346581761209249, 0.27111318250570515)
Estimated landmark positions:
682: [0.83465818 0.27111318]
Odometry measurement
[0.0, 0.0, 0.006632251157578456]
Covariance:
[[ 2.00000000e-04 -1.33226763e-23 -4.32466753e-22]
 [-1.33226763e-23  2.00000000e-04  1.72986701e-21]
 [-4.32466753e-22  1.72986701e-21  9.73828555e-03]]
Estimated pose: 
(1.97875e-35, -9.88382e-36, 0.00663225)

Current pose: (1.9787509308016057e-35, -9.883818319156183e-36, 0.006632251157578457)
Goal pose: (0.5, 0, 0)
Dist: 0.5
Moving to goal, dist: 0.5, theta_diff: -0.00663225115757804
dt=0
raw_control = 0.25 + 0.0 + 0 = 0.25
dt=0
raw_control = -0.0046425758103046276 + 0.0 + 0 = -0.0046425758103046276
Velocities: 0.2 -0.0046425758103046276
Rel pose: (0, 0, 0)

Landmark 682 range: 0.8756504770922224 bearing: 0.3071627685022658
Raw z: 0.9630314777610239,x: -0.26475766902261877 y: -0.10754601647714399
Estimated landmark positions:
682: [0.83377446 0.27070235]
Odometry measurement
[0.0, 0.0, 0.006632251157578456]
Covariance:
[[ 2.99979498e-04  1.59476914e-09  6.50697515e-07]
 [ 1.59476914e-09  2.99974979e-04 -2.05238326e-06]
 [ 6.50697515e-07 -2.05238326e-06  1.91943383e-02]]
Estimated pose: 
(3.49146e-07, 1.77699e-07, 0.00663742)

Current pose: (3.4914556001087173e-07, 1.7769867326434142e-07, 0.00663742303139648)
Goal pose: (0.5, 0, 0)
Dist: 0.49999965085447157
Moving to goal, dist: 0.49999965085447157, theta_diff: -0.006637778428991048
dt=0.09999227523803711
raw_control = 0.24999982542723578 + 0.0 + -0.0 = 0.24999982542723578
dt=0.09999561309814453
raw_control = -0.004646444900293733 + 0.0 + -0.0 = -0.004646444900293733
Velocities: 0.2 -0.004646444900293733
Rel pose: (0.000597045, 8.93177e-08, 0)

Landmark 682 range: 0.8758924495685396 bearing: 0.3069301752348222
Raw z: 0.96332794795325,x: -0.26463663223911293 y: -0.10749314064576213
Estimated landmark positions:
682: [0.83377415 0.27053483]
Odometry measurement
[0.0005970308871878404, 4.049036481216454e-06, 0.006632251157578456]
Covariance:
[[3.99918175e-04 6.61158377e-09 2.55335953e-06]
 [6.61158377e-09 3.99903595e-04 3.28634894e-06]
 [2.55335953e-06 3.28634894e-06 2.82996314e-02]]
Estimated pose: 
(0.000597362, 4.49233e-06, 0.00665867)

Current pose: (0.0005973617520339942, 4.49233255823488e-06, 0.00665867153428772)
Goal pose: (0.5, 0, 0)
Dist: 0.49940263826817116
Moving to goal, dist: 0.49940263826817116, theta_diff: -0.006667666946434281
dt=0.10001564025878906
raw_control = 0.24970131913408558 + 0.0 + -0.0 = 0.24970131913408558
dt=0.10001564025878906
raw_control = -0.004667366862503996 + 0.0 + -0.0 = -0.004667366862503996
Velocities: 0.2 -0.004667366862503996
Rel pose: (0.00742041, 1.32488e-06, 0.000523599)

Landmark 682 range: 0.8761598848287638 bearing: 0.3071498794489236
Raw z: 0.9634320874252771,x: -0.26490092687992295 y: -0.10573551978067025
Estimated landmark positions:
682: [0.83562916 0.27067592]
Odometry measurement
[0.008017270384669432, 5.458755789635376e-05, 0.007155849933176751]
Covariance:
[[4.99796033e-04 4.70974478e-08 6.33105337e-06]
 [4.70974478e-08 5.01264940e-04 1.97675465e-04]
 [6.33105337e-06 1.97675465e-04 3.69074174e-02]]
Estimated pose: 
(0.00801303, 5.56755e-05, 0.00730158)

Current pose: (0.0080130331509336, 5.567552903442591e-05, 0.007301583331789088)
Goal pose: (0.5, 0, 0)
Dist: 0.491986969999317
Moving to goal, dist: 0.491986969999317, theta_diff: -0.007414747973432334
dt=0.10019898414611816
raw_control = 0.2459934849996585 + 0.0 + -0.0 = 0.2459934849996585
dt=0.10019850730895996
raw_control = -0.005190323581402634 + 0.0 + -0.0 = -0.005190323581402634
Velocities: 0.2 -0.005190323581402634
Rel pose: (0.00810275, 1.47374e-06, 0.000174533)

Landmark 682 range: 0.8713667257363613 bearing: 0.3076657515696812
Raw z: 0.9570004860650652,x: -0.2638801892308665 y: -0.0987452945299417
Estimated landmark positions:
682: [0.83739168 0.27065566]
Odometry measurement
[0.01611980057987125, 0.00011404281692934353, 0.007330382858376185]
Covariance:
[[5.99593452e-04 1.49108015e-07 1.22920578e-05]
 [1.49108015e-07 6.06320552e-04 4.66596482e-04]
 [1.22920578e-05 4.66596482e-04 4.49086150e-02]]
Estimated pose: 
(0.0161082, 0.000118997, 0.00773695)

Current pose: (0.016108230771599088, 0.00011899732034580747, 0.007736951629740976)
Goal pose: (0.5, 0, 0)
Dist: 0.48389178386014603
Moving to goal, dist: 0.48389178386014603, theta_diff: -0.007982868848247726
dt=0.1002492904663086
raw_control = 0.24194589193007301 + 0.0 + -0.0 = 0.24194589193007301
dt=0.10024881362915039
raw_control = -0.005588008193773408 + 0.0 + -0.0 = -0.005588008193773408
Velocities: 0.2 -0.005588008193773408
Rel pose: (0.0139879, 3.54293e-06, 0.000523599)

Landmark 682 range: 0.8655245176314423 bearing: 0.3094128079479586
Raw z: 0.9497754138176804,x: -0.2635516800159135 y: -0.0967152360268351
Estimated landmark positions:
682: [0.83983687 0.27076547]
Odometry measurement
[0.03010730070408494, 0.00022012141385683377, 0.00785398163397448]
Covariance:
[[6.99291524e-04 4.59588304e-07 2.13350800e-05]
 [4.59588304e-07 7.26657810e-04 1.03615691e-03]
 [2.13350800e-05 1.03615691e-03 5.22179966e-02]]
Estimated pose: 
(0.0300805, 0.00023791, 0.00872587)

Current pose: (0.030080461405051967, 0.0002379104476973528, 0.008725866352888915)
Goal pose: (0.5, 0, 0)
Dist: 0.4699195988194895
Moving to goal, dist: 0.4699195988194895, theta_diff: -0.009232145423730742
dt=0.09975719451904297
raw_control = 0.23495979940974476 + 0.0 + -0.0 = 0.23495979940974476
dt=0.09975051879882812
raw_control = -0.006462501796611519 + 0.0 + -0.0 = -0.006462501796611519
Velocities: 0.2 -0.006462501796611519
Rel pose: (0.0176555, 1.18941e-05, 0.00139626)

Estimated landmark positions:
682: [0.83983687 0.27076547]
Odometry measurement
[0.047762120023465124, 0.00037067939295771244, 0.009250245035569956]
Covariance:
[[7.99293450e-04 9.25000216e-07 2.34479798e-05]
 [9.25000216e-07 8.79520174e-04 1.95805869e-03]
 [2.34479798e-05 1.95805869e-03 6.18562822e-02]]
Estimated pose: 
(0.0477351, 0.000403861, 0.0101221)

Current pose: (0.047735142744801604, 0.00040386133480272877, 0.01012212975448439)
Goal pose: (0.5, 0, 0)
Dist: 0.45226503757425546
Moving to goal, dist: 0.45226503757425546, theta_diff: -0.011015104791074037
dt=0.10045456886291504
raw_control = 0.22613251878712773 + 0.0 + -0.0 = 0.22613251878712773
dt=0.10046267509460449
raw_control = -0.007710573353751826 + 0.0 + -0.0 = -0.007710573353751826
Velocities: 0.2 -0.007710573353751826
Rel pose: (0.0117277, 3.01447e-06, 0.000523599)

Landmark 682 range: 0.8399984697260316 bearing: 0.31441505513882506
Raw z: 0.9174480194546165,x: -0.2597781407790601 y: -0.07679206537264777
Estimated landmark positions:
682: [0.84200837 0.27067662]
Odometry measurement
[0.05948925192818573, 0.00048217593092996744, 0.00977384381116825]
Covariance:
[[8.98597259e-04 1.81949810e-06 4.49021462e-05]
 [1.81949810e-06 1.02666490e-03 2.49067871e-03]
 [4.49021462e-05 2.49067871e-03 6.63295229e-02]]
Estimated pose: 
(0.0594372, 0.000556309, 0.011668)

Current pose: (0.05943718364058304, 0.0005563093207069752, 0.011667959442881744)
Goal pose: (0.5, 0, 0)
Dist: 0.4405631675918922
Moving to goal, dist: 0.4405631675918922, theta_diff: -0.012930682951032502
dt=0.10004615783691406
raw_control = 0.2202815837959461 + 0.0 + -0.0 = 0.2202815837959461
dt=0.10005617141723633
raw_control = -0.00905147806572275 + 0.0 + -0.0 = -0.00905147806572275
Velocities: 0.2 -0.00905147806572275
Rel pose: (0.0119409, 3.141e-06, 0.000872665)

Estimated landmark positions:
682: [0.84200837 0.27067662]
Odometry measurement
[0.07142954234339594, 0.000602023335202223, 0.010646508437165416]
Covariance:
[[9.98601221e-04 2.51727644e-06 4.75584944e-05]
 [2.51727644e-06 1.19560010e-03 3.28267209e-03]
 [4.75584944e-05 3.28267209e-03 7.59678084e-02]]
Estimated pose: 
(0.0713772, 0.000698773, 0.0125406)

Current pose: (0.0713772256321611, 0.0006987727872061119, 0.012540624068878911)
Goal pose: (0.5, 0, 0)
Dist: 0.4286233439631951
Moving to goal, dist: 0.4286233439631951, theta_diff: -0.014170897143315209
dt=0.10008430480957031
raw_control = 0.21431167198159756 + 0.0 + -0.0 = 0.21431167198159756
dt=0.10007381439208984
raw_control = -0.009919628000320646 + 0.0 + -0.0 = -0.009919628000320646
Velocities: 0.2 -0.009919628000320646
Rel pose: (0.0207686, -5.35906e-07, 0.0010472)

Landmark 682 range: 0.8191021108730122 bearing: 0.31856643983083216
Raw z: 0.891229495729762,x: -0.2565472466765759 y: -0.06033694039025605
Estimated landmark positions:
682: [0.84496059 0.27068337]
Odometry measurement
[0.09219699321731292, 0.0008225965938426411, 0.011693705988362002]
Covariance:
[[1.09742074e-03 5.39346425e-06 8.66639456e-05]
 [5.39346425e-06 1.44241288e-03 4.43915887e-03]
 [8.66639456e-05 4.43915887e-03 7.75650866e-02]]
Estimated pose: 
(0.092092, 0.0010459, 0.0155677)

Current pose: (0.09209198852358369, 0.001045901080261445, 0.015567695258829199)
Goal pose: (0.5, 0, 0)
Dist: 0.4079093523513697
Moving to goal, dist: 0.4079093523513697, theta_diff: -0.01813175077817064
dt=0.09948992729187012
raw_control = 0.20395467617568486 + 0.0 + -0.0 = 0.20395467617568486
dt=0.09948205947875977
raw_control = -0.012692225544719448 + 0.0 + -0.0 = -0.012692225544719448
Velocities: 0.2 -0.012692225544719448
Rel pose: (0.0119835, -3.12612e-06, -0.000174533)

Estimated landmark positions:
682: [0.84496059 0.27068337]
Odometry measurement
[0.10417974804316538, 0.0009595994610650905, 0.011519173063162582]
Covariance:
[[1.19741904e-03 6.36806192e-06 8.59694134e-05]
 [6.36806192e-06 1.65994752e-03 5.36867809e-03]
 [8.59694134e-05 5.36867809e-03 8.72033722e-02]]
Estimated pose: 
(0.104074, 0.00122932, 0.0153932)

Current pose: (0.10407412268594374, 0.00122932386722813, 0.01539316233362978)
Goal pose: (0.5, 0, 0)
Dist: 0.3959277857944245
Moving to goal, dist: 0.3959277857944245, theta_diff: -0.01849808673288944
dt=0.10076260566711426
raw_control = 0.19796389289721225 + 0.0 + -0.0 = 0.19796389289721225
dt=0.10079002380371094
raw_control = -0.012948660713022607 + 0.0 + -0.0 = -0.012948660713022607
Velocities: 0.19796389289721225 -0.012948660713022607
Rel pose: (0.0120688, 4.20537e-06, 0.000349066)

Landmark 682 range: 0.805375087166805 bearing: 0.3257861267253332
Raw z: 0.873514594497339,x: -0.2577632448657435 y: -0.04358626506594869
Estimated landmark positions:
682: [0.84817873 0.27107449]
Odometry measurement
[0.11624772838260652, 0.0011028244163585677, 0.011868238913561452]
Covariance:
[[1.29566485e-03 9.94684321e-06 1.34507049e-04]
 [9.94684321e-06 1.86731965e-03 5.82293120e-03]
 [1.34507049e-04 5.82293120e-03 8.64513461e-02]]
Estimated pose: 
(0.116063, 0.0015119, 0.017825)

Current pose: (0.11606325664849247, 0.0015119036725713799, 0.01782500152128194)
Goal pose: (0.5, 0, 0)
Dist: 0.38393972020107076
Moving to goal, dist: 0.38393972020107076, theta_diff: -0.021762879007027003
dt=0.09955906867980957
raw_control = 0.19196986010053538 + 0.0 + -0.0 = 0.19196986010053538
dt=0.09953165054321289
raw_control = -0.015234015304918901 + 0.0 + -0.0 = -0.015234015304918901
Velocities: 0.19196986010053538 -0.015234015304918901
Rel pose: (0.0206833, 5.58235e-06, 0.000349066)

Landmark 682 range: 0.7847704199874 bearing: 0.3287622244561636
Raw z: 0.8485438458673182,x: -0.25338023211315247 y: -0.034436130133397164
Estimated landmark positions:
682: [0.85068941 0.2712705 ]
Odometry measurement
[0.13692953543956365, 0.0013538753159588503, 0.012217304763960312]
Covariance:
[[1.39383206e-03 1.56681248e-05 1.80140542e-04]
 [1.56681248e-05 2.20411568e-03 7.00403248e-03]
 [1.80140542e-04 7.00403248e-03 8.69939848e-02]]
Estimated pose: 
(0.13667, 0.0020193, 0.0205488)

Current pose: (0.13667046949966402, 0.002019300809991923, 0.020548816284851248)
Goal pose: (0.5, 0, 0)
Dist: 0.36333514185852683
Moving to goal, dist: 0.36333514185852683, theta_diff: -0.026106525883506038
dt=0.10010194778442383
raw_control = 0.18166757092926342 + 0.0 + -0.0 = 0.18166757092926342
dt=0.10011076927185059
raw_control = -0.018274568118454224 + 0.0 + -0.0 = -0.018274568118454224
Velocities: 0.18166757092926342 -0.018274568118454224
Rel pose: (0.0112585, 1.01748e-05, 0.0015708)

Estimated landmark positions:
682: [0.85068941 0.2712705 ]
Odometry measurement
[0.14818712011454374, 0.0015015950296856518, 0.013788101090755194]
Covariance:
[[1.49388616e-03 1.91527749e-05 1.91795559e-04]
 [1.91527749e-05 2.47279533e-03 7.98316712e-03]
 [1.91795559e-04 7.98316712e-03 9.66322703e-02]]
Estimated pose: 
(0.147926, 0.00226081, 0.0221196)

Current pose: (0.14792643274723954, 0.0022608070158672516, 0.022119612611646116)
Goal pose: (0.5, 0, 0)
Dist: 0.3520808259568349
Moving to goal, dist: 0.3520808259568349, theta_diff: -0.028540929496930545
dt=0.09989428520202637
raw_control = 0.17604041297841744 + 0.0 + -0.0 = 0.17604041297841744
dt=0.09988617897033691
raw_control = -0.01997865064785138 + 0.0 + -0.0 = -0.01997865064785138
Velocities: 0.17604041297841744 -0.01997865064785138
Rel pose: (0.0109174, -4.62219e-06, -0.0010472)

Landmark 682 range: 0.7700147328228644 bearing: 0.3351343950730047
Raw z: 0.8301866153549422,x: -0.25325483563547035 y: -0.01932375786122108
Estimated landmark positions:
682: [0.85324967 0.27166007]
Odometry measurement
[0.15910353189513085, 0.0016474985296612388, 0.012740903539558618]
Covariance:
[[1.59131429e-03 2.39650717e-05 2.42128934e-04]
 [2.39650717e-05 2.70543953e-03 8.25858138e-03]
 [2.42128934e-04 8.25858138e-03 9.46407566e-02]]
Estimated pose: 
(0.158745, 0.00263287, 0.0236331)

Current pose: (0.15874497372251034, 0.0026328678769705635, 0.023633138720342766)
Goal pose: (0.5, 0, 0)
Dist: 0.3412651827434316
Moving to goal, dist: 0.3412651827434316, theta_diff: -0.031348235746150976
dt=0.09996318817138672
raw_control = 0.1706325913717158 + 0.0 + -0.0 = 0.1706325913717158
dt=0.09996294975280762
raw_control = -0.021943765022305682 + 0.0 + -0.0 = -0.021943765022305682
Velocities: 0.1706325913717158 -0.021943765022305682
Rel pose: (0.0179113, 1.10531e-05, 0.0010472)

Landmark 682 range: 0.7613420263409725 bearing: 0.3382267265665751
Raw z: 0.8195875006031755,x: -0.25262455744727885 y: -0.011804014723567065
Estimated landmark positions:
682: [0.85601503 0.27221559]
Odometry measurement
[0.17701327150981302, 0.0018867510996652707, 0.013788101090755194]
Covariance:
[[1.68875720e-03 3.37569594e-05 3.05765413e-04]
 [3.37569594e-05 3.07611677e-03 9.21088895e-03]
 [3.05765413e-04 9.21088895e-03 9.41168494e-02]]
Estimated pose: 
(0.176535, 0.00320273, 0.0271751)

Current pose: (0.17653471312282817, 0.0032027252216117403, 0.027175114078672374)
Goal pose: (0.5, 0, 0)
Dist: 0.32348114205217
Moving to goal, dist: 0.32348114205217, theta_diff: -0.03707608551915875
dt=0.1006932258605957
raw_control = 0.161740571026085 + 0.0 + -0.0 = 0.161740571026085
dt=0.10070109367370605
raw_control = -0.025953259863411127 + 0.0 + -0.0 = -0.025953259863411127
Velocities: 0.161740571026085 -0.025953259863411127
Rel pose: (0.0100645, 3.72157e-08, -0.000872665)

Landmark 682 range: 0.7515118983738039 bearing: 0.3426345818401395
Raw z: 0.8076060246130679,x: -0.25248522420172265 y: -0.004585542320483997
Landmark 683 range: 0.8930924895868615 bearing: -0.25618583268315825
Raw z: 0.9900140969155146,x: 0.2263031331600936 y: -0.13091529801148422
Initial estimate for 683: (1.0538725191462046, -0.21310078751475364)
Estimated landmark positions:
682: [0.85829356 0.27273499]
683: [ 1.05650116 -0.19814501]
Odometry measurement
[0.18707678067524616, 0.0020255537943575817, 0.01291543646475804]
Covariance:
[[1.78592881e-03 3.90958037e-05 3.47536887e-04]
 [3.90958037e-05 3.32320797e-03 9.50026805e-03]
 [3.47536887e-04 9.50026805e-03 9.44632939e-02]]
Estimated pose: 
(0.186488, 0.00357654, 0.0283512)

Current pose: (0.18648815940026484, 0.0035765371950019515, 0.02835124535404825)
Goal pose: (0.5, 0, 0)
Dist: 0.31353224047064276
Moving to goal, dist: 0.31353224047064276, theta_diff: -0.039758731743282816
dt=0.10057568550109863
raw_control = 0.15676612023532138 + 0.0 + -0.0 = 0.15676612023532138
dt=0.10057687759399414
raw_control = -0.02783111222029797 + 0.0 + -0.0 = -0.02783111222029797
Velocities: 0.15676612023532138 -0.02783111222029797
Rel pose: (0.00899831, 4.40634e-06, 0.00296706)

Landmark 682 range: 0.746214961111464 bearing: 0.34209827304093354
Raw z: 0.8013796452057779,x: -0.2503286387153299 y: 0.0033113096308374375
Estimated landmark positions:
682: [0.86043661 0.27327878]
683: [ 1.0567037  -0.19677498]
Odometry measurement
[0.1960742854138892, 0.0021461736611881875, 0.0158824961931484]
Covariance:
[[1.88327574e-03 5.06259654e-05 4.25546591e-04]
 [5.06259654e-05 3.55932749e-03 9.74860698e-03]
 [4.25546591e-04 9.74860698e-03 9.52484593e-02]]
Estimated pose: 
(0.19537, 0.00391407, 0.0331871)

Current pose: (0.19537044298665826, 0.003914072504385066, 0.03318710083321513)
Goal pose: (0.5, 0, 0)
Dist: 0.30465470121059085
Moving to goal, dist: 0.30465470121059085, theta_diff: -0.046035023983573176
dt=0.10019898414611816
raw_control = 0.15232735060529543 + 0.0 + -0.0 = 0.15232735060529543
dt=0.10019969940185547
raw_control = -0.032224516788501224 + 0.0 + -0.0 = -0.032224516788501224
Velocities: 0.15232735060529543 -0.032224516788501224
Rel pose: (0.0168452, -1.14252e-05, -0.000698132)

Landmark 682 range: 0.7392176313139182 bearing: 0.34628713215052337
Raw z: 0.7928727878531158,x: -0.25089614513116776 y: 0.008002038247735925
Estimated landmark positions:
682: [0.86284519 0.27392474]
683: [ 1.05687644 -0.19548837]
Odometry measurement
[0.21291752046163048, 0.0024022821189465943, 0.01518436449235067]
Covariance:
[[1.98012060e-03 6.09105760e-05 4.71501020e-04]
 [6.09105760e-05 3.96759407e-03 1.07226163e-02]
 [4.71501020e-04 1.07226163e-02 9.61083811e-02]]
Estimated pose: 
(0.212066, 0.0045573, 0.0347015)

Current pose: (0.21206550969600216, 0.004557300882681786, 0.0347014537102079)
Goal pose: (0.5, 0, 0)
Dist: 0.2879705535258047
Moving to goal, dist: 0.2879705535258047, theta_diff: -0.050527693847863375
dt=0.09902381896972656
raw_control = 0.14398527676290235 + 0.0 + -0.0 = 0.14398527676290235
dt=0.09901547431945801
raw_control = -0.03536938569350436 + 0.0 + -0.0 = -0.03536938569350436
Velocities: 0.14398527676290235 -0.03536938569350436
Rel pose: (0.00895567, 7.25706e-06, -0.000174533)

Landmark 683 range: 0.8776223216767313 bearing: -0.2668432336512709
Raw z: 0.9689098064388539,x: 0.23141822305344487 y: -0.11377829010754698
Landmark 682 range: 0.7336979592825346 bearing: 0.3486307548261622
Raw z: 0.7862675422765719,x: -0.25063948056310165 y: 0.012873669349283917
Estimated landmark positions:
682: [0.86510352 0.27455919]
683: [ 1.06616178 -0.19490647]
Odometry measurement
[0.22187204299497185, 0.0025455191992076877, 0.015009831567151247]
Covariance:
[[2.07657746e-03 6.88068808e-05 5.15872227e-04]
 [6.88068808e-05 4.22427058e-03 1.09892128e-02]
 [5.15872227e-04 1.09892128e-02 9.63184619e-02]]
Estimated pose: 
(0.220858, 0.00495464, 0.0364888)

Current pose: (0.22085757555893767, 0.004954637685999205, 0.036488751386308756)
Goal pose: (0.5, 0, 0)
Dist: 0.2791863921422993
Moving to goal, dist: 0.2791863921422993, theta_diff: -0.0542363849950247
dt=0.10147786140441895
raw_control = 0.13959319607114964 + 0.0 + -0.0 = 0.13959319607114964
dt=0.10149669647216797
raw_control = -0.03796546949651729 + 0.0 + -0.0 = -0.03796546949651729
Velocities: 0.13959319607114964 -0.03796546949651729
Rel pose: (0.013007, -5.61213e-06, 0.000349066)

Landmark 682 range: 0.7261767010775854 bearing: 0.3531718662297
Raw z: 0.7771994100917179,x: -0.2511668327950246 y: 0.018095235681651584
Landmark 683 range: 0.869630456794102 bearing: -0.2680580918297182
Raw z: 0.9587151826326445,x: 0.230329783932346 y: -0.10793598965542342
Estimated landmark positions:
682: [0.86733404 0.27521861]
683: [ 1.07103444 -0.19331941]
Odometry measurement
[0.23487770384951376, 0.0027351338809466557, 0.015358897417550116]
Covariance:
[[2.17288135e-03 8.05947473e-05 5.69103850e-04]
 [8.05947473e-05 4.58210345e-03 1.16475134e-02]
 [5.69103850e-04 1.16475134e-02 9.68403595e-02]]
Estimated pose: 
(0.233687, 0.00548635, 0.0385531)

Current pose: (0.23368669536814907, 0.00548634955539843, 0.03855307140449233)
Goal pose: (0.5, 0, 0)
Dist: 0.2663698110811003
Moving to goal, dist: 0.2663698110811003, theta_diff: -0.05915126725704223
dt=0.10077810287475586
raw_control = 0.13318490554055015 + 0.0 + -0.0 = 0.13318490554055015
dt=0.10078048706054688
raw_control = -0.04140588707992956 + 0.0 + -0.0 = -0.04140588707992956
Velocities: 0.13318490554055015 -0.04140588707992956
Rel pose: (0.00784687, -4.16071e-06, -0.00174533)

Landmark 683 range: 0.8619293912851836 bearing: -0.27013599739050786
Raw z: 0.9486503683781398,x: 0.23001663610253725 y: -0.10038264895872004
Landmark 682 range: 0.717439208697478 bearing: 0.35829607054508006
Raw z: 0.766813984886395,x: -0.25159087896718685 y: 0.026702080099349716
Estimated landmark positions:
682: [0.86922467 0.27579652]
683: [ 1.07340604 -0.19236372]
Odometry measurement
[0.24272371190803885, 0.0028514881860346912, 0.013613568165555775]
Covariance:
[[2.26851034e-03 8.47130753e-05 5.97235022e-04]
 [8.47130753e-05 4.83127014e-03 1.18525524e-02]
 [5.97235022e-04 1.18525524e-02 9.73625073e-02]]
Estimated pose: 
(0.241371, 0.00582785, 0.0383713)

Current pose: (0.24137149206786396, 0.005827849705108135, 0.03837125489239831)
Goal pose: (0.5, 0, 0)
Dist: 0.25869416102298926
Moving to goal, dist: 0.25869416102298926, theta_diff: -0.06090111309256763
dt=0.09891605377197266
raw_control = 0.12934708051149463 + 0.0 + -0.0 = 0.12934708051149463
dt=0.09889578819274902
raw_control = -0.042630779164797336 + 0.0 + -0.0 = -0.042630779164797336
Velocities: 0.12934708051149463 -0.042630779164797336
Rel pose: (0.0118982, 5.08366e-06, 0.000698132)

Landmark 683 range: 0.8579452623213686 bearing: -0.2726345441874902
Raw z: 0.9430299836415943,x: 0.2310185819804327 y: -0.0931046935747907
Landmark 682 range: 0.7104268627874809 bearing: 0.36143774829662695
Raw z: 0.7586111199098587,x: -0.2512207584584449 y: 0.03333200728306548
Estimated landmark positions:
682: [0.87110689 0.2763817 ]
683: [ 1.07639045 -0.19140598]
Odometry measurement
[0.254620784868231, 0.0030185439404472932, 0.0143116998663535]
Covariance:
[[2.36418142e-03 9.80400442e-05 6.55009115e-04]
 [9.80400442e-05 5.18566735e-03 1.24477034e-02]
 [6.55009115e-04 1.24477034e-02 9.77132682e-02]]
Estimated pose: 
(0.253083, 0.00633109, 0.0405702)

Current pose: (0.25308328214668596, 0.006331089563198661, 0.04057016917700942)
Goal pose: (0.5, 0, 0)
Dist: 0.2469978709432742
Moving to goal, dist: 0.2469978709432742, theta_diff: -0.0662051392540901
dt=0.09980201721191406
raw_control = 0.1234989354716371 + 0.0 + -0.0 = 0.1234989354716371
dt=0.09980154037475586
raw_control = -0.04634359747786307 + 0.0 + -0.0 = -0.04634359747786307
Velocities: 0.1234989354716371 -0.04634359747786307
Rel pose: (0.00980859, -7.80041e-06, -0.00122173)

Landmark 682 range: 0.7038397751811128 bearing: 0.3667016458582679
Raw z: 0.7507764992268389,x: -0.25235353388463716 y: 0.038735440844739406
Landmark 683 range: 0.8504524047727625 bearing: -0.27315735952369397
Raw z: 0.9337036146004072,x: 0.22942915896521165 y: -0.08870692841017853
Estimated landmark positions:
682: [0.87290525 0.27695269]
683: [ 1.07874021 -0.19044025]
Odometry measurement
[0.2644284779331358, 0.0031511170773186525, 0.013089969389957466]
Covariance:
[[0.00245904 0.00010489 0.0006876 ]
 [0.00010489 0.00549913 0.01285679]
 [0.0006876  0.01285679 0.09793981]]
Estimated pose: 
(0.262698, 0.00674863, 0.0406339)

Current pose: (0.26269773714604616, 0.006748632314440221, 0.04063388870186422)
Goal pose: (0.5, 0, 0)
Dist: 0.23739820554023255
Moving to goal, dist: 0.23739820554023255, theta_diff: -0.06906519711164005
dt=0.10192108154296875
raw_control = 0.11869910277011628 + 0.0 + -0.0 = 0.11869910277011628
dt=0.10193204879760742
raw_control = -0.04834563797814803 + 0.0 + -0.0 = -0.04834563797814803
Velocities: 0.11869910277011628 -0.04834563797814803
Rel pose: (0.00724983, -1.28022e-06, -0.000174533)

Landmark 682 range: 0.6970187174516771 bearing: 0.36830403218612046
Raw z: 0.7428160585317356,x: -0.25095023861331933 y: 0.04178713634585161
Landmark 683 range: 0.8449551313751017 bearing: -0.27496307312468016
Raw z: 0.9266744176217037,x: 0.22941494847322322 y: -0.08434854865552899
Estimated landmark positions:
682: [0.87452239 0.27746471]
683: [ 1.08065709 -0.18948197]
Odometry measurement
[0.2716777009211683, 0.003244734274987283, 0.01291543646475804]
Covariance:
[[0.00255368 0.00011371 0.00073396]
 [0.00011371 0.00575337 0.01304837]
 [0.00073396 0.01304837 0.0980947 ]]
Estimated pose: 
(0.269755, 0.00707555, 0.0418497)

Current pose: (0.26975504345514745, 0.007075547470126105, 0.04184969716924616)
Goal pose: (0.5, 0, 0)
Dist: 0.23035364851971207
Moving to goal, dist: 0.23035364851971207, theta_diff: -0.0725705500289262
dt=0.09849691390991211
raw_control = 0.11517682425985604 + 0.0 + -0.0 = 0.11517682425985604
dt=0.09848618507385254
raw_control = -0.05079938502024834 + 0.0 + -0.0 = -0.05079938502024834
Velocities: 0.11517682425985604 -0.05079938502024834
Rel pose: (0.0090836, -9.34113e-06, -0.00174533)

Landmark 683 range: 0.8402009393419372 bearing: -0.27444302605070436
Raw z: 0.9206901845107743,x: 0.22770356998648422 y: -0.07997615450870493
Landmark 682 range: 0.6953002512694945 bearing: 0.3745538632516899
Raw z: 0.7407301360441017,x: -0.25438071364429304 y: 0.04735389440663274
Estimated landmark positions:
682: [0.87625606 0.27803035]
683: [ 1.08258016 -0.18866151]
Odometry measurement
[0.2807606634111302, 0.0033527093096530234, 0.01117010721276371]
Covariance:
[[0.00264739 0.00011824 0.0007568 ]
 [0.00011824 0.00606151 0.01343008]
 [0.0007568  0.01343008 0.09814791]]
Estimated pose: 
(0.278613, 0.00745057, 0.0411287)

Current pose: (0.2786130447100795, 0.007450568966312411, 0.041128745304580154)
Goal pose: (0.5, 0, 0)
Dist: 0.22151229074356807
Moving to goal, dist: 0.22151229074356807, theta_diff: -0.07477010434303466
dt=0.10079550743103027
raw_control = 0.11075614537178403 + 0.0 + -0.0 = 0.11075614537178403
dt=0.10079503059387207
raw_control = -0.05233907304012426 + 0.0 + -0.0 = -0.05233907304012426
Velocities: 0.11075614537178403 -0.05233907304012426
Rel pose: (0.0104909, 7.56223e-06, 0.000174533)

Landmark 682 range: 0.6843950582150994 bearing: 0.37920211052296937
Raw z: 0.7281304082184813,x: -0.25334893810755 y: 0.054517706055026795
Landmark 683 range: 0.8321377574266375 bearing: -0.2772186206310659
Raw z: 0.9103219747755157,x: 0.22774072903905815 y: -0.07228384772069181
Estimated landmark positions:
682: [0.8777834  0.27852865]
683: [ 1.08430686 -0.18789496]
Odometry measurement
[0.29125084762063336, 0.0034774533651819603, 0.011344640137963144]
Covariance:
[[0.00274097 0.00013037 0.00080361]
 [0.00013037 0.00641579 0.01394528]
 [0.00080361 0.01394528 0.09810981]]
Estimated pose: 
(0.288881, 0.00789641, 0.0422283)

Current pose: (0.2888807135359672, 0.00789641482742307, 0.0422282772935091)
Goal pose: (0.5, 0, 0)
Dist: 0.2112669081617116
Moving to goal, dist: 0.2112669081617116, theta_diff: -0.07961347218198611
dt=0.09991765022277832
raw_control = 0.1056334540808558 + 0.0 + -0.0 = 0.1056334540808558
dt=0.09992361068725586
raw_control = -0.055729430527390274 + 0.0 + -0.0 = -0.055729430527390274
Velocities: 0.1056334540808558 -0.055729430527390274
Rel pose: (0.00661013, -8.34375e-06, -0.00296706)

Landmark 682 range: 0.6801955521726476 bearing: 0.38393963400934966
Raw z: 0.7232764859796036,x: -0.25478505176174854 y: 0.05923738453053012
Landmark 683 range: 0.8280150294495923 bearing: -0.27542682052295414
Raw z: 0.9052471370169014,x: 0.22518505886358292 y: -0.06836315830775555
Estimated landmark positions:
682: [0.87924827 0.27900648]
683: [ 1.08591784 -0.18712419]
Odometry measurement
[0.29786064516727123, 0.003544098067684904, 0.00837758040957279]
Covariance:
[[0.00283318 0.00012816 0.00080703]
 [0.00012816 0.00666917 0.01411158]
 [0.00080703 0.01411158 0.09807878]]
Estimated pose: 
(0.295259, 0.00817494, 0.0402161)

Current pose: (0.29525858711782993, 0.008174943709730109, 0.04021606306570233)
Goal pose: (0.5, 0, 0)
Dist: 0.20490455303297797
Moving to goal, dist: 0.20490455303297797, theta_diff: -0.08012300434824482
dt=0.10226011276245117
raw_control = 0.10245227651648899 + 0.0 + -0.0 = 0.10245227651648899
dt=0.10226154327392578
raw_control = -0.05608610304377137 + 0.0 + -0.0 = -0.05608610304377137
Velocities: 0.10245227651648899 -0.05608610304377137
Rel pose: (0.00810275, 3.97464e-06, 0.000349066)

Landmark 682 range: 0.6742192108206247 bearing: 0.3868046308170089
Raw z: 0.7164153566201469,x: -0.2543364230612625 y: 0.06299464334709341
Landmark 683 range: 0.8246325037149553 bearing: -0.2780237070012831
Raw z: 0.9007977554838699,x: 0.2263251594784444 y: -0.06462064702177167
Estimated landmark positions:
682: [0.88064072 0.27946244]
683: [ 1.08761896 -0.18646558]
Odometry measurement
[0.30596307458672367, 0.0036159531849998447, 0.00872664625997165]
Covariance:
[[0.00292561 0.00013999 0.00085711]
 [0.00013999 0.00696833 0.01443142]
 [0.00085711 0.01443142 0.09802009]]
Estimated pose: 
(0.303113, 0.00851193, 0.0415119)

Current pose: (0.30311323241929183, 0.008511927843447523, 0.04151192045184118)
Goal pose: (0.5, 0, 0)
Dist: 0.19707067809289097
Moving to goal, dist: 0.19707067809289097, theta_diff: -0.08471762082033774
dt=0.09995222091674805
raw_control = 0.09853533904644549 + 0.0 + -0.0 = 0.09853533904644549
dt=0.09995198249816895
raw_control = -0.059302334574236414 + 0.0 + -0.0 = -0.059302334574236414
Velocities: 0.09853533904644549 -0.059302334574236414
Rel pose: (0.00921154, -6.63184e-06, -0.00122173)

Landmark 683 range: 0.8201827034076423 bearing: -0.2776901583656611
Raw z: 0.8952313252296711,x: 0.2248408079081696 y: -0.060123730299149844
Landmark 682 range: 0.6720528095930439 bearing: 0.39212216173224124
Raw z: 0.7139865394986227,x: -0.2568252259208624 y: 0.06782148228382864
Estimated landmark positions:
682: [0.88213521 0.27995604]
683: [ 1.08939102 -0.18581481]
Odometry measurement
[0.31517432349873276, 0.003689706448745938, 0.007504915783575619]
Covariance:
[[0.00301691 0.00014617 0.0008827 ]
 [0.00014617 0.00730543 0.01485831]
 [0.0008827  0.01485831 0.09792838]]
Estimated pose: 
(0.312035, 0.00887937, 0.0410319)

Current pose: (0.3120349595852733, 0.008879372609035924, 0.041031881080121)
Goal pose: (0.5, 0, 0)
Dist: 0.18817465205505216
Moving to goal, dist: 0.18817465205505216, theta_diff: -0.08823627845286364
dt=0.09982419013977051
raw_control = 0.09408732602752608 + 0.0 + -0.0 = 0.09408732602752608
dt=0.0998225212097168
raw_control = -0.06176539491700454 + 0.0 + -0.0 = -0.06176539491700454
Velocities: 0.09408732602752608 -0.06176539491700454
Rel pose: (0.00507488, -2.67953e-07, -0.000174533)

Landmark 682 range: 0.6655529594543157 bearing: 0.39542355317296285
Raw z: 0.706549770465301,x: -0.2563703959281016 y: 0.07155533175939208
Landmark 683 range: 0.8162017159083035 bearing: -0.2796359487711829
Raw z: 0.8901212374399882,x: 0.22527637233778647 y: -0.05601971993989554
Estimated landmark positions:
682: [0.88344351 0.28039072]
683: [ 1.09092805 -0.18531097]
Odometry measurement
[0.3202490618246681, 0.0037275246870181076, 0.007330382858376185]
Covariance:
[[0.0031078  0.00015295 0.0009218 ]
 [0.00015295 0.00752445 0.01491392]
 [0.0009218  0.01491392 0.0978919 ]]
Estimated pose: 
(0.316836, 0.00907246, 0.0414915)

Current pose: (0.31683589699729753, 0.00907245633115239, 0.04149151835898237)
Goal pose: (0.5, 0, 0)
Dist: 0.18338865311863017
Moving to goal, dist: 0.18338865311863017, theta_diff: -0.09098291770371514
dt=0.10105729103088379
raw_control = 0.09169432655931509 + 0.0 + -0.0 = 0.09169432655931509
dt=0.10105609893798828
raw_control = -0.06368804239260059 + 0.0 + -0.0 = -0.06368804239260059
Velocities: 0.09169432655931509 -0.06368804239260059
Rel pose: (0.0059278, -2.84328e-06, -0.0010472)

Landmark 683 range: 0.8072271449135429 bearing: -0.28134206646976356
Raw z: 0.8791827102483516,x: 0.22412274175459593 y: -0.052948200493119234
Landmark 682 range: 0.660243052505081 bearing: 0.40137910277293265
Raw z: 0.7004000686020088,x: -0.2579491759221536 y: 0.0755780415819717
Estimated landmark positions:
682: [0.88464726 0.28079706]
683: [ 1.09197188 -0.18494165]
Odometry measurement
[0.3261767224231986, 0.0037681341318672595, 0.006283185307179586]
Covariance:
[[0.00319765 0.00015606 0.00094561]
 [0.00015606 0.00777251 0.01507406]
 [0.00094561 0.01507406 0.09786775]]
Estimated pose: 
(0.322504, 0.00927787, 0.0408401)

Current pose: (0.32250435536170513, 0.009277870462250561, 0.04084007898975585)
Goal pose: (0.5, 0, 0)
Dist: 0.17773796090278002
Moving to goal, dist: 0.17773796090278002, theta_diff: -0.09306352633611592
dt=0.09743499755859375
raw_control = 0.08886898045139001 + 0.0 + -0.0 = 0.08886898045139001
dt=0.09743237495422363
raw_control = -0.06514446843528114 + 0.0 + -0.0 = -0.06514446843528114
Velocities: 0.08886898045139001 -0.06514446843528114
Rel pose: (0.0101071, -2.93259e-06, -0.00296706)

Landmark 682 range: 0.6507352144062086 bearing: 0.407126083808863
Raw z: 0.6898266792319837,x: -0.25767289639976737 y: 0.08311635219863728
Landmark 683 range: 0.7975674171385385 bearing: -0.27944549294743093
Raw z: 0.8674229607825992,x: 0.21998719371061992 y: -0.04552253699940257
Estimated landmark positions:
682: [0.88576269 0.28116449]
683: [ 1.09292581 -0.18432277]
Odometry measurement
[0.33628365082308187, 0.0038287060187790797, 0.003316125578789228]
Covariance:
[[0.00328611 0.00015446 0.00094144]
 [0.00015446 0.00815325 0.01562476]
 [0.00094144 0.01562476 0.09778668]]
Estimated pose: 
(0.332342, 0.00967865, 0.0384864)

Current pose: (0.3323420046658983, 0.009678654340769649, 0.03848638536127849)
Goal pose: (0.5, 0, 0)
Dist: 0.16793713034733493
Moving to goal, dist: 0.16793713034733493, theta_diff: -0.09615094301171201
dt=0.10029745101928711
raw_control = 0.08396856517366746 + 0.0 + -0.0 = 0.08396856517366746
dt=0.1002955436706543
raw_control = -0.0673056601081984 + 0.0 + -0.0 = -0.0673056601081984
Velocities: 0.08396856517366746 -0.0673056601081984
Rel pose: (0.00516017, -2.00965e-07, -0.000349066)

Landmark 682 range: 0.6506686173262161 bearing: 0.4103853370181183
Raw z: 0.6895806293967781,x: -0.25959250771338277 y: 0.08339380896095143
Landmark 683 range: 0.8004728714370226 bearing: -0.28015409613467984
Raw z: 0.8708694661275875,x: 0.2213337428895087 y: -0.04633033509350422
Estimated landmark positions:
682: [0.88692594 0.28155293]
683: [ 1.09419901 -0.18388955]
Odometry measurement
[0.34144379444377204, 0.0038456167999015617, 0.002967059728390356]
Covariance:
[[0.00337458 0.00016028 0.00097679]
 [0.00016028 0.00838289 0.01571253]
 [0.00097679 0.01571253 0.09776587]]
Estimated pose: 
(0.337192, 0.00985094, 0.038599)

Current pose: (0.33719220592282195, 0.009850942183318855, 0.03859901452303739)
Goal pose: (0.5, 0, 0)
Dist: 0.1631055451975067
Moving to goal, dist: 0.1631055451975067, theta_diff: -0.0990319132907107
dt=0.1026153564453125
raw_control = 0.08155277259875335 + 0.0 + -0.0 = 0.08155277259875335
dt=0.10263395309448242
raw_control = -0.06932233930349749 + 0.0 + -0.0 = -0.06932233930349749
Velocities: 0.08155277259875335 -0.06932233930349749
Rel pose: (0.00490429, -4.64452e-06, -0.0015708)

Landmark 682 range: 0.6457290884040148 bearing: 0.41664238102036466
Raw z: 0.68412946669859,x: -0.2613216258662422 y: 0.08879703603734361
Landmark 683 range: 0.7956231881331759 bearing: -0.2805060477039811
Raw z: 0.8648715576810644,x: 0.2202618772995446 y: -0.04196792938742019
Estimated landmark positions:
682: [0.88798506 0.28191079]
683: [ 1.09527594 -0.18359491]
Odometry measurement
[0.3463480783645695, 0.0038555236085635793, 0.00139626340159546]
Covariance:
[[0.00346179 0.00015866 0.00098978]
 [0.00015866 0.00860743 0.01579949]
 [0.00098978 0.01579949 0.09778176]]
Estimated pose: 
(0.341798, 0.00999099, 0.0372192)

Current pose: (0.3417983509973542, 0.009990987215920445, 0.037219233877630306)
Goal pose: (0.5, 0, 0)
Dist: 0.1585168179490903
Moving to goal, dist: 0.1585168179490903, theta_diff: -0.10028897056611186
dt=0.09894490242004395
raw_control = 0.07925840897454516 + 0.0 + -0.0 = 0.07925840897454516
dt=0.0989227294921875
raw_control = -0.0702022793962783 + 0.0 + -0.0 = -0.0702022793962783
Velocities: 0.07925840897454516 -0.0702022793962783
Rel pose: (0.00878508, -2.99958e-06, -0.000698132)

Landmark 683 range: 0.7916680867772057 bearing: -0.28110112134012544
Raw z: 0.8599379305026482,x: 0.21961958853558103 y: -0.03755375570356352
Landmark 682 range: 0.6432162587231158 bearing: 0.42049419028814244
Raw z: 0.681589211666517,x: -0.2625683657360368 y: 0.09339670966046298
Estimated landmark positions:
682: [0.88912218 0.28229361]
683: [ 1.09646653 -0.18324559]
Odometry measurement
[0.3551331563459533, 0.003864790312355426, 0.0006981317007977301]
Covariance:
[[0.00354842 0.00016605 0.00101901]
 [0.00016605 0.0089572  0.01624738]
 [0.00101901 0.01624738 0.09775482]]
Estimated pose: 
(0.350232, 0.0102733, 0.036861)

Current pose: (0.35023158864557224, 0.010273268216926704, 0.03686098395411338)
Goal pose: (0.5, 0, 0)
Dist: 0.1501203419909707
Moving to goal, dist: 0.1501203419909707, theta_diff: -0.10534806285818732
dt=0.10144424438476562
raw_control = 0.07506017099548536 + 0.0 + -0.0 = 0.07506017099548536
dt=0.1014552116394043
raw_control = -0.07374364400073112 + 0.0 + -0.0 = -0.07374364400073112
Velocities: 0.07506017099548536 -0.07374364400073112
Rel pose: (0.00524546, -8.18745e-08, -0.00174533)

Landmark 683 range: 0.7842706956665942 bearing: -0.28042152256154523
Raw z: 0.8510353313732771,x: 0.21705533068215307 y: -0.033638818547831205
Landmark 682 range: 0.6380234683116475 bearing: 0.4241285245183514
Raw z: 0.6759195694223389,x: -0.26256367798740016 y: 0.09744975731624739
Estimated landmark positions:
682: [0.89017239 0.28264482]
683: [ 1.09741238 -0.18281697]
Odometry measurement
[0.3603786181864511, 0.0038683704616517267, -0.001047197551196588]
Covariance:
[[0.00363382 0.00016451 0.00103161]
 [0.00016451 0.00919669 0.01636891]
 [0.00103161 0.01636891 0.09777423]]
Estimated pose: 
(0.355137, 0.0104324, 0.0355525)

Current pose: (0.35513729282042694, 0.010432389658512366, 0.03555253114284618)
Goal pose: (0.5, 0, 0)
Dist: 0.14523786932264518
Moving to goal, dist: 0.14523786932264518, theta_diff: -0.10744412243949686
dt=0.10048627853393555
raw_control = 0.07261893466132259 + 0.0 + -0.0 = 0.07261893466132259
dt=0.10048604011535645
raw_control = -0.07521088570764779 + 0.0 + -0.0 = -0.07521088570764779
Velocities: 0.07261893466132259 -0.07521088570764779
Rel pose: (0.00473371, -3.02191e-06, -0.000523599)

Landmark 683 range: 0.7853867406925316 bearing: -0.2810446507477152
Raw z: 0.8522557459081723,x: 0.21783444611522493 y: -0.03189606364341948
Landmark 682 range: 0.6352840424958835 bearing: 0.4285547859630765
Raw z: 0.672878164545136,x: -0.26399655136624894 y: 0.10017705491540936
Estimated landmark positions:
682: [0.89118369 0.28298612]
683: [ 1.0985005  -0.18253335]
Odometry measurement
[0.3651123220479887, 0.003860391421100167, -0.0015707963267948962]
Covariance:
[[0.00371867 0.00016813 0.00106149]
 [0.00016813 0.00942016 0.01645586]
 [0.00106149 0.01645586 0.09782652]]
Estimated pose: 
