Robot Name: locobot
Robot Model: locobot_px100
Initialized InterbotixRobotXSCore!

Turret Group Name: camera
Pan Name: pan, Profile Type: time, Profile Velocity: 2.0, Profile Acceleration: 0.3
Tilt Name: tilt, Profile Type: time, Profile Velocity: 2.0, Profile Acceleration: 0.3
Initialized InterbotixTurretXSInterface!

Initialized InterbotixKobukiInterface!

Arm Group Name: arm
Moving Time: 2.00 seconds
Acceleration Time: 0.30 seconds
Drive Mode: Time-Based-Profile
Initialized InterbotixArmXSInterface!

Gripper Name: gripper
Gripper Pressure: 50%
Initialized InterbotixGripperXSInterface!

Reset odom:[0.0, 0.0, 0.0]
Estimated landmark positions:
Searching for block.
Starting travel to block.
Block estimated at 1.0461222861683734, 0.07012065253781628
Starting move to goal: (0.6969059045431629, 0.04671298702851501, None)
Rel pose: (0, 0, 0)

Landmark 682 range: 1.0950402943345212 bearing: 0.2735541660971586
Raw z: 1.2620510160934473,x: -0.2958307712878218 y: -0.32216543745805576
Initial estimate for 682: (1.0543231956926147, 0.2958307712878218)
Estimated landmark positions:
682: [1.0543232  0.29583077]
Odometry measurement
[0.0, 0.0, 0.0]
Covariance:
[[ 2.00000000e-04 -1.92053819e-41  2.16233377e-22]
 [-1.92053819e-41  2.00000000e-04 -8.64933507e-22]
 [ 2.16233377e-22 -8.64933507e-22  9.73828555e-03]]
Estimated pose: 
(-2.46519e-36, 4.93038e-36, 4.80135e-34)

Current pose: (-2.465190328815662e-36, 4.930380657631324e-36, 4.801345470404824e-34)
Goal pose: (0.6969059045431629, 0.04671298702851501, None)
Dist: 0.6984697151231758
Moving to goal, dist: 0.6984697151231758, theta_diff: 0.06692900110037205
error=0.6984697151231758, dt=0
raw_control = 0.20954091453695273 + 0.0 + 0 = 0.20954091453695273
error=0.06692900110037205, dt=0
raw_control = 0.04685030077026043 + 0.0 + 0 = 0.04685030077026043
Velocities: 0.2 0.04685030077026043
Rel pose: (0, 0, 0)

Landmark 682 range: 1.0947564632554276 bearing: 0.27361984083997204
Raw z: 1.261715434422,x: -0.29582331668046147 y: -0.3221512374429583
Estimated landmark positions:
682: [1.05417706 0.2958264 ]
Odometry measurement
[0.0, 0.0, 0.0]
Covariance:
[[ 2.99980269e-04 -9.44531315e-10  4.66575137e-07]
 [-9.44531315e-10  2.99983370e-04 -1.66220783e-06]
 [ 4.66575137e-07 -1.66220783e-06  1.91943216e-02]]
Estimated pose: 
(5.78232e-08, 4.00395e-09, -1.24184e-06)

Current pose: (5.7823229330097115e-08, 4.003951204503054e-09, -1.241838337920032e-06)
Goal pose: (0.6969059045431629, 0.04671298702851501, None)
Dist: 0.698469657161627
Moving to goal, dist: 0.698469657161627, theta_diff: 0.06693024275570358
error=0.698469657161627, dt=0.10005331039428711
raw_control = 0.2095408971484881 + 0.00034942100704491786 + -5.793066571648565e-08 = 0.2098902602248673
error=0.06693024275570358, dt=0.10006403923034668
raw_control = 0.046851169928992506 + 0.000133946208736067 + 2.48172138780007e-06 = 0.046987597859116374
Velocities: 0.2 0.046987597859116374
Rel pose: (0.000682337, 0, 0.000174533)

Landmark 682 range: 1.0965171150196158 bearing: 0.27352748570394214
Raw z: 1.2638168157943297,x: -0.29620157419663 y: -0.32242327703668455
Estimated landmark positions:
682: [1.05491206 0.29601329]
Odometry measurement
[0.0006823367066681386, 0.0, 0.00017453292519920005]
Covariance:
[[ 3.99921184e-04 -3.47750175e-09  1.83595826e-06]
 [-3.47750175e-09  3.99939107e-04  6.43952562e-06]
 [ 1.83595826e-06  6.43952562e-06  2.82995018e-02]]
Estimated pose: 
(0.000681513, -2.24038e-07, 0.000175294)

Current pose: (0.0006815133404605776, -2.2403830261242596e-07, 0.0001752937179274417)
Goal pose: (0.6969059045431629, 0.04671298702851501, None)
Dist: 0.6977897441161961
Moving to goal, dist: 0.6977897441161961, theta_diff: 0.06681934677886203
error=0.6977897441161961, dt=0.1003720760345459
raw_control = 0.20933692323485883 + 0.0006996140333077037 + -0.0006773926297956634 = 0.20935914463837088
error=0.06681934677886203, dt=0.10037827491760254
raw_control = 0.04677354274520342 + 0.00026809042395173165 + -0.00022095613205662872 = 0.046820677037098524
Velocities: 0.2 0.046820677037098524
Rel pose: (0.00780423, 2.63487e-06, 0.000872665)

Landmark 682 range: 1.0922499955236165 bearing: 0.272924582627468
Raw z: 1.257631550455405,x: -0.29441480621612953 y: -0.31718032905857907
Estimated landmark positions:
682: [1.05617223 0.29592745]
Odometry measurement
[0.008486561541425608, 3.996965269237218e-06, 0.0010471975511963105]
Covariance:
[[4.99803282e-04 1.51999406e-08 4.60108334e-06]
 [1.51999406e-08 5.01576919e-04 2.13740990e-04]
 [4.60108334e-06 2.13740990e-04 3.69074476e-02]]
Estimated pose: 
(0.00848275, 4.2107e-06, 0.00114009)

Current pose: (0.008482751227555468, 4.2106993780303046e-06, 0.001140087916164118)
Goal pose: (0.6969059045431629, 0.04671298702851501, None)
Dist: 0.6900059041828336
Moving to goal, dist: 0.6900059041828336, theta_diff: 0.06660501791944295
error=0.6900059041828336, dt=0.10027170181274414
raw_control = 0.20700177125485006 + 0.0010455543646739737 + -0.007762748405226745 = 0.20028457721429727
error=0.06660501791944295, dt=0.10027527809143066
raw_control = 0.046623512543610066 + 0.00040166715783486896 + -0.0004274809574173466 = 0.04659769874402759
Velocities: 0.2 0.04659769874402759
Rel pose: (0.00835862, 6.18525e-06, 0.00191986)

Landmark 682 range: 1.0923058725534487 bearing: 0.2705610598844283
Raw z: 1.2572730063105402,x: -0.29194291483814977 y: -0.314689063051885
Estimated landmark positions:
682: [1.05860871 0.29587982]
Odometry measurement
[0.01684517176476732, 1.8935335042557938e-05, 0.0029670597283903977]
Covariance:
[[5.99607577e-04 8.26900505e-08 9.59008343e-06]
 [8.26900505e-08 6.07267653e-04 4.95162351e-04]
 [9.59008343e-06 4.95162351e-04 4.49087761e-02]]
Estimated pose: 
(0.0168317, 2.16726e-05, 0.00332177)

Current pose: (0.016831697628183366, 2.1672592034111346e-05, 0.003321768661373874)
Goal pose: (0.6969059045431629, 0.04671298702851501, None)
Dist: 0.6816751467926968
Moving to goal, dist: 0.6816751467926968, theta_diff: 0.06522686646902205
error=0.6816751467926968, dt=0.09954595565795898
raw_control = 0.20450254403780904 + 0.001384844384352766 + -0.008368755249847972 = 0.19751863317231383
error=0.06522686646902205, dt=0.09953165054321289
raw_control = 0.045658806528315436 + 0.0005315099114233392 + -0.0027692727748397216 = 0.04342104366489905
Velocities: 0.19751863317231383 0.04342104366489905
Rel pose: (0.0113012, 1.51096e-06, 0.00122173)

Landmark 682 range: 1.0813909401778308 bearing: 0.2697614052487819
Raw z: 1.24339909433881,x: -0.28819228430910754 y: -0.30919070531378645
Estimated landmark positions:
682: [1.06030999 0.29555415]
Odometry measurement
[0.028146319018366336, 5.397757615140533e-05, 0.0041887902047865735]
Covariance:
[[6.99315251e-04 2.70004446e-07 1.67718888e-05]
 [2.70004446e-07 7.23114669e-04 9.53141987e-04]
 [1.67718888e-05 9.53141987e-04 5.22256171e-02]]
Estimated pose: 
(0.0281227, 6.75612e-05, 0.00498622)

Current pose: (0.02812271794436374, 6.756120834911697e-05, 0.0049862199636715445)
Goal pose: (0.6969059045431629, 0.04671298702851501, None)
Dist: 0.6704078955585091
Moving to goal, dist: 0.6704078955585091, theta_diff: 0.06464772058931344
error=0.6704078955585091, dt=0.10686755180358887
raw_control = 0.20112236866755273 + 0.001743068636893436 + -0.010543192057862152 = 0.19232224524658403
error=0.06464772058931344, dt=0.10697412490844727
raw_control = 0.045253404412519405 + 0.0006698225781706915 + -0.0010827775038202386 = 0.04484044948686986
Velocities: 0.19232224524658403 0.04484044948686986
Rel pose: (0.0202142, 2.56937e-05, 0.00279253)

Estimated landmark positions:
682: [1.06030999 0.29555415]
Odometry measurement
[0.04836023733278685, 0.00016434386155879589, 0.006981317007977329]
Covariance:
[[7.99318190e-04 7.91073277e-07 2.10396949e-05]
 [7.91073277e-07 8.82985034e-04 2.00879031e-03]
 [2.10396949e-05 2.00879031e-03 6.18639027e-02]]
Estimated pose: 
(0.0483365, 0.000194047, 0.00777875)

Current pose: (0.04833654182247669, 0.0001940466369655235, 0.0077787467668623)
Goal pose: (0.6969059045431629, 0.04671298702851501, None)
Dist: 0.6502355189276187
Moving to goal, dist: 0.6502355189276187, theta_diff: 0.06382410021652872
error=0.6502355189276187, dt=0.09338712692260742
raw_control = 0.1950706556782856 + 0.002046686771571841 + -0.021600810835103502 = 0.17551653161475395
error=0.06382410021652872, dt=0.09338903427124023
raw_control = 0.044676870151570104 + 0.0007890319998197409 + -0.0017638481417263274 = 0.04370205400966352
Velocities: 0.17551653161475395 0.04370205400966352
Rel pose: (0.0107042, 6.32667e-06, 0.0015708)

Landmark 682 range: 1.0687252180108995 bearing: 0.2682393460194876
Raw z: 1.2245877480883132,x: -0.2832486873055732 y: -0.2914071370564832
Estimated landmark positions:
682: [1.06400478 0.29552199]
Odometry measurement
[0.059064086358021066, 0.0002453988599854744, 0.008552113334772128]
Covariance:
[[8.98647559e-04 1.54050040e-06 3.90349421e-05]
 [1.54050040e-06 1.02670954e-03 2.49129822e-03]
 [3.90349421e-05 2.49129822e-03 6.63520862e-02]]
Estimated pose: 
(0.0590003, 0.000311694, 0.0104773)

Current pose: (0.059000300063215085, 0.0003116937206293605, 0.010477296912038013)
Goal pose: (0.6969059045431629, 0.04671298702851501, None)
Dist: 0.6395909945016206
Moving to goal, dist: 0.6395909945016206, theta_diff: 0.06213487892660308
error=0.6395909945016206, dt=0.10022115707397461
raw_control = 0.19187729835048617 + 0.0023671895191870736 + -0.010621035255201843 = 0.1836234526144714
error=0.06213487892660308, dt=0.1001119613647461
raw_control = 0.04349441524862215 + 0.0009134408917898062 + -0.0033746642596905393 = 0.041033191880721416
Velocities: 0.1836234526144714 0.041033191880721416
Rel pose: (0.0103203, 3.60992e-06, 0.00122173)

Landmark 682 range: 1.0605075076483803 bearing: 0.26721818232563577
Raw z: 1.2134347173947184,x: -0.2800263426492832 y: -0.2840408118561527
Estimated landmark positions:
682: [1.0669963  0.29549236]
Odometry measurement
[0.06938401974827862, 0.0003372683058232719, 0.009773843811168081]
Covariance:
[[9.97858250e-04 2.53145269e-06 5.75339339e-05]
 [2.53145269e-06 1.17785136e-03 2.98073159e-03]
 [5.75339339e-05 2.98073159e-03 7.07019001e-02]]
Estimated pose: 
(0.069279, 0.000455972, 0.012896)

Current pose: (0.06927902463873814, 0.000455971929648126, 0.012895963173357295)
Goal pose: (0.6969059045431629, 0.04671298702851501, None)
Dist: 0.629329176047337
Moving to goal, dist: 0.629329176047337, theta_diff: 0.06067247999770044
error=0.629329176047337, dt=0.10019326210021973
raw_control = 0.18879875281420108 + 0.0026824622346022045 + -0.010242024502624854 = 0.18123919054617843
error=0.06067247999770044, dt=0.10019469261169434
raw_control = 0.042470735998390304 + 0.0010350221014569815 + -0.0029191145574350586 = 0.040586643542412225
Velocities: 0.18123919054617843 0.040586643542412225
Rel pose: (0.0187216, 4.05874e-05, 0.00366519)

Landmark 682 range: 1.0553537599483482 bearing: 0.26548554321826323
Raw z: 1.2059996496637815,x: -0.27690143087088176 y: -0.27708751148509236
Estimated landmark positions:
682: [1.07070979 0.29579085]
Odometry measurement
[0.0881042862839277, 0.0005608324146283246, 0.01343903524035617]
Covariance:
[[1.09695065e-03 5.15718596e-06 8.66604271e-05]
 [5.15718596e-06 1.40237151e-03 4.04816783e-03]
 [8.66604271e-05 4.04816783e-03 7.46986305e-02]]
Estimated pose: 
(0.0879353, 0.000780274, 0.017908)

Current pose: (0.08793526706092473, 0.0007802735701211702, 0.01790799363084444)
Goal pose: (0.6969059045431629, 0.04671298702851501, None)
Dist: 0.61070045970277
Moving to goal, dist: 0.61070045970277, theta_diff: 0.05737626461982949
error=0.61070045970277, dt=0.10001993179321289
raw_control = 0.183210137910831 + 0.0029878733262299786 + -0.01862500404727438 = 0.1675730071897866
error=0.05737626461982949, dt=0.10003066062927246
raw_control = 0.04016338523388064 + 0.0011498098145442115 + -0.006590410094535277 = 0.03472278495388957
Velocities: 0.1675730071897866 0.03472278495388957
Rel pose: (0.0104056, 2.10343e-05, 0.00471239)

Landmark 682 range: 1.0445940717299171 bearing: 0.2605672026390966
Raw z: 1.1920088591492084,x: -0.26911735992840674 y: -0.26866400191551393
Estimated landmark positions:
682: [1.07362119 0.29595884]
Odometry measurement
[0.09850866541605642, 0.0007217018224303431, 0.01815142422074101]
Covariance:
[[1.19592381e-03 8.45680584e-06 1.24859630e-04]
 [8.45680584e-06 1.58191882e-03 4.55210559e-03]
 [1.24859630e-04 4.55210559e-03 7.83534748e-02]]
Estimated pose: 
(0.0982781, 0.00103825, 0.0241287)

Current pose: (0.09827810426921119, 0.0010382549204461112, 0.02412866073982318)
Goal pose: (0.6969059045431629, 0.04671298702851501, None)
Dist: 0.6003677409837859
Moving to goal, dist: 0.6003677409837859, theta_diff: 0.05202284423649377
error=0.6003677409837859, dt=0.09971308708190918
raw_control = 0.18011032229513577 + 0.0032871959304194053 + -0.010362449926453802 = 0.17303506829910137
error=0.05202284423649377, dt=0.09969806671142578
raw_control = 0.03641599096554563 + 0.001253541354448373 + -0.010739266186236288 = 0.026930266133757715
Velocities: 0.17303506829910137 0.026930266133757715
Rel pose: (0.0101071, 1.10903e-05, 0.00261799)

Landmark 682 range: 1.0369618392182811 bearing: 0.2574982295340895
Raw z: 1.1817219267429615,x: -0.26407484225803884 y: -0.26117634217171104
Estimated landmark positions:
682: [1.07619342 0.29611432]
Odometry measurement
[0.10861390279137208, 0.0009162385192069454, 0.020769418098732347]
Covariance:
[[1.29471161e-03 1.16815609e-05 1.56705611e-04]
 [1.16815609e-05 1.76814324e-03 5.05188478e-03]
 [1.56705611e-04 5.05188478e-03 8.16317073e-02]]
Estimated pose: 
(0.108317, 0.00135089, 0.0284309)

Current pose: (0.10831726105476566, 0.001350894232349728, 0.028430917481882336)
Goal pose: (0.6969059045431629, 0.04671298702851501, None)
Dist: 0.5903340670386213
Moving to goal, dist: 0.5903340670386213, theta_diff: 0.048486298037961686
error=0.5903340670386213, dt=0.10076022148132324
raw_control = 0.1771002201115864 + 0.0035846068871333145 + -0.009957971308175766 = 0.17072685569054394
error=0.048486298037961686, dt=0.10077142715454102
raw_control = 0.03394040862657318 + 0.0013512620234628894 + -0.007018946339042129 = 0.02827272431099394
Velocities: 0.17072685569054394 0.02827272431099394
Rel pose: (0.0179113, 2.34905e-05, 0.00191986)

Landmark 682 range: 1.0317499627433862 bearing: 0.2581673443042386
Raw z: 1.1737059996177885,x: -0.26341511424400943 y: -0.252420418467847
Estimated landmark positions:
682: [1.0792823 0.2965468]
Odometry measurement
[0.12652087186998645, 0.0013117049375732704, 0.022689280275926208]
Covariance:
[[1.39330666e-03 1.66941698e-05 1.88285452e-04]
 [1.66941698e-05 2.05575730e-03 6.15477825e-03]
 [1.88285452e-04 6.15477825e-03 8.44648417e-02]]
Estimated pose: 
(0.126129, 0.00194371, 0.0320407)

Current pose: (0.12612878721056797, 0.0019437051663578194, 0.03204069086581577)
Goal pose: (0.6969059045431629, 0.04671298702851501, None)
Dist: 0.5725301793521108
Moving to goal, dist: 0.5725301793521108, theta_diff: 0.04623471428982679
error=0.5725301793521108, dt=0.09917497634887695
raw_control = 0.17175905380563325 + 0.003868510222114634 + -0.01795199589852198 = 0.1576755681292259
error=0.04623471428982679, dt=0.09916329383850098
raw_control = 0.03236430000287875 + 0.0014429577546361142 + -0.004541163692690288 = 0.029266094064824576
Velocities: 0.1576755681292259 0.029266094064824576
Rel pose: (0.009638, 1.01376e-05, 0.00226893)

Estimated landmark positions:
682: [1.0792823 0.2965468]
Odometry measurement
[0.13615615918820384, 0.0015405003555250718, 0.024958208303518914]
Covariance:
[[1.49339058e-03 2.02280695e-05 2.03240509e-04]
 [2.02280695e-05 2.28215508e-03 6.96840703e-03]
 [2.03240509e-04 6.96840703e-03 9.41031273e-02]]
Estimated pose: 
(0.135762, 0.00226259, 0.0343096)

Current pose: (0.13576151370733724, 0.002262592803590039, 0.03430961889340849)
Goal pose: (0.6969059045431629, 0.04671298702851501, None)
Dist: 0.5629021805902523
Moving to goal, dist: 0.5629021805902523, theta_diff: 0.04473914382923166
error=0.5629021805902523, dt=0.11277174949645996
raw_control = 0.1688706541770757 + 0.004185907540617309 + -0.008537598117302175 = 0.16451896360039084
error=0.04473914382923166, dt=0.11288595199584961
raw_control = 0.03131740068046216 + 0.0015439661714889553 + -0.002649701639846417 = 0.0302116652121047
Velocities: 0.16451896360039084 0.0302116652121047
Rel pose: (0.00997917, 1.30999e-06, 0.000523599)

Landmark 682 range: 1.021084293352264 bearing: 0.2570908941929409
Raw z: 1.1586786179774946,x: -0.25962920133568174 y: -0.2396265326074256
Estimated landmark positions:
682: [1.08249644 0.29707918]
Odometry measurement
[0.14613219280407905, 0.00179084639234894, 0.025481807079117416]
Covariance:
[[1.59124382e-03 2.46757589e-05 2.40709957e-04]
 [2.46757589e-05 2.50082188e-03 7.36684366e-03]
 [2.40709957e-04 7.36684366e-03 9.35737844e-02]]
Estimated pose: 
(0.145606, 0.00268402, 0.0370827)

Current pose: (0.14560617697875675, 0.0026840229478883133, 0.03708272729557156)
Goal pose: (0.6969059045431629, 0.04671298702851501, None)
Dist: 0.5530550960714506
Moving to goal, dist: 0.5530550960714506, theta_diff: 0.04261205448094163
error=0.5530550960714506, dt=0.08816385269165039
raw_control = 0.16591652882143518 + 0.004429704880719358 + -0.011169072378496736 = 0.1591771613236578
error=0.04261205448094163, dt=0.08805561065673828
raw_control = 0.029828438136659138 + 0.0016190107810621056 + -0.004831240922470978 = 0.026616207995250264
Velocities: 0.1591771613236578 0.026616207995250264
Rel pose: (0.0145423, 1.22663e-05, 0.0020944)

Landmark 682 range: 1.0105865395018028 bearing: 0.25573604189893634
Raw z: 1.1444676466485704,x: -0.25563552639505577 y: -0.2294268264504197
Estimated landmark positions:
682: [1.08547774 0.29761856]
Odometry measurement
[0.16066945339944977, 0.0021736325340128487, 0.027576202181510245]
Covariance:
[[1.68899296e-03 3.26180899e-05 2.90105173e-04]
 [3.26180899e-05 2.80183447e-03 8.17838922e-03]
 [2.90105173e-04 8.17838922e-03 9.37120944e-02]]
Estimated pose: 
(0.160002, 0.00332011, 0.0414223)

Current pose: (0.16000181789191845, 0.003320105848404855, 0.04142230474692503)
Goal pose: (0.6969059045431629, 0.04671298702851501, None)
Dist: 0.5386547506519535
Moving to goal, dist: 0.5386547506519535, theta_diff: 0.03922295504125427
error=0.5386547506519535, dt=0.09939837455749512
raw_control = 0.16159642519558604 + 0.004697411914031743 + -0.014487505941224006 = 0.1518063311683938
error=0.03922295504125427, dt=0.09939861297607422
raw_control = 0.027456068528877987 + 0.0016969849276205775 + -0.006819208715725514 = 0.02233384474077305
Velocities: 0.1518063311683938 0.02233384474077305
Rel pose: (0.0139453, 6.37877e-06, 0.00122173)

Landmark 682 range: 1.0061402447964125 bearing: 0.25614941486766524
Raw z: 1.1380591115511431,x: -0.2549131653402805 y: -0.22343299001960507
Landmark 683 range: 0.7287591601483608 bearing: -0.294774255985275
Raw z: 0.7837669917452543,x: 0.21172191719176311 y: 0.015045624309186647
Initial estimate for 683: (0.8777425450822426, -0.1889908376538731)
Estimated landmark positions:
682: [1.0886083  0.29828579]
683: [ 0.87987101 -0.17634752]
Odometry measurement
[0.1746092294904222, 0.002564517283016276, 0.028797932657906426]
Covariance:
[[1.78649060e-03 4.06177253e-05 3.33294241e-04]
 [4.06177253e-05 3.11251894e-03 8.92736050e-03]
 [3.33294241e-04 8.92736050e-03 9.41979921e-02]]
Estimated pose: 
(0.173774, 0.00397671, 0.044737)

Current pose: (0.17377392895448962, 0.003976708478222888, 0.04473696578239676)
Goal pose: (0.6969059045431629, 0.04671298702851501, None)
Dist: 0.5248747025601791
Moving to goal, dist: 0.5248747025601791, theta_diff: 0.03677513595135436
error=0.5248747025601791, dt=0.10113096237182617
raw_control = 0.15746241076805373 + 0.004962817333004427 + -0.013625943794650673 = 0.1487992843064075
error=0.03677513595135436, dt=0.10113692283630371
raw_control = 0.025742595165948047 + 0.0017713714093607117 + -0.004840604244726441 = 0.02267336233058232
Velocities: 0.1487992843064075 0.02267336233058232
Rel pose: (0.01096, -4.77105e-06, 0.000349066)

Estimated landmark positions:
682: [1.0886083  0.29828579]
683: [ 0.87987101 -0.17634752]
Odometry measurement
[0.18556485422426097, 0.0028753308413581647, 0.029146998508305266]
Covariance:
[[1.88652491e-03 4.48532755e-05 3.37220251e-04]
 [4.48532755e-05 3.41949140e-03 9.95965638e-03]
 [3.37220251e-04 9.95965638e-03 1.03836278e-01]]
Estimated pose: 
(0.184723, 0.0044621, 0.045086)

Current pose: (0.18472320823330654, 0.004462097331433623, 0.04508603163279558)
Goal pose: (0.6969059045431629, 0.04671298702851501, None)
Dist: 0.5139224183468061
Moving to goal, dist: 0.5139224183468061, theta_diff: 0.03721944584446675
error=0.5139224183468061, dt=0.10005664825439453
raw_control = 0.15417672550404182 + 0.005219924106217298 + -0.010946083448175062 = 0.14845056616208407
error=0.03721944584446675, dt=0.10005784034729004
raw_control = 0.026053612091126725 + 0.0018458533567631168 + 0.0008881061025707559 = 0.0287875715504606
Velocities: 0.14845056616208407 0.0287875715504606
Rel pose: (0.00929683, 7.04865e-06, 0.00174533)

Landmark 682 range: 0.9916643635297485 bearing: 0.2562337745265784
Raw z: 1.1186965869298122,x: -0.25132651851157684 y: -0.21072911983741965
Landmark 683 range: 0.7109284629083902 bearing: -0.3046607906110179
Raw z: 0.762436736085485,x: 0.21325692956005032 y: 0.028160566201458237
Estimated landmark positions:
682: [1.09163319 0.29896521]
683: [ 0.88086937 -0.17480052]
Odometry measurement
[0.19485753398869438, 0.0031533129379966315, 0.030892327760299716]
Covariance:
[[1.98313475e-03 5.45989383e-05 3.98068564e-04]
 [5.45989383e-05 3.66519066e-03 1.01697386e-02]
 [3.98068564e-04 1.01697386e-02 1.00728912e-01]]
Estimated pose: 
(0.193814, 0.00497666, 0.0493586)

Current pose: (0.19381447877266103, 0.004976662067034463, 0.04935860314360027)
Goal pose: (0.6969059045431629, 0.04671298702851501, None)
Dist: 0.5048196742452564
Moving to goal, dist: 0.5048196742452564, theta_diff: 0.03341158286019261
error=0.5048196742452564, dt=0.0990140438079834
raw_control = 0.15144590227357693 + 0.005469845292921557 + -0.009193386868637021 = 0.14772236069786146
error=0.03341158286019261, dt=0.0989985466003418
raw_control = 0.023388108002134825 + 0.001912007319618636 + -0.00769276542946944 = 0.017607349892284022
Velocities: 0.14772236069786146 0.017607349892284022
Rel pose: (0.0113012, -1.19835e-06, 0.000698132)

Estimated landmark positions:
682: [1.09163319 0.29896521]
683: [ 0.88086937 -0.17480052]
Odometry measurement
[0.2061533801804957, 0.0035011800526956473, 0.03159045946109718]
Covariance:
[[2.08321918e-03 6.04548321e-05 4.06083694e-04]
 [6.04548321e-05 4.00783252e-03 1.13078156e-02]
 [4.06083694e-04 1.13078156e-02 1.10367197e-01]]
Estimated pose: 
(0.205102, 0.00553305, 0.0500567)

Current pose: (0.2051019756712223, 0.005533050430489134, 0.05005673484439774)
Goal pose: (0.6969059045431629, 0.04671298702851501, None)
Dist: 0.4935249655611094
Moving to goal, dist: 0.4935249655611094, theta_diff: 0.03348082528111472
error=0.4935249655611094, dt=0.10004925727844238
raw_control = 0.14805748966833282 + 0.005716729324185346 + -0.011289147957104 = 0.14248507103541416
error=0.03348082528111472, dt=0.10004997253417969
raw_control = 0.023436577696780304 + 0.00197900243261458 + 0.00013841567202521466 = 0.0255539958014201
Velocities: 0.14248507103541416 0.0255539958014201
Rel pose: (0.0133908, 1.51393e-05, 0.00174533)

Estimated landmark positions:
682: [1.09163319 0.29896521]
683: [ 0.88086937 -0.17480052]
Odometry measurement
[0.21953706709113238, 0.003939264467427009, 0.03333578871309185]
Covariance:
[[2.18344309e-03 6.96208638e-05 4.26727455e-04]
 [6.96208638e-05 4.43022926e-03 1.27850005e-02]
 [4.26727455e-04 1.27850005e-02 1.20005483e-01]]
Estimated pose: 
(0.218475, 0.00621819, 0.0518021)

Current pose: (0.2184752914457417, 0.00621819320119749, 0.0518020640963924)
Goal pose: (0.6969059045431629, 0.04671298702851501, None)
Dist: 0.48014131240280844
Moving to goal, dist: 0.48014131240280844, theta_diff: 0.03263756752829171
error=0.48014131240280844, dt=0.09993124008178711
raw_control = 0.14404239372084252 + 0.005956634907999894 + -0.013392862079313082 = 0.1366061665495293
error=0.03263756752829171, dt=0.09993577003479004
raw_control = 0.022846297269804194 + 0.0020442356414746257 + -0.0016875994501857625 = 0.023202933461093058
Velocities: 0.1366061665495293 0.023202933461093058
Rel pose: (0.00874244, 2.57533e-06, 0.000698132)

Landmark 683 range: 0.6858935459999835 bearing: -0.32076488242321466
Raw z: 0.7329871749738407,x: 0.21625710595166256 y: 0.0488490526989284
Landmark 682 range: 0.9732023221426291 bearing: 0.2568112838732965
Raw z: 1.0934663474736868,x: -0.24719115809750314 y: -0.19104600187844797
Estimated landmark positions:
682: [1.09505533 0.2997828 ]
683: [ 0.88366798 -0.17311993]
Odometry measurement
[0.22827456253194567, 0.00423322046900535, 0.03403392041388931]
Covariance:
[[2.27786772e-03 8.20914084e-05 4.95047140e-04]
 [8.20914084e-05 4.67170903e-03 1.25418197e-02]
 [4.95047140e-04 1.25418197e-02 1.09255854e-01]]
Estimated pose: 
(0.226903, 0.00681563, 0.0559)

Current pose: (0.22690325096767974, 0.006815634809767191, 0.05590000448321892)
Goal pose: (0.6969059045431629, 0.04671298702851501, None)
Dist: 0.4716930072431247
Moving to goal, dist: 0.4716930072431247, theta_diff: 0.02878448010953997
error=0.4716930072431247, dt=0.10154962539672852
raw_control = 0.1415079021729374 + 0.006196136148938872 + -0.00831938584379645 = 0.13938465247807982
error=0.02878448010953997, dt=0.10156369209289551
raw_control = 0.020149136076677978 + 0.0021027048029726137 + -0.00758752924268941 = 0.014664311636961181
Velocities: 0.13938465247807982 0.014664311636961181
Rel pose: (0.0108321, 1.16708e-05, 0.0020944)

Landmark 682 range: 0.9655632558874059 bearing: 0.2557732552409922
Raw z: 1.083796802521752,x: -0.24428130855335542 y: -0.18650685599230002
Estimated landmark positions:
682: [1.09820734 0.30059092]
683: [ 0.88376001 -0.17195854]
Odometry measurement
[0.23909997886794224, 0.004613471744556849, 0.0361283155162826]
Covariance:
[[2.37286241e-03 9.91823230e-05 5.82605534e-04]
 [9.91823230e-05 4.98223823e-03 1.27519674e-02]
 [5.82605534e-04 1.27519674e-02 1.05182613e-01]]
Estimated pose: 
(0.237427, 0.00752614, 0.060839)

Current pose: (0.23742667133719744, 0.00752614264216521, 0.06083901256550749)
Goal pose: (0.6969059045431629, 0.04671298702851501, None)
Dist: 0.4611472373553831
Moving to goal, dist: 0.4611472373553831, theta_diff: 0.024240452136738803
error=0.4611472373553831, dt=0.10048317909240723
raw_control = 0.13834417120661494 + 0.006427823851134621 + -0.010495059952316388 = 0.13427693510543318
error=0.024240452136738803, dt=0.10048294067382812
raw_control = 0.016968316495717162 + 0.0021514198412518675 + -0.009044376970517359 = 0.010075359366451672
Velocities: 0.13427693510543318 0.010075359366451672
Rel pose: (0.0124526, 1.11647e-05, 0.00139626)

Landmark 682 range: 0.9579395406808087 bearing: 0.2565204855409059
Raw z: 1.0735788264198383,x: -0.2430450047635348 y: -0.17931185601185193
Landmark 683 range: 0.6700135863969661 bearing: -0.33230026173954963
Raw z: 0.7145050620117533,x: 0.21857070264155615 y: 0.0606115627713789
Estimated landmark positions:
682: [1.10121892 0.30138241]
683: [ 0.8867763  -0.17057361]
Odometry measurement
[0.25154408823303975, 0.005074424160024349, 0.03752457891787797]
Covariance:
[[0.00246668 0.00011433 0.00062855]
 [0.00011433 0.00534785 0.01318522]
 [0.00062855 0.01318522 0.10122348]]
Estimated pose: 
(0.249537, 0.00834878, 0.0640057)

Current pose: (0.24953741126417367, 0.008348783169217843, 0.06400565738391673)
Goal pose: (0.6969059045431629, 0.04671298702851501, None)
Dist: 0.4490104463333462
Moving to goal, dist: 0.4490104463333462, theta_diff: 0.02154031692891137
error=0.4490104463333462, dt=0.10057759284973145
raw_control = 0.13470313390000385 + 0.006653625800417578 + -0.012067092359398533 = 0.1292896673410229
error=0.02154031692891137, dt=0.1005709171295166
raw_control = 0.015078221850237957 + 0.002194746429827889 + -0.005369614367442158 = 0.011903353912623687
Velocities: 0.1292896673410229 0.011903353912623687
Rel pose: (0.00797481, 4.89758e-06, 0.00139626)

Landmark 682 range: 0.9517125583716612 bearing: 0.25542839945067597
Raw z: 1.0654853628034167,x: -0.24045963018580116 y: -0.17411544185822228
Landmark 683 range: 0.6651541494516923 bearing: -0.33666231652342066
Raw z: 0.7089885738379836,x: 0.2197261063249602 y: 0.06564257298702669
Estimated landmark positions:
682: [1.10397573 0.30211901]
683: [ 0.88911208 -0.16944112]
Odometry measurement
[0.2595130983934977, 0.005378499380328624, 0.03892084231947357]
Covariance:
[[0.00256031 0.00012758 0.00067655]
 [0.00012758 0.00560707 0.01325976]
 [0.00067655 0.01325976 0.09919988]]
Estimated pose: 
(0.257181, 0.00890401, 0.0670764)

Current pose: (0.2571805475132673, 0.008904009984034691, 0.06707640154923401)
Goal pose: (0.6969059045431629, 0.04671298702851501, None)
Dist: 0.4413478314891999
Moving to goal, dist: 0.4413478314891999, theta_diff: 0.0186958022747475
error=0.4413478314891999, dt=0.09848427772521973
raw_control = 0.13240434944675997 + 0.006870954912466608 + -0.007780546317784522 = 0.13149475804144206
error=0.0186958022747475, dt=0.09847307205200195
raw_control = 0.01308706159232325 + 0.0022315670915173127 + -0.005777243656340342 = 0.00954138502750022
Velocities: 0.13149475804144206 0.00954138502750022
Rel pose: (0.00793216, -5.53025e-06, -0.000523599)

Landmark 682 range: 0.9477018598655982 bearing: 0.25522593374086855
Raw z: 1.0598263021837908,x: -0.23926063076381407 y: -0.16815237790065027
Landmark 683 range: 0.6556816234620679 bearing: -0.34410744891684053
Raw z: 0.6981525222383568,x: 0.22119851316335779 y: 0.07285607781513254
Estimated landmark positions:
682: [1.10661056 0.30283871]
683: [ 0.89021792 -0.16870257]
Odometry measurement
[0.26743946775667543, 0.00568162178017383, 0.03839724354387531]
Covariance:
[[0.00265325 0.00013682 0.0007048 ]
 [0.00013682 0.00587339 0.01339996]
 [0.0007048  0.01339996 0.09805142]]
Estimated pose: 
(0.264778, 0.00946743, 0.0686292)

Current pose: (0.2647780826956061, 0.009467430131274145, 0.06862917323423458)
Goal pose: (0.6969059045431629, 0.04671298702851501, None)
Dist: 0.4337299689015038
Moving to goal, dist: 0.4337299689015038, theta_diff: 0.017349402521094237
error=0.4337299689015038, dt=0.10198020935058594
raw_control = 0.13011899067045113 + 0.0070921142776176 + -0.007469942095831142 = 0.12974116285223758
error=0.017349402521094237, dt=0.10198855400085449
raw_control = 0.012144581764765966 + 0.002266955901035416 + -0.0026402957995501778 = 0.011771241866251204
Velocities: 0.12974116285223758 0.011771241866251204
Rel pose: (0.0140305, 2.43539e-05, 0.00244346)

Landmark 683 range: 0.6493303380317285 bearing: -0.34720905490945203
Raw z: 0.6908775316614922,x: 0.2209507104667999 y: 0.0761181507117224
Landmark 682 range: 0.9457507608448523 bearing: 0.25608061343197863
Raw z: 1.057089764488146,x: -0.2395500908115825 y: -0.16572285825150615
Estimated landmark positions:
682: [1.10947227 0.30363288]
683: [ 0.89205215 -0.16774487]
Odometry measurement
[0.2814587146734977, 0.006244558818843167, 0.04084070449666723]
Covariance:
[[0.00274646 0.0001587  0.0007638 ]
 [0.0001587  0.00631415 0.01412433]
 [0.0007638  0.01412433 0.09725153]]
Estimated pose: 
(0.278393, 0.0104511, 0.0723028)

Current pose: (0.27839339713469746, 0.010451130601195178, 0.07230282218015477)
Goal pose: (0.6969059045431629, 0.04671298702851501, None)
Dist: 0.4200805173878889
Moving to goal, dist: 0.4200805173878889, theta_diff: 0.01412594539896371
error=0.4200805173878889, dt=0.09828495979309082
raw_control = 0.12602415521636665 + 0.0072985522614242475 + -0.013887629951062389 = 0.11943507752672851
error=0.01412594539896371, dt=0.09828329086303711
raw_control = 0.009888161779274596 + 0.002294722789042651 + -0.006559522160532013 = 0.005623362407785234
Velocities: 0.11943507752672851 0.005623362407785234
Rel pose: (0.00788952, 4.61475e-06, 0.00174533)

Landmark 683 range: 0.6398623344962916 bearing: -0.35520092182622154
Raw z: 0.6802482016567449,x: 0.22253052405549734 y: 0.08383975775831969
Landmark 682 range: 0.9370875728361616 bearing: 0.255828052132257
Raw z: 1.0458291716192378,x: -0.23712682207143318 y: -0.1586727671852131
Estimated landmark positions:
682: [1.11202032 0.30435043]
683: [ 0.89309207 -0.16704005]
Odometry measurement
[0.2893414631161348, 0.006571293527452782, 0.04258603374866145]
Covariance:
[[0.00283913 0.0001753  0.00081487]
 [0.0001753  0.00659415 0.01429628]
 [0.00081487 0.01429628 0.09673394]]
Estimated pose: 
(0.285903, 0.011013, 0.0753284)

Current pose: (0.28590334864189865, 0.011013035525381562, 0.0753284167825725)
Goal pose: (0.6969059045431629, 0.04671298702851501, None)
Dist: 0.41255010301137723
Moving to goal, dist: 0.41255010301137723, theta_diff: 0.011314774519966972
error=0.41255010301137723, dt=0.10235333442687988
raw_control = 0.12376503090341316 + 0.007509681654731083 + -0.00735727313494734 = 0.1239174394231969
error=0.011314774519966972, dt=0.10234880447387695
raw_control = 0.00792034216397688 + 0.002317883861942853 + -0.0054933145403066215 = 0.0047449114856131114
Velocities: 0.1239174394231969 0.0047449114856131114
Rel pose: (0.00929684, 1.63749e-06, 0.000523599)

Landmark 682 range: 0.9328343075389697 bearing: 0.25601040193151897
Raw z: 1.0398342373981633,x: -0.2362151098531327 y: -0.152128498816571
Landmark 683 range: 0.6334614756505171 bearing: -0.3607549176511527
Raw z: 0.6732347177920444,x: 0.22359964840356633 y: 0.08985376926626104
Estimated landmark positions:
682: [1.11451773 0.30505862]
683: [ 0.89411066 -0.16643911]
Odometry measurement
[0.2986298014663483, 0.0069687252892459825, 0.04310963252425992]
Covariance:
[[0.00293093 0.00018946 0.00084867]
 [0.00018946 0.00692133 0.01462705]
 [0.00084867 0.01462705 0.09634411]]
Estimated pose: 
(0.294793, 0.0116957, 0.0771747)

Current pose: (0.29479336363196657, 0.011695687192086995, 0.07717471255408645)
Goal pose: (0.6969059045431629, 0.04671298702851501, None)
Dist: 0.4036343727259769
Moving to goal, dist: 0.4036343727259769, theta_diff: 0.009689483172253155
error=0.4036343727259769, dt=0.10015726089477539
raw_control = 0.12109031181779306 + 0.0077118162206071565 + -0.00890173134303976 = 0.11990039669536046
error=0.009689483172253155, dt=0.10015416145324707
raw_control = 0.006782638220577208 + 0.0023372927031835005 + -0.0032455792632690933 = 0.005874351660491615
Velocities: 0.11990039669536046 0.005874351660491615
Rel pose: (0.0113012, 9.84727e-06, 0.00174533)

Landmark 682 range: 0.9270650244482446 bearing: 0.2551549053437897
Raw z: 1.0326745677901272,x: -0.2339868566550426 y: -0.14922520223504632
Landmark 683 range: 0.6299047205439392 bearing: -0.36570707558802074
Raw z: 0.6693564689255991,x: 0.2252600389612648 y: 0.09381290256059344
Estimated landmark positions:
682: [1.11698642 0.30575557]
683: [ 0.89562253 -0.16582911]
Odometry measurement
[0.3099200714323099, 0.007465602841615746, 0.04485496177625414]
Covariance:
[[0.00302264 0.00021056 0.0008979 ]
 [0.00021056 0.00731526 0.01514725]
 [0.0008979  0.01514725 0.09599938]]
Estimated pose: 
(0.305641, 0.0125589, 0.0800902)

Current pose: (0.3056410939702501, 0.012558878285905163, 0.08009023426622826)
Goal pose: (0.6969059045431629, 0.04671298702851501, None)
Dist: 0.39275266407328085
Moving to goal, dist: 0.39275266407328085, theta_diff: 0.0069806010683275965
error=0.39275266407328085, dt=0.10082793235778809
raw_control = 0.11782579922198425 + 0.007909818415839766 + -0.010792355251402253 = 0.11494326238642176
error=0.0069806010683275965, dt=0.10083293914794922
raw_control = 0.004886420747829317 + 0.002351370193638276 + -0.005373010301625534 = 0.0018647806398420603
Velocities: 0.11494326238642176 0.0018647806398420603
Rel pose: (0.0069513, 5.93962e-06, 0.00139626)

Landmark 682 range: 0.9163243230324738 bearing: 0.25583452187170447
Raw z: 1.019328184738908,x: -0.231878487781276 y: -0.14472480371691973
Landmark 683 range: 0.619867317881224 bearing: -0.37343780008012184
Raw z: 0.6579547403703737,x: 0.226139030276061 y: 0.09869514388117161
Estimated landmark positions:
682: [1.11910312 0.30636019]
683: [ 0.89648056 -0.1653631 ]
Odometry measurement
[0.3168641146974016, 0.007783232300652176, 0.04625122517784975]
Covariance:
[[0.0031137  0.00022743 0.00094185]
 [0.00022743 0.00758646 0.01528848]
 [0.00094185 0.01528848 0.09575254]]
Estimated pose: 
(0.312193, 0.0130933, 0.0826366)

Current pose: (0.3121933425578957, 0.013093277358308321, 0.08263660601437585)
Goal pose: (0.6969059045431629, 0.04671298702851501, None)
Dist: 0.3861787671889498
Moving to goal, dist: 0.3861787671889498, theta_diff: 0.004531113302077547
error=0.3861787671889498, dt=0.09969782829284668
raw_control = 0.11585363015668493 + 0.008102324337947503 + -0.006593821547467703 = 0.11736213294716472
error=0.004531113302077547, dt=0.0997016429901123
raw_control = 0.0031717793114542825 + 0.002360405382454106 + -0.00491363570907848 = 0.0006185489848299077
Velocities: 0.11736213294716472 0.0006185489848299077
Rel pose: (0.00707924, 2.35947e-06, 0.00226893)

Landmark 682 range: 0.9122422567788353 bearing: 0.2545956775382759
Raw z: 1.0139790527931074,x: -0.22975198907192995 y: -0.14030496936979767
Estimated landmark positions:
682: [1.12113606 0.30695662]
683: [ 0.89635602 -0.16507745]
Odometry measurement
[0.3239356767024063, 0.008112896126133619, 0.04852015320544246]
Covariance:
[[0.00320671 0.00025152 0.00103926]
 [0.00025152 0.00786634 0.01547568]
 [0.00103926 0.01547568 0.0977111 ]]
Estimated pose: 
(0.318892, 0.0136367, 0.0865544)

Current pose: (0.31889171581794046, 0.013636691104325832, 0.086554437708117)
Goal pose: (0.6969059045431629, 0.04671298702851501, None)
Dist: 0.37945851977476097
Moving to goal, dist: 0.37945851977476097, theta_diff: 0.0007234180860211936
error=0.37945851977476097, dt=0.10000133514404297
raw_control = 0.11383755593242828 + 0.008292056130993795 + -0.006720157690403725 = 0.11540945437301835
error=0.0007234180860211936, dt=0.09999465942382812
raw_control = 0.0005063926602148355 + 0.0023618521413567607 + -0.007615797159561108 = -0.004747552357989512
Velocities: 0.11540945437301835 -0.004747552357989512
Rel pose: (0.0130497, 6.98166e-06, 0.00226893)

Landmark 682 range: 0.9108912559114017 bearing: 0.25245434979163606
Raw z: 1.011279568982232,x: -0.2275235671800488 y: -0.1309977365052496
Estimated landmark positions:
682: [1.12337109 0.30761622]
683: [ 0.8962025 -0.164828 ]
Odometry measurement
[0.33696966295697606, 0.008752793764987533, 0.050789081233034945]
Covariance:
[[0.00329973 0.00028536 0.00114277]
 [0.00028536 0.00833968 0.01621383]
 [0.00114277 0.01621383 0.09911027]]
Estimated pose: 
(0.331473, 0.0147259, 0.0908232)

Current pose: (0.33147344683043833, 0.014725864684368118, 0.09082321822675445)
Goal pose: (0.6969059045431629, 0.04671298702851501, None)
Dist: 0.3668297386333633
Moving to goal, dist: 0.3668297386333633, theta_diff: -0.003513508287112721
error=0.3668297386333633, dt=0.0984048843383789
raw_control = 0.110048921590009 + 0.008472545321004265 + -0.012833490152756874 = 0.10568797675825638
error=-0.003513508287112721, dt=0.09840536117553711
raw_control = -0.0024594558009789044 + 0.002354937180317029 + -0.008611169803189921 = -0.008715688423851797
Velocities: 0.10568797675825638 -0.008715688423851797
Rel pose: (0.00724983, -1.57795e-06, 0)

Landmark 682 range: 0.9041636092914033 bearing: 0.2538235665252833
Raw z: 1.0027945457914067,x: -0.22704166934938738 y: -0.12749111476078137
Estimated landmark positions:
682: [1.12544067 0.30823257]
683: [ 0.89603673 -0.16468995]
Odometry measurement
[0.34421022175743055, 0.009119271637926429, 0.050789081233034945]
Covariance:
[[0.0033911  0.00030191 0.00120656]
 [0.00030191 0.00863647 0.0164096 ]
 [0.00120656 0.0164096  0.10018723]]
Estimated pose: 
(0.338283, 0.015319, 0.0926325)

Current pose: (0.3382829755776582, 0.015318964724417463, 0.09263253268529492)
Goal pose: (0.6969059045431629, 0.04671298702851501, None)
