Robot Name: locobot
Robot Model: locobot_px100
Initialized InterbotixRobotXSCore!

Turret Group Name: camera
Pan Name: pan, Profile Type: time, Profile Velocity: 2.0, Profile Acceleration: 0.3
Tilt Name: tilt, Profile Type: time, Profile Velocity: 2.0, Profile Acceleration: 0.3
Initialized InterbotixTurretXSInterface!

Initialized InterbotixKobukiInterface!

Arm Group Name: arm
Moving Time: 2.00 seconds
Acceleration Time: 0.30 seconds
Drive Mode: Time-Based-Profile
Initialized InterbotixArmXSInterface!

Gripper Name: gripper
Gripper Pressure: 50%
Initialized InterbotixGripperXSInterface!

Reset odom:[0.0, 0.0, 0.0]
Estimated landmark positions:
Starting move to goal: (0.5, 0.5, 0)
Rel pose: (0, 0, 0)

Landmark 683 range: 0.8779490573927026 bearing: -0.3381008336716609
Raw z: 0.9643135040505191,x: 0.29121222906934235 y: -0.11607315804809268
Initial estimate for 683: (0.8282451237509338, -0.29121222906934235)
Landmark 682 range: 0.8773901489882435 bearing: 0.28603892718355667
Raw z: 0.9658201460825027,x: -0.24755941907040352 y: -0.10016357802972022
Initial estimate for 682: (0.8417409385144199, 0.24755941907040352)
Estimated landmark positions:
682: [0.84174094 0.24755942]
683: [ 0.82824512 -0.29121223]
Odometry measurement
[0.0, 0.0, 0.0]
Covariance:
[[ 2.00000000e-04  2.22044605e-24  1.72986701e-21]
 [ 2.22044605e-24  2.00000000e-04 -1.72986701e-21]
 [ 1.72986701e-21 -1.72986701e-21  9.73828555e-03]]
Estimated pose: 
(0, 0, 0)

Current pose: (0.0, 0.0, 0.0)
Goal pose: (0.5, 0.5, 0)
Dist: 0.7071067811865476
Moving to goal, dist: 0.7071067811865476, theta_diff: 0.7853981633974483
dt=0
raw_control = 0.3535533905932738 + 0.0 + 0 = 0.3535533905932738
dt=0
raw_control = 0.39269908169872414 + 0.0 + 0 = 0.39269908169872414
Velocities: 0.2 0.39269908169872414
Rel pose: (0, 0, -0.000349066)

Landmark 683 range: 0.8781325145502288 bearing: -0.33810763392216836
Raw z: 0.96451391569962,x: 0.2912787145272304 y: -0.11595461877824284
Landmark 682 range: 0.8769505982244016 bearing: 0.28598356793935253
Raw z: 0.9652788977458877,x: -0.2473888227476417 y: -0.0999130550562361
Estimated landmark positions:
682: [0.84157843 0.24733323]
683: [ 0.82828192 -0.29138409]
Odometry measurement
[0.0, 0.0, -0.00034906585039895527]
Covariance:
[[ 2.99958887e-04 -1.90437294e-10 -1.05379814e-07]
 [-1.90437294e-10  2.99950965e-04 -4.02183229e-06]
 [-1.05379814e-07 -4.02183229e-06  1.90189409e-02]]
Estimated pose: 
(5.04228e-08, 1.9568e-07, -0.000334962)

Current pose: (5.0422777952688296e-08, 1.956803427624989e-07, -0.00033496202233221784)
Goal pose: (0.5, 0.5, 0)
Dist: 0.7071066071653694
Moving to goal, dist: 0.7071066071653694, theta_diff: 0.78573298016218
dt=0.09976077079772949
raw_control = 0.3535533035826847 + 0.0007054150016698456 + -0.0 = 0.35425871858435454
dt=0.09975671768188477
raw_control = 0.39286649008109 + 0.0007838214307538455 + 0.0003356333012072261 = 0.39398594481305105
Velocities: 0.2 0.39398594481305105
Rel pose: (0.00144997, 1.48863e-07, 0.000174533)

Landmark 682 range: 0.8788310367465488 bearing: 0.2860113087421704
Raw z: 0.9675524875951804,x: -0.2479426859275984 y: -0.10043809089690992
Landmark 683 range: 0.8763413243653871 bearing: -0.3381833667630101
Raw z: 0.9624180116009594,x: 0.2907471818458894 y: -0.11605037730869834
Estimated landmark positions:
682: [0.8425918  0.24749113]
683: [ 0.8282234  -0.29121615]
Odometry measurement
[0.0014499654523050288, -3.572706591691756e-07, -0.00017453292519942212]
Covariance:
[[ 3.99835604e-04 -9.62964532e-10 -3.98953209e-07]
 [-9.62964532e-10  3.99827557e-04  1.15674923e-05]
 [-3.98953209e-07  1.15674923e-05  2.76361190e-02]]
Estimated pose: 
(0.00144884, -5.33245e-07, -0.000161011)

Current pose: (0.0014488396682848265, -5.332449746422004e-07, -0.00016101054091884978)
Goal pose: (0.5, 0.5, 0)
Dist: 0.7060834176734068
Moving to goal, dist: 0.7060834176734068, theta_diff: 0.7870106480130169
dt=0.1000373363494873
raw_control = 0.3530417088367034 + 0.0014117620451157469 + -0.0 = 0.3544534708818191
dt=0.10003876686096191
raw_control = 0.39350532400650845 + 0.0015711371780905332 + 0.0012771727310600454 = 0.39635363391565903
Velocities: 0.2 0.39635363391565903
Rel pose: (0.00375282, 1.1842e-05, 0.0127409)

Landmark 682 range: 0.8574585858483469 bearing: 0.25567026573324836
Raw z: 0.9442947299145446,x: -0.21684608313983103 y: -0.10051542120129395
Landmark 683 range: 0.8421086982162578 bearing: -0.36940459992191915
Raw z: 0.9186060316536708,x: 0.3040519856330274 y: -0.1062847708526506
Estimated landmark positions:
682: [0.83982463 0.24299957]
683: [ 0.81994178 -0.29145016]
Odometry measurement
[0.005202783561270584, 1.0829691496175517e-05, 0.01256637061435928]
Covariance:
[[ 4.99588229e-04 -3.59600825e-09 -5.98692710e-07]
 [-3.59600825e-09  4.99941187e-04  9.02743742e-05]
 [-5.98692710e-07  9.02743742e-05  3.53707672e-02]]
Estimated pose: 
(0.00522829, 3.16227e-05, 0.014412)

Current pose: (0.005228288947311649, 3.1622695675201815e-05, 0.01441199770654112)
Goal pose: (0.5, 0.5, 0)
Dist: 0.7033970602457226
Moving to goal, dist: 0.7033970602457226, theta_diff: 0.7762102629580915
dt=0.10031270980834961
raw_control = 0.3516985301228613 + 0.0021173586969605008 + -0.0 = 0.3538158888198218
dt=0.1003105640411377
raw_control = 0.38810513147904574 + 0.002349758071008993 + -0.010766946789867664 = 0.3796879427601871
Velocities: 0.2 0.3796879427601871
Rel pose: (0.0114694, 0.00019359, 0.0376991)

Landmark 682 range: 0.8598979330357813 bearing: 0.23189292080453047
Raw z: 0.9483503569656049,x: -0.19762190409080638 y: -0.09818152762356776
Landmark 683 range: 0.8456634788452176 bearing: -0.39649157312737066
Raw z: 0.9196837446112468,x: 0.3265821083898097 y: -0.09940251780082604
Estimated landmark positions:
682: [0.84030384 0.24262164]
683: [ 0.81849399 -0.29019673]
Odometry measurement
[0.016668874121281024, 0.0003485293807230802, 0.05026548245743679]
Covariance:
[[5.99178055e-04 1.27285435e-07 7.98437665e-06]
 [1.27285435e-07 6.05554504e-04 4.40110158e-04]
 [7.98437665e-06 4.40110158e-04 4.20919822e-02]]
Estimated pose: 
(0.0166972, 0.000385844, 0.0520127)

Current pose: (0.016697170884287595, 0.0003858437629426612, 0.05201272293500856)
Goal pose: (0.5, 0.5, 0)
Dist: 0.695122960161523
Moving to goal, dist: 0.695122960161523, theta_diff: 0.749978733993325
dt=0.10013222694396973
raw_control = 0.3475614800807615 + 0.0028134007969690773 + -0.0 = 0.35037488087773055
dt=0.10013365745544434
raw_control = 0.3749893669966625 + 0.003100739207494547 + -0.026196515368909268 = 0.3518935908352478
Velocities: 0.2 0.3518935908352478
Rel pose: (0.013773, 0.00017325, 0.0319395)

Landmark 682 range: 0.8641053238196453 bearing: 0.20973091481440329
Raw z: 0.954694989812043,x: -0.17990389300634835 y: -0.09956864001486983
Landmark 683 range: 0.8270424584555796 bearing: -0.42342147362709226
Raw z: 0.894873656287528,x: 0.33981699999154175 y: -0.09261209412838006
Estimated landmark positions:
682: [0.84330412 0.24363447]
683: [ 0.81702358 -0.28786232]
Odometry measurement
[0.030415795796452896, 0.001213576181552876, 0.08220500776893294]
Covariance:
[[6.98582489e-04 7.94146319e-07 2.64050333e-05]
 [7.94146319e-07 7.23083198e-04 9.20270195e-04]
 [2.64050333e-05 9.20270195e-04 4.77798540e-02]]
Estimated pose: 
(0.0304332, 0.00122902, 0.0825129)

Current pose: (0.030433226047467465, 0.0012290188134380941, 0.08251285144587249)
Goal pose: (0.5, 0.5, 0)
Dist: 0.6850295226294955
Moving to goal, dist: 0.6850295226294955, theta_diff: 0.7330352854133431
dt=0.10082626342773438
raw_control = 0.34251476131474773 + 0.0035040904680132437 + -0.0 = 0.346018851782761
dt=0.10085368156433105
raw_control = 0.36651764270667153 + 0.0038400322799995055 + -0.016800029822584456 = 0.3535576451640866
Velocities: 0.2 0.3535576451640866
Rel pose: (0.0117699, 8.27512e-05, 0.0172788)

Landmark 682 range: 0.8588317211709379 bearing: 0.16497202097724165
Raw z: 0.9498590703708274,x: -0.14104140916044677 y: -0.0931824162997627
Estimated landmark positions:
682: [0.84712149 0.24190399]
683: [ 0.81719764 -0.28734487]
Odometry measurement
[0.04213913384820781, 0.0022625015832634238, 0.09948376736367681]
Covariance:
[[7.98213135e-04 2.02540933e-06 5.50304763e-05]
 [2.02540933e-06 8.49044050e-04 1.40518707e-03]
 [5.50304763e-05 1.40518707e-03 5.47897563e-02]]
Estimated pose: 
(0.0421175, 0.00234592, 0.102319)

Current pose: (0.042117530013102984, 0.002345915232306871, 0.10231903996584972)
Goal pose: (0.5, 0.5, 0)
Dist: 0.6762513914272354
Moving to goal, dist: 0.6762513914272354, theta_diff: 0.724677397669308
dt=0.1005401611328125
raw_control = 0.3381256957136177 + 0.004183994706617073 + -0.0 = 0.3423096904202348
dt=0.1005239486694336
raw_control = 0.362338698834654 + 0.0045685066152515875 + -0.008314324949091857 = 0.3585928805008138
Velocities: 0.2 0.3585928805008138
Rel pose: (0.0176104, 0.000232119, 0.0319395)

Landmark 682 range: 0.8504610415756649 bearing: 0.13532593793007175
Raw z: 0.9404627839184951,x: -0.11473848538352627 y: -0.08777695226740771
Estimated landmark positions:
682: [0.85100207 0.24109918]
683: [ 0.81731185 -0.28699667]
Odometry measurement
[0.05963945270383355, 0.0042425376825523655, 0.13142329267517308]
Covariance:
[[8.97926990e-04 6.34654158e-06 1.24037675e-04]
 [6.34654158e-06 1.01052545e-03 2.24081591e-03]
 [1.24037675e-04 2.24081591e-03 6.09959855e-02]]
Estimated pose: 
(0.0595598, 0.00445144, 0.136681)

Current pose: (0.05955979455249674, 0.004451437785267026, 0.1366814402740832)
Goal pose: (0.5, 0.5, 0)
Dist: 0.6629901598724736
Moving to goal, dist: 0.6629901598724736, theta_diff: 0.7075259874244675
dt=0.09924435615539551
raw_control = 0.3314950799362368 + 0.004841975022156136 + -0.0 = 0.33633705495839294
dt=0.09923434257507324
raw_control = 0.35376299371223374 + 0.005270615377420053 + -0.017283744518048382 = 0.34174986457160544
Velocities: 0.2 0.34174986457160544
Rel pose: (0.0118124, 9.48749e-05, 0.0246091)

Landmark 682 range: 0.8197767885948134 bearing: 0.11486361871912414
Raw z: 0.9036948126829637,x: -0.09395560710801876 y: -0.0797531857413717
Estimated landmark positions:
682: [0.85189129 0.24024091]
683: [ 0.81738096 -0.28679446]
Odometry measurement
[0.07133750695184067, 0.00588454757529938, 0.156032435128293]
Covariance:
[[9.97691265e-04 1.19154158e-05 1.95105563e-04]
 [1.19154158e-05 1.16514261e-03 2.79525401e-03]
 [1.95105563e-04 2.79525401e-03 6.64658610e-02]]
Estimated pose: 
(0.0712279, 0.00622511, 0.163192)

Current pose: (0.07122789995865923, 0.006225105523098082, 0.16319178539581627)
Goal pose: (0.5, 0.5, 0)
Dist: 0.653956543043601
Moving to goal, dist: 0.653956543043601, theta_diff: 0.6925502655991886
dt=0.09970664978027344
raw_control = 0.3269782715218005 + 0.005494013182243802 + -0.0 = 0.3324722847040443
dt=0.09970521926879883
raw_control = 0.3462751327995943 + 0.0059611241382823725 + -0.015019997884870266 = 0.33721625905300645
Velocities: 0.2 0.33721625905300645
Rel pose: (0.0180372, 0.000230842, 0.0300197)

Landmark 682 range: 0.8444537610693543 bearing: 0.08719505227609252
Raw z: 0.9339789588888053,x: -0.0735389213281257 y: -0.0807717742521434
Estimated landmark positions:
682: [0.85661981 0.24088813]
683: [ 0.81741456 -0.28667053]
Odometry measurement
[0.08911969711843862, 0.008915565654598386, 0.18605209826259567]
Covariance:
[[1.09788494e-03 2.31843762e-05 2.99978823e-04]
 [2.31843762e-05 1.37564682e-03 3.75837858e-03]
 [2.99978823e-04 3.75837858e-03 7.11971543e-02]]
Estimated pose: 
(0.0888928, 0.00943238, 0.194859)

Current pose: (0.08889279973606933, 0.009432376550567464, 0.19485911932712238)
Goal pose: (0.5, 0.5, 0)
Dist: 0.6400513442573743
Moving to goal, dist: 0.6400513442573743, theta_diff: 0.6784373369268138
dt=0.10122442245483398
raw_control = 0.32002567212868716 + 0.00614190145888273 + -0.0 = 0.32616757358756987
dt=0.10123252868652344
raw_control = 0.3392186684634069 + 0.006647923410006895 + -0.0139411006081621 = 0.3319254912652517
Velocities: 0.2 0.3319254912652517
Rel pose: (0.0148815, 0.000205923, 0.0303687)

Landmark 682 range: 0.8152894230958359 bearing: 0.05586833032841186
Raw z: 0.898898890820797,x: -0.04552516745015085 y: -0.07238842575080778
Estimated landmark positions:
682: [0.85923966 0.24105218]
683: [ 0.81744531 -0.28656724]
Odometry measurement
[0.10370626123031948, 0.011870719001976726, 0.21642082724729686]
Covariance:
[[1.19872075e-03 3.87342829e-05 4.26829917e-04]
 [3.87342829e-05 1.58715973e-03 4.52901512e-03]
 [4.26829917e-04 4.52901512e-03 7.52887173e-02]]
Estimated pose: 
(0.103382, 0.0125844, 0.226981)

Current pose: (0.10338190351158584, 0.012584436587369595, 0.22698051457660598)
Goal pose: (0.5, 0.5, 0)
Dist: 0.6283946577740337
Moving to goal, dist: 0.6283946577740337, theta_diff: 0.6607669185572468
dt=0.09897685050964355
raw_control = 0.31419732888701685 + 0.0067638666999183215 + -0.0 = 0.32096119558693514
dt=0.09897041320800781
raw_control = 0.3303834592786234 + 0.0073018871596448225 + -0.017854243300398115 = 0.3198311031378701
Velocities: 0.2 0.3198311031378701
Rel pose: (0.0116845, 8.63681e-05, 0.0211185)

Landmark 682 range: 0.7940043467985772 bearing: 0.01812294570514461
Raw z: 0.8728707794192699,x: -0.014388909984780141 y: -0.061313104979116795
Estimated landmark positions:
682: [0.86081504 0.24045907]
683: [ 0.81750748 -0.28638046]
Odometry measurement
[0.1150996633456261, 0.014464151922032521, 0.23753931119642838]
Covariance:
[[1.29957937e-03 5.40971878e-05 5.30912143e-04]
 [5.40971878e-05 1.78502833e-03 5.08732023e-03]
 [5.30912143e-04 5.08732023e-03 7.88362587e-02]]
Estimated pose: 
(0.114672, 0.0154829, 0.252034)

Current pose: (0.11467205558370817, 0.015482927182833417, 0.2520343557203021)
Goal pose: (0.5, 0.5, 0)
Dist: 0.6190593013592481
Moving to goal, dist: 0.6190593013592481, theta_diff: 0.6469041857825871
dt=0.10013747215270996
raw_control = 0.30952965067962407 + 0.0073837770354257 + -0.0 = 0.31691342771504977
dt=0.10013556480407715
raw_control = 0.32345209289129356 + 0.007949668319819433 + -0.01384396523031867 = 0.3175577959807943
Velocities: 0.2 0.3175577959807943
Rel pose: (0.0179517, 0.000234569, 0.0307178)

Landmark 682 range: 0.8245870800992672 bearing: -0.0007569205207568352
Raw z: 0.9094361457236897,x: 0.0006241468224794896 y: -0.058787490896044986
Estimated landmark positions:
682: [0.86553035 0.24148851]
683: [ 0.81751558 -0.28632928]
Odometry measurement
[0.13249208211969243, 0.018916380104612236, 0.2682571060315286]
Covariance:
[[1.40233450e-03 8.25599374e-05 6.95860683e-04]
 [8.25599374e-05 2.06578214e-03 6.09989229e-03]
 [6.95860683e-04 6.09989229e-03 8.18247799e-02]]
Estimated pose: 
(0.131833, 0.0202313, 0.284387)

Current pose: (0.13183312515819387, 0.02023126824271968, 0.28438699598728256)
Goal pose: (0.5, 0.5, 0)
Dist: 0.6047519191393868
Moving to goal, dist: 0.6047519191393868, theta_diff: 0.6318749437683724
dt=0.09983181953430176
raw_control = 0.3023759595696934 + 0.00798751187997116 + -0.0 = 0.31036347144966453
dt=0.09983372688293457
raw_control = 0.3159374718841862 + 0.008580492625422846 + -0.015054273223555091 = 0.30946369128605394
Velocities: 0.2 0.30946369128605394
Rel pose: (0.0148821, 0.000166093, 0.0267035)

Landmark 682 range: 0.7964353760381946 bearing: -0.03743826143918485
Raw z: 0.8748018266629247,x: 0.029810190911675232 y: -0.04745018572228509
Estimated landmark positions:
682: [0.8687144 0.2419328]
683: [ 0.81753666 -0.28625011]
Odometry measurement
[0.1467979248222284, 0.02302106201946337, 0.29496064358704177]
Covariance:
[[0.00150606 0.00011411 0.00085835]
 [0.00011411 0.00233324 0.00686838]
 [0.00085835 0.00686838 0.08437664]]
Estimated pose: 
(0.145918, 0.0246972, 0.313958)

Current pose: (0.1459183839247624, 0.024697187147160307, 0.31395827539655213)
Goal pose: (0.5, 0.5, 0)
Dist: 0.5926943181339547
Moving to goal, dist: 0.5926943181339547, theta_diff: 0.6165703095061659
dt=0.10154938697814941
raw_control = 0.29634715906697734 + 0.008589389326690513 + -0.0 = 0.30493654839366785
dt=0.10155677795410156
raw_control = 0.30828515475308294 + 0.00920666156557894 + -0.01507002739799743 = 0.3024217889206644
Velocities: 0.2 0.3024217889206644
Rel pose: (0.0119403, 9.25377e-05, 0.0219911)

Landmark 682 range: 0.7736948203298228 bearing: -0.05691033313400133
Raw z: 0.8470201677873032,x: 0.044007465862365196 y: -0.04225521575882106
Estimated landmark positions:
682: [0.8707356  0.24226316]
683: [ 0.81754693 -0.28620876]
Odometry measurement
[0.15819567071100732, 0.02658067646672971, 0.31695179216217023]
Covariance:
[[0.0016099  0.00014454 0.00099649]
 [0.00014454 0.00257552 0.00740641]
 [0.00099649 0.00740641 0.08658817]]
Estimated pose: 
(0.157135, 0.0285578, 0.337858)

Current pose: (0.15713511913093953, 0.02855782537365853, 0.3378578173672032)
Goal pose: (0.5, 0.5, 0)
Dist: 0.582935717339201
Moving to goal, dist: 0.582935717339201, theta_diff: 0.6041452130614474
dt=0.0997624397277832
raw_control = 0.2914678586696005 + 0.009170940220352754 + -0.0 = 0.30063879888995326
dt=0.09975361824035645
raw_control = 0.3020726065307237 + 0.009809318275033644 + -0.012455785227539488 = 0.29942613957821784
Velocities: 0.2 0.29942613957821784
Rel pose: (0.017823, 0.000269431, 0.0354302)

Landmark 682 range: 0.7953710709119147 bearing: -0.09140652161928925
Raw z: 0.872124543348804,x: 0.07260090575128 y: -0.03473688960231066
Estimated landmark positions:
682: [0.8747968  0.24331805]
683: [ 0.81754297 -0.28619586]
Odometry measurement
[0.17504693185235282, 0.03239161090251145, 0.35238197597765514]
Covariance:
[[0.00171989 0.00020168 0.00124749]
 [0.00020168 0.0029185  0.00839317]
 [0.00124749 0.00839317 0.08841419]]
Estimated pose: 
(0.173646, 0.034732, 0.374467)

Current pose: (0.1736462245048448, 0.03473200042725225, 0.3744667945040908)
Goal pose: (0.5, 0.5, 0)
Dist: 0.5683142600765606
Moving to goal, dist: 0.5683142600765606, theta_diff: 0.584643267241328
dt=0.09943175315856934
raw_control = 0.2841571300382803 + 0.00973602505259703 + -0.0 = 0.2938931550908773
dt=0.09943389892578125
raw_control = 0.292321633620664 + 0.010390651870458772 + -0.01961297508274914 = 0.28309931040837366
Velocities: 0.2 0.28309931040837366
Rel pose: (0.0155221, 0.00015403, 0.0242601)

Landmark 682 range: 0.7621283981992362 bearing: -0.11774578623791826
Raw z: 0.8313352506003207,x: 0.08953019686574232 y: -0.02669077092814821
Estimated landmark positions:
682: [0.87737146 0.2439813 ]
683: [ 0.81754077 -0.28618678]
Odometry measurement
[0.1895620580546666, 0.037893375720873396, 0.3766420525803763]
Covariance:
[[0.0018283  0.0002524  0.00142096]
 [0.0002524  0.00324974 0.00917987]
 [0.00142096 0.00917987 0.08996529]]
Estimated pose: 
(0.187877, 0.0405727, 0.399709)

Current pose: (0.18787726332479518, 0.040572729480953654, 0.39970867317335895)
Goal pose: (0.5, 0.5, 0)
Dist: 0.5554223794970817
Moving to goal, dist: 0.5554223794970817, theta_diff: 0.5743394900971843
dt=0.1005699634552002
raw_control = 0.27771118974854087 + 0.010294613136679249 + -0.0 = 0.2880058028852201
dt=0.10058164596557617
raw_control = 0.28716974504859216 + 0.010968331983028818 + -0.010244192213428382 = 0.2878938848181926
Velocities: 0.2 0.2878938848181926
Rel pose: (0.0124948, 8.46565e-05, 0.0178024)

Landmark 682 range: 0.7683707249497048 bearing: -0.15218404747411213
Raw z: 0.8375135534057079,x: 0.11648292524023134 y: -0.014735091292342488
Estimated landmark positions:
682: [0.88066085 0.2447099 ]
683: [ 0.81754529 -0.28615426]
Odometry measurement
[0.2011499410237244, 0.042567702606439765, 0.39444441095071864]
Covariance:
[[0.00193595 0.00029791 0.00155507]
 [0.00029791 0.00354122 0.00970805]
 [0.00155507 0.00970805 0.09133037]]
Estimated pose: 
(0.199088, 0.0456566, 0.420692)

Current pose: (0.1990883838957379, 0.04565660956086549, 0.42069199260635154)
Goal pose: (0.5, 0.5, 0)
Dist: 0.544954784493362
Moving to goal, dist: 0.544954784493362, theta_diff: 0.5651309206812261
dt=0.09973716735839844
raw_control = 0.272477392246681 + 0.010838135602116992 + -0.0 = 0.283315527848798
dt=0.09972333908081055
raw_control = 0.28256546034061303 + 0.011531899407310264 + -0.009234116607844556 = 0.2848632431400787
Velocities: 0.2 0.2848632431400787
Rel pose: (0.0185493, 0.00021124, 0.0287979)

Landmark 682 range: 0.7508539836190407 bearing: -0.17899529470950407
Raw z: 0.8154810569588542,x: 0.13368280180864633 y: -0.005784633244427299
Estimated landmark positions:
682: [0.8836009  0.24546881]
683: [ 0.81754262 -0.28614436]
Odometry measurement
[0.21819362269080303, 0.04989111296955241, 0.42324234360862495]
Covariance:
[[0.00205251 0.00037821 0.00180305]
 [0.00037821 0.00396371 0.01072555]
 [0.00180305 0.01072555 0.09243126]]
Estimated pose: 
(0.215693, 0.0534757, 0.451127)

Current pose: (0.21569323483561298, 0.05347573267032995, 0.451127213602865)
Goal pose: (0.5, 0.5, 0)
Dist: 0.5293526783086456
Moving to goal, dist: 0.5293526783086456, theta_diff: 0.5526929286108919
dt=0.10028338432312012
raw_control = 0.2646763391543228 + 0.011368988382929981 + -0.0 = 0.2760453275372528
dt=0.10028409957885742
raw_control = 0.27634646430544596 + 0.012086162534203714 + -0.012402755893075197 = 0.27602987094657444
Velocities: 0.2 0.27602987094657444
Rel pose: (0.0123669, 8.22079e-05, 0.0171042)

Landmark 682 range: 0.7332699794748724 bearing: -0.20445708373287652
Raw z: 0.7934439360346406,x: 0.14887989689501785 y: 0.0042753410489284605
Estimated landmark positions:
682: [0.88598217 0.24605535]
683: [ 0.81754216 -0.28613146]
Odometry measurement
[0.2294355579196771, 0.05504539929542042, 0.44034657027816937]
Covariance:
[[0.00216349 0.00043467 0.00193917]
 [0.00043467 0.00428017 0.01120875]
 [0.00193917 0.01120875 0.09343525]]
Estimated pose: 
(0.226551, 0.0590356, 0.470426)

Current pose: (0.2265512669265914, 0.05903562829800762, 0.470425686430845)
Goal pose: (0.5, 0.5, 0)
Dist: 0.5188677931130291
Moving to goal, dist: 0.5188677931130291, theta_diff: 0.5452916658464946
dt=0.10013198852539062
raw_control = 0.25943389655651455 + 0.011888541021991867 + -0.0 = 0.27132243757850644
dt=0.10013341903686523
raw_control = 0.2726458329232473 + 0.012632181722938887 + -0.0073914012280680095 = 0.27788661341811816
Velocities: 0.2 0.27788661341811816
Rel pose: (0.0188482, 0.000183659, 0.0246091)

Landmark 682 range: 0.7235283837034285 bearing: -0.220209885697037
Raw z: 0.7811977888252061,x: 0.158043521072773 y: 0.010008849677452272
Estimated landmark positions:
682: [0.88848946 0.24680827]
683: [ 0.81753336 -0.28614167]
Odometry measurement
[0.24640743603814383, 0.06324564330208561, 0.46495571273128944]
Covariance:
[[0.00228213 0.00052446 0.00215341]
 [0.00052446 0.00475648 0.01223707]
 [0.00215341 0.01223707 0.09423131]]
Estimated pose: 
(0.243073, 0.0676337, 0.494399)

Current pose: (0.24307264787734403, 0.06763372422997208, 0.494398865727037)
Goal pose: (0.5, 0.5, 0)
Dist: 0.5029435959349747
Moving to goal, dist: 0.5029435959349747, theta_diff: 0.5402274099522435
dt=0.1001129150390625
raw_control = 0.25147179796748736 + 0.012392052516884654 + -0.0 = 0.263863850484372
dt=0.10011744499206543
raw_control = 0.27011370497612175 + 0.013173043602929884 + -0.005058315156416982 = 0.27822843342263465
Velocities: 0.2 0.27822843342263465
Rel pose: (0.015693, 0.00012889, 0.0165806)

Landmark 682 range: 0.727915283168151 bearing: -0.24277357827556043
Raw z: 0.7855966318471811,x: 0.17498776997758614 y: 0.020133514237642473
Estimated landmark positions:
682: [0.89158953 0.24771961]
683: [ 0.81752369 -0.28615078]
Odometry measurement
[0.2603767091179002, 0.07039733406023341, 0.48153634062523554]
Covariance:
[[0.00239521 0.00059659 0.00227903]
 [0.00059659 0.00518522 0.01297315]
 [0.00227903 0.01297315 0.09493352]]
Estimated pose: 
(0.256544, 0.0750827, 0.510604)

Current pose: (0.25654444003106036, 0.07508265378696434, 0.5106044332310012)
Goal pose: (0.5, 0.5, 0)
Dist: 0.4897196757253263
Moving to goal, dist: 0.4897196757253263, theta_diff: 0.5399010847793054
dt=0.10264229774475098
raw_control = 0.24485983786266316 + 0.012894712044557272 + -0.0 = 0.2577545499072204
dt=0.10267853736877441
raw_control = 0.2699505423896527 + 0.01372740614001942 + -0.00031781244776214333 = 0.28336013608191
Velocities: 0.2 0.28336013608191
Rel pose: (0.0128363, 5.66194e-05, 0.0137881)

Landmark 682 range: 0.6930475681263214 bearing: -0.2658006461068876
Raw z: 0.7433014681468159,x: 0.18205103928514632 y: 0.029420459444910882
Estimated landmark positions:
682: [0.89350054 0.24826231]
683: [ 0.81751891 -0.28615305]
Odometry measurement
[0.27172705643044803, 0.0763925140233208, 0.4953244417159909]
Covariance:
[[0.00250755 0.00066274 0.00238577]
 [0.00066274 0.00555889 0.01346425]
 [0.00238577 0.01346425 0.09561048]]
Estimated pose: 
(0.267505, 0.0813803, 0.524811)

Current pose: (0.2675052210149891, 0.08138026249232036, 0.5248114757008907)
Goal pose: (0.5, 0.5, 0)
Dist: 0.47884893952716207
Moving to goal, dist: 0.47884893952716207, theta_diff: 0.5390173142311873
dt=0.09747004508972168
raw_control = 0.23942446976358103 + 0.013361446321826051 + -0.0 = 0.25278591608540707
dt=0.09744477272033691
raw_control = 0.26950865711559363 + 0.014252650336795266 + -0.0009069450555901634 = 0.2828543623967988
Velocities: 0.2 0.2828543623967988
Rel pose: (0.0189755, 0.000221055, 0.0294961)

Landmark 682 range: 0.6870410211465914 bearing: -0.3096625797878688
Raw z: 0.7346983673397938,x: 0.20936701374236505 y: 0.044822412862908494
Estimated landmark positions:
682: [0.89570987 0.24887015]
683: [ 0.81751457 -0.28615225]
Odometry measurement
[0.28831690097917495, 0.08560637900718318, 0.5248205060746948]
Covariance:
[[0.00264648 0.0008049  0.00272433]
 [0.0008049  0.00609268 0.01445378]
 [0.00272433 0.01445378 0.09613799]]
Estimated pose: 
(0.283517, 0.0911212, 0.555762)

Current pose: (0.2835167429101744, 0.0911211550297793, 0.5557616013579038)
Goal pose: (0.5, 0.5, 0)
Dist: 0.4626520403763516
Moving to goal, dist: 0.4626520403763516, theta_diff: 0.5281011351762316
dt=0.09995150566101074
raw_control = 0.2313260201881758 + 0.013823874002153602 + -0.0 = 0.2451498941903294
dt=0.09993529319763184
raw_control = 0.2640505675881158 + 0.014780409754613654 + -0.010923247138894027 = 0.2679077302038354
Velocities: 0.2 0.2679077302038354
Rel pose: (0.0156076, 0.000138304, 0.0200713)

Landmark 682 range: 0.6825524393699998 bearing: -0.3254440002858541
Raw z: 0.7289310419763096,x: 0.21823215805585375 y: 0.05104506473804003
Estimated landmark positions:
682: [0.89811739 0.24958104]
683: [ 0.8175069  -0.28615981]
Odometry measurement
[0.3017546145002718, 0.09354636463497504, 0.5448917924726296]
Covariance:
[[0.00277317 0.00091241 0.00291354]
 [0.00091241 0.00656514 0.01514141]
 [0.00291354 0.01514141 0.09663051]]
Estimated pose: 
(0.296432, 0.0993345, 0.575004)

Current pose: (0.2964319911618534, 0.09933454854510197, 0.5750040363455519)
Goal pose: (0.5, 0.5, 0)
Dist: 0.4494137717203212
Moving to goal, dist: 0.4494137717203212, theta_diff: 0.5257057484149931
dt=0.10038113594055176
raw_control = 0.2247068858601606 + 0.014275000651279738 + -0.0 = 0.23898188651144034
dt=0.10038042068481445
raw_control = 0.26285287420749653 + 0.015308115396436877 + -0.0023863087491532 = 0.27577468085478024
Velocities: 0.2 0.27577468085478024
Rel pose: (0.0132201, 5.19676e-05, 0.0127409)

Landmark 682 range: 0.6498418691572533 bearing: -0.35135615513240537
Raw z: 0.6896585587238165,x: 0.22365700334730865 y: 0.05998088622693427
Estimated landmark positions:
682: [0.89960522 0.25000574]
683: [ 0.81750305 -0.28616192]
Odometry measurement
[0.31303329131350704, 0.10044312401023696, 0.5576326960121885]
Covariance:
[[0.00289108 0.00099661 0.00301265]
 [0.00099661 0.00699291 0.01563984]
 [0.00301265 0.01563984 0.09714051]]
Estimated pose: 
(0.307284, 0.106544, 0.588086)

Current pose: (0.30728419174521016, 0.10654379732087146, 0.5880860046887877)
Goal pose: (0.5, 0.5, 0)
Dist: 0.4381177537808487
Moving to goal, dist: 0.4381177537808487, theta_diff: 0.5272539907573133
dt=0.12848925590515137
raw_control = 0.21905887689042436 + 0.014837934893101114 + -0.0 = 0.23389681178352548
dt=0.12859177589416504
raw_control = 0.26362699537865664 + 0.015986120666624564 + 0.0012039979474227466 = 0.280817113992704
Velocities: 0.2 0.280817113992704
Rel pose: (0.0158207, 0.000142814, 0.0230383)

Landmark 682 range: 0.6263237474140457 bearing: -0.3814033810950085
Raw z: 0.6613107608875652,x: 0.23313233855298382 y: 0.0693472531738418
Estimated landmark positions:
682: [0.90068005 0.25031739]
683: [ 0.81749998 -0.28616428]
Odometry measurement
[0.32638173004484766, 0.10893627717565996, 0.5806710421385134]
Covariance:
[[0.00303276 0.00113861 0.00327511]
 [0.00113861 0.00749662 0.01635157]
 [0.00327511 0.01635157 0.09760016]]
Estimated pose: 
(0.320214, 0.115393, 0.610996)

Current pose: (0.3202140958400729, 0.11539338943509088, 0.6109960085947775)
Goal pose: (0.5, 0.5, 0)
Dist: 0.4245529604476104
Moving to goal, dist: 0.4245529604476104, theta_diff: 0.5225268086374676
dt=0.0743873119354248
raw_control = 0.2122764802238052 + 0.015153748428120358 + -0.0 = 0.22743022865192555
dt=0.07429695129394531
raw_control = 0.2612634043187338 + 0.01637434215513575 + -0.00636255194529216 = 0.27127519452857735
Velocities: 0.2 0.27127519452857735
Rel pose: (0.0193169, 0.000215133, 0.0287979)

Estimated landmark positions:
682: [0.90068005 0.25031739]
683: [ 0.81749998 -0.28616428]
Odometry measurement
[0.3424144387259568, 0.1197130920133486, 0.6094689747964201]
Covariance:
[[0.00320457 0.00134372 0.00377788]
 [0.00134372 0.00819155 0.01813564]
 [0.00377788 0.01813564 0.10723845]]
Estimated pose: 
(0.335913, 0.126651, 0.639794)

Current pose: (0.335912676756523, 0.1266513662931913, 0.6397939412526844)
Goal pose: (0.5, 0.5, 0)
Dist: 0.40781595351328537
Moving to goal, dist: 0.40781595351328537, theta_diff: 0.5169131449070222
dt=0.09713435173034668
raw_control = 0.20390797675664268 + 0.01554987781081842 + -0.0 = 0.2194578545674611
dt=0.0971224308013916
raw_control = 0.2584565724535111 + 0.016876380766601373 + -0.005779986851775674 = 0.2695529663683368
Velocities: 0.2 0.2695529663683368
Rel pose: (0.0128785, 9.81576e-05, 0.0200713)

Estimated landmark positions:
682: [0.90068005 0.25031739]
683: [ 0.81749998 -0.28616428]
Odometry measurement
[0.3529180213690484, 0.1271656561777561, 0.6295402611943546]
Covariance:
[[0.00336183 0.00149915 0.00415829]
 [0.00149915 0.00871845 0.01943717]
 [0.00415829 0.01943717 0.11687673]]
Estimated pose: 
(0.346185, 0.134419, 0.659865)

Current pose: (0.346185466082319, 0.13441897599279923, 0.6598652276506188)
Goal pose: (0.5, 0.5, 0)
Dist: 0.3966212247957325
Moving to goal, dist: 0.3966212247957325, theta_diff: 0.5126742968175436
dt=0.10246753692626953
raw_control = 0.19831061239786624 + 0.01595628581079341 + -0.0 = 0.21426689820865966
dt=0.10246539115905762
raw_control = 0.2563371484087718 + 0.017401694490207415 + -0.004136858349468086 = 0.2696019845495111
Velocities: 0.2 0.2696019845495111
Rel pose: (0.0159912, 0.000147793, 0.023911)

Estimated landmark positions:
682: [0.90068005 0.25031739]
683: [ 0.81749998 -0.28616428]
Odometry measurement
[0.3657566735925213, 0.1367003137589178, 0.653451271946677]
Covariance:
[[0.00353873 0.00170434 0.00464924]
 [0.00170434 0.00939185 0.02120108]
 [0.00464924 0.02120108 0.12651502]]
Estimated pose: 
(0.358729, 0.144339, 0.683776)

Current pose: (0.3587291216654272, 0.14433852188650484, 0.6837762384029412)
Goal pose: (0.5, 0.5, 0)
Dist: 0.3826911915360711
Moving to goal, dist: 0.3826911915360711, theta_diff: 0.5089246373457145
dt=0.0985264778137207
raw_control = 0.19134559576803556 + 0.01633333796271726 + -0.0 = 0.20767893373075283
dt=0.09853219985961914
raw_control = 0.25446231867285724 + 0.017903149131011736 + -0.0038055168535477387 = 0.2685599509503212
Velocities: 0.2 0.2685599509503212
Rel pose: (0.0192742, 0.000220878, 0.0284489)

Estimated landmark positions:
682: [0.90068005 0.25031739]
683: [ 0.81749998 -0.28616428]
Odometry measurement
[0.38092588579925035, 0.14859302925767698, 0.6819001387541845]
Covariance:
[[0.00374384 0.00197689 0.00529185]
 [0.00197689 0.01024896 0.02349853]
 [0.00529185 0.02349853 0.1361533 ]]
Estimated pose: 
(0.373531, 0.156686, 0.712225)

Current pose: (0.37353076865043017, 0.1566857048634903, 0.7122251052104487)
Goal pose: (0.5, 0.5, 0)
Dist: 0.36586769702069827
Moving to goal, dist: 0.36586769702069827, theta_diff: 0.5056192598466029
dt=0.0994269847869873
raw_control = 0.18293384851034913 + 0.01669710918217453 + -0.0 = 0.19963095769252368
dt=0.09942388534545898
raw_control = 0.25280962992330147 + 0.01840585544420618 + -0.0033245306071339287 = 0.2678909547603737
Velocities: 0.19963095769252368 0.2678909547603737
Rel pose: (0.012836, 8.7269e-05, 0.0176278)

Estimated landmark positions:
682: [0.90068005 0.25031739]
683: [ 0.81749998 -0.28616428]
Odometry measurement
[0.3908364527061375, 0.15675092142120356, 0.6995279641993272]
Covariance:
[[0.00391713 0.00216704 0.00572416]
 [0.00216704 0.01090043 0.0251492 ]
 [0.00572416 0.0251492  0.14579159]]
Estimated pose: 
(0.383189, 0.16514, 0.729853)

Current pose: (0.38318942911898374, 0.16514033784981771, 0.7298529306555913)
Goal pose: (0.5, 0.5, 0)
Dist: 0.35464870337403337
Moving to goal, dist: 0.35464870337403337, theta_diff: 0.5053073462177945
dt=0.10085296630859375
raw_control = 0.17732435168701668 + 0.017054782919502208 + -0.0 = 0.1943791346065189
dt=0.1008610725402832
raw_control = 0.25265367310889725 + 0.01891551385322629 + -0.0003092507554724551 = 0.27125993620665106
Velocities: 0.1943791346065189 0.27125993620665106
Rel pose: (0.0159906, 0.000184393, 0.0280998)

Estimated landmark positions:
682: [0.90068005 0.25031739]
683: [ 0.81749998 -0.28616428]
Odometry measurement
[0.40295290334482026, 0.167187684558774, 0.7276277651564361]
Covariance:
[[0.00414779 0.00246977 0.00646712]
 [0.00246977 0.01170926 0.02730958]
 [0.00646712 0.02730958 0.15542988]]
Estimated pose: 
(0.394984, 0.17594, 0.757953)

Current pose: (0.3949838630333145, 0.17593967715968084, 0.7579527316127004)
Goal pose: (0.5, 0.5, 0)
Dist: 0.3406515549102595
Moving to goal, dist: 0.3406515549102595, theta_diff: 0.49945892076390885
dt=0.09924960136413574
raw_control = 0.17032577745512975 + 0.01739287822979137 + -0.0 = 0.18771865568492113
dt=0.0992426872253418
raw_control = 0.24972946038195443 + 0.019411190307779085 + -0.0058930543069698705 = 0.2632475963827637
Velocities: 0.18771865568492113 0.2632475963827637
Rel pose: (0.0188478, 0.000207757, 0.0275762)

Estimated landmark positions:
682: [0.90068005 0.25031739]
683: [ 0.81749998 -0.28616428]
Odometry measurement
[0.41688942887647, 0.17987852673100177, 0.7552039673379465]
Covariance:
[[0.0043942  0.00281983 0.00726616]
 [0.00281983 0.01274483 0.03005018]
 [0.00726616 0.03005018 0.16506816]]
Estimated pose: 
(0.408529, 0.189047, 0.785529)

Current pose: (0.40852919063608834, 0.1890472444051921, 0.7855289337942107)
Goal pose: (0.5, 0.5, 0)
Dist: 0.32412732864985855
Moving to goal, dist: 0.32412732864985855, theta_diff: 0.4991741685575183
dt=0.09997177124023438
raw_control = 0.16206366432492927 + 0.01771691406131629 + -0.0 = 0.17978057838624556
dt=0.09997034072875977
raw_control = 0.24958708427875914 + 0.01991021642491599 + -0.00028483668687612283 = 0.269212464016799
Velocities: 0.17978057838624556 0.269212464016799
Rel pose: (0.0125375, 8.59516e-05, 0.0174533)

Estimated landmark positions:
682: [0.90068005 0.25031739]
683: [ 0.81749998 -0.28616428]
Odometry measurement
[0.4259594557750746, 0.18853476984140177, 0.7726572598578899]
Covariance:
[[0.00459723 0.00306573 0.00781143]
 [0.00306573 0.01352001 0.03198826]
 [0.00781143 0.03198826 0.17470645]]
Estimated pose: 
(0.417333, 0.197975, 0.802982)

Current pose: (0.4173325873889117, 0.19797451377226274, 0.8029822263141542)
Goal pose: (0.5, 0.5, 0)
Dist: 0.3131346282973396
Moving to goal, dist: 0.3131346282973396, theta_diff: 0.5006475357278826
dt=0.09968781471252441
raw_control = 0.1565673141486698 + 0.018029071129374092 + -0.0 = 0.17459638527804391
dt=0.09968852996826172
raw_control = 0.2503237678639413 + 0.020409304593605442 + 0.0014779706058794969 = 0.27221104306342625
Velocities: 0.17459638527804391 0.27221104306342625
Rel pose: (0.0145411, 0.000156634, 0.0240855)

Estimated landmark positions:
682: [0.90068005 0.25031739]
683: [ 0.81749998 -0.28616428]
Odometry measurement
[0.4362623654950823, 0.19879717622494072, 0.7967428035354115]
Covariance:
[[0.00485335 0.0034084  0.00861337]
 [0.0034084  0.01442867 0.0343312 ]
 [0.00861337 0.0343312  0.18434473]]
Estimated pose: 
(0.42732, 0.208545, 0.827068)

Current pose: (0.4273196007423411, 0.20854458935260875, 0.8270677699916757)
Goal pose: (0.5, 0.5, 0)
Dist: 0.300380919553643
Moving to goal, dist: 0.300380919553643, theta_diff: 0.49934239454118456
dt=0.10013103485107422
raw_control = 0.1501904597768215 + 0.01832984565261833 + -0.0 = 0.16852030542943983
dt=0.1001291275024414
raw_control = 0.24967119727059228 + 0.02090929177650933 + -0.0013034580638547734 = 0.26927703098324685
Velocities: 0.16852030542943983 0.26927703098324685
Rel pose: (0.0170137, 0.000217511, 0.0303687)

Estimated landmark positions:
682: [0.90068005 0.25031739]
683: [ 0.81749998 -0.28616428]
Odometry measurement
[0.4480000581303986, 0.2111154125616265, 0.827111532520113]
Covariance:
[[0.00517486 0.00386806 0.00970699]
 [0.00386806 0.01552498 0.03718998]
 [0.00970699 0.03718998 0.19398302]]
Estimated pose: 
(0.438678, 0.221213, 0.857436)

Current pose: (0.4386784039262683, 0.22121305275977363, 0.8574364989763774)
Goal pose: (0.5, 0.5, 0)
Dist: 0.28545139708285655
Moving to goal, dist: 0.28545139708285655, theta_diff: 0.49684897956176277
dt=0.10016441345214844
raw_control = 0.14272569854142828 + 0.018615766370197333 + -0.0 = 0.1613414649116256
dt=0.10016775131225586
raw_control = 0.24842448978088139 + 0.021406974226754236 + -0.0024892392479182227 = 0.2673422247597174
Velocities: 0.1613414649116256 0.2673422247597174
Rel pose: (0.0113009, 6.3489e-05, 0.0153589)

Estimated landmark positions:
682: [0.90068005 0.25031739]
683: [ 0.81749998 -0.28616428]
Odometry measurement
[0.4556041025763262, 0.21947563196296804, 0.8424704299376626]
Covariance:
[[0.00539837 0.00414563 0.01029837]
 [0.00414563 0.01636558 0.03922863]
 [0.01029837 0.03922863 0.2036213 ]]
Estimated pose: 
(0.446025, 0.2298, 0.872795)

Current pose: (0.4460254677693102, 0.2297999854641975, 0.872795396393927)
Goal pose: (0.5, 0.5, 0)
Dist: 0.2755381969612737
Moving to goal, dist: 0.2755381969612737, theta_diff: 0.5008383664894394
dt=0.10079479217529297
raw_control = 0.13776909848063684 + 0.018893494523188 + -0.0 = 0.15666259300382485
dt=0.10079669952392578
raw_control = 0.2504191832447197 + 0.021911802770125135 + 0.003957854717980759 = 0.27628884073282556
Velocities: 0.15666259300382485 0.27628884073282556
Rel pose: (0.0162043, 0.000169206, 0.0251327)

Estimated landmark positions:
682: [0.90068005 0.25031739]
683: [ 0.81749998 -0.28616428]
Odometry measurement
[0.4662637191013613, 0.23168132524901566, 0.8676031711663812]
Covariance:
[[0.00571897 0.00460876 0.01132941]
 [0.00460876 0.01756631 0.04225679]
 [0.01132941 0.04225679 0.21325959]]
Estimated pose: 
(0.45631, 0.242323, 0.897928)

Current pose: (0.45631010284743817, 0.2423232699528537, 0.8979281376226456)
Goal pose: (0.5, 0.5, 0)
Dist: 0.26135436541407026
Moving to goal, dist: 0.26135436541407026, theta_diff: 0.5049123783293987
dt=0.0991206169128418
raw_control = 0.13067718270703513 + 0.019152550582515068 + -0.0 = 0.14982973328955018
dt=0.09911704063415527
raw_control = 0.25245618916469936 + 0.022412256977320764 + 0.00411030415546475 = 0.27897875029748487
Velocities: 0.14982973328955018 0.27897875029748487
Rel pose: (0.0129635, 0.00012175, 0.0244346)

Estimated landmark positions:
682: [0.90068005 0.25031739]
683: [ 0.81749998 -0.28616428]
Odometry measurement
[0.47455378497523826, 0.2416483707438057, 0.8920377806943018]
Covariance:
[[0.00605601 0.00506155 0.01240005]
 [0.00506155 0.01855794 0.04473178]
 [0.01240005 0.04473178 0.22289787]]
Estimated pose: 
(0.464294, 0.252537, 0.922363)

Current pose: (0.4642941532292702, 0.2525370903743092, 0.9223627471505658)
Goal pose: (0.5, 0.5, 0)
Dist: 0.2500255969576468
