Robot Name: locobot
Robot Model: locobot_px100
Initialized InterbotixRobotXSCore!

Turret Group Name: camera
Pan Name: pan, Profile Type: time, Profile Velocity: 2.0, Profile Acceleration: 0.3
Tilt Name: tilt, Profile Type: time, Profile Velocity: 2.0, Profile Acceleration: 0.3
Initialized InterbotixTurretXSInterface!

Initialized InterbotixKobukiInterface!

Arm Group Name: arm
Moving Time: 2.00 seconds
Acceleration Time: 0.30 seconds
Drive Mode: Time-Based-Profile
Initialized InterbotixArmXSInterface!

Gripper Name: gripper
Gripper Pressure: 50%
Initialized InterbotixGripperXSInterface!

Reset odom:[0.0, 0.0, 0.0]
Estimated landmark positions:
Searching for block.
Starting travel to block.
Block estimated at 1.034571667911911, 0.02334906535152999
Starting move to goal: (0.6846607704387868, 0.015451988072386742, None)
Rel pose: (0, 0, 0)

Landmark 682 range: 1.0889478051776431 bearing: 0.19367677429578964
Raw z: 1.262071835271314,x: -0.20958784378885786 y: -0.3263702849219454
Initial estimate for 682: (1.0685879739811521, 0.20958784378885786)
Landmark 683 range: 0.7508937554434866 bearing: -0.296772702695871
Raw z: 0.8098984729189641,x: 0.21958800444961518 y: -0.01457858410873495
Initial estimate for 683: (0.7180686180761965, -0.21958800444961515)
Estimated landmark positions:
682: [1.06858797 0.20958784]
683: [ 0.71806862 -0.219588  ]
Odometry measurement
[0.0, 0.0, 0.0]
Covariance:
[[ 2.00000000e-04 -5.55111512e-25  1.29740026e-21]
 [-5.55111512e-25  2.00000000e-04  3.45973403e-21]
 [ 1.29740026e-21  3.45973403e-21  9.73828555e-03]]
Estimated pose: 
(0, 0, 0)

Current pose: (0.0, 0.0, 0.0)
Goal pose: (0.6846607704387868, 0.015451988072386742, None)
Dist: 0.6848351148365731
Moving to goal, dist: 0.6848351148365731, theta_diff: 0.022564992828033727
error=0.6848351148365731, dt=0
raw_control = 0.20545053445097192 + 0.0 + 0 = 0.20545053445097192
error=0.022564992828033727, dt=0
raw_control = 0.015795494979623608 + 0.0 + 0 = 0.015795494979623608
Velocities: 0.2 0.015795494979623608
Rel pose: (0, 0, 0.000174533)

Landmark 682 range: 1.0896781421703294 bearing: 0.1935307611623411
Raw z: 1.2629534297234608,x: -0.20957227568996623 y: -0.3264820308769412
Landmark 683 range: 0.750967573211508 bearing: -0.2967210122709093
Raw z: 0.8099863642971346,x: 0.21957247017259365 y: -0.014425536024496992
Estimated landmark positions:
682: [1.06894373 0.2096708 ]
683: [ 0.71812815 -0.21951931]
Odometry measurement
[0.0, 0.0, 0.00017453292519964414]
Covariance:
[[ 2.99958827e-04 -4.74364321e-09 -3.94099361e-07]
 [-4.74364321e-09  2.99950664e-04 -4.03543115e-06]
 [-3.94099361e-07 -4.03543115e-06  1.90189432e-02]]
Estimated pose: 
(-1.7379e-07, -8.445e-08, 0.000169809)

Current pose: (-1.7379021421992647e-07, -8.445002659651464e-08, 0.00016980873599579382)
Goal pose: (0.6846607704387868, 0.015451988072386742, None)
Dist: 0.6848352904880013
Moving to goal, dist: 0.6848352904880013, theta_diff: 0.022395301649188383
error=0.6848352904880013, dt=0.09988856315612793
raw_control = 0.20545058714640038 + 0.0013681442633091188 + 1.7584738695838135e-07 = 0.20681890725709645
error=0.022395301649188383, dt=0.09988808631896973
raw_control = 0.015676711154431866 + 0.00011185119121367473 + -0.00033976259852145827 = 0.015448799747124084
Velocities: 0.2 0.015448799747124084
Rel pose: (0.000852921, -2.64698e-23, 0)

Landmark 682 range: 1.0887407649630443 bearing: 0.19372973297370047
Raw z: 1.2618269554985502,x: -0.20960457508053768 y: -0.3263608700065099
Landmark 683 range: 0.7500926883380886 bearing: -0.2967541043832637
Raw z: 0.8089424803411398,x: 0.21934040332021787 y: -0.014188908225212987
Estimated landmark positions:
682: [1.06902759 0.20970118]
683: [ 0.71814937 -0.21942437]
Odometry measurement
[0.0008529208703444453, 1.4886277597658227e-07, 0.00017453292519964414]
Covariance:
[[ 3.99835424e-04 -1.90045404e-08 -1.51808538e-06]
 [-1.90045404e-08  3.99809570e-04  3.77442524e-07]
 [-1.51808538e-06  3.77442524e-07  2.76361369e-02]]
Estimated pose: 
(0.000852594, -1.83094e-07, 0.000153)

Current pose: (0.0008525936466717584, -1.8309406083347565e-07, 0.00015300010417658598)
Goal pose: (0.6846607704387868, 0.015451988072386742, None)
Dist: 0.6839827426489017
Moving to goal, dist: 0.6839827426489017, theta_diff: 0.022440385522596112
error=0.6839827426489017, dt=0.10010862350463867
raw_control = 0.2051948227946705 + 0.0027375956806593004 + -0.0008516227765933675 = 0.20708079569873641
error=0.022440385522596112, dt=0.10010743141174316
raw_control = 0.01570826986581728 + 0.00022417365894149296 + 9.007098228761629e-05 = 0.01602251450704639
Velocities: 0.2 0.01602251450704639
Rel pose: (0.00784687, -8.7829e-07, 0.000174533)

Landmark 682 range: 1.0899536866279893 bearing: 0.1931579645279947
Raw z: 1.2621610069148799,x: -0.20922650980882904 y: -0.32206637622344275
Landmark 683 range: 0.7484592984771422 bearing: -0.29743896943940357
Raw z: 0.8069227669209513,x: 0.2193529082964921 y: -0.011576936283361306
Estimated landmark positions:
682: [1.07135073 0.20964358]
683: [ 0.71969808 -0.21935835]
Odometry measurement
[0.008699792900896652, 6.401099367000802e-07, 0.0003490658503990663]
Covariance:
[[ 4.99588752e-04 -6.45500762e-08 -3.56958941e-06]
 [-6.45500762e-08  5.01048671e-04  1.87982164e-04]
 [-3.56958941e-06  1.87982164e-04  3.53662322e-02]]
Estimated pose: 
(0.00868992, -1.23518e-06, 0.000272684)

Current pose: (0.008689923124880313, -1.2351801083237217e-06, 0.0002726836429091892)
Goal pose: (0.6846607704387868, 0.015451988072386742, None)
Dist: 0.6761474606379678
Moving to goal, dist: 0.6761474606379678, theta_diff: 0.022584118727727438
error=0.6761474606379678, dt=0.10071420669555664
raw_control = 0.20284423819139033 + 0.004099548782806661 + -0.007779718738805838 = 0.19916406823539115
error=0.022584118727727438, dt=0.10072112083435059
raw_control = 0.015808883109409207 + 0.0003379085465071307 + 0.00028540827175208613 = 0.016432199927668423
Velocities: 0.19916406823539115 0.016432199927668423
Rel pose: (0.0086145, 1.97243e-06, 0.0010472)

Landmark 682 range: 1.083693480345468 bearing: 0.19231226198952642
Raw z: 1.25357420713461,x: -0.20712529362883816 y: -0.3165567331930936
Landmark 683 range: 0.7396215372720061 bearing: -0.3025361050797641
Raw z: 0.7960713102101417,x: 0.22036438471552391 y: -0.004892822316461784
Estimated landmark positions:
682: [1.07322096 0.20944604]
683: [ 0.72048914 -0.21934389]
Odometry measurement
[0.017314292222773826, 5.619569442358581e-06, 0.0013962634015958209]
Covariance:
[[ 5.99177551e-04 -1.53344559e-07 -6.46524392e-06]
 [-1.53344559e-07  6.05866979e-04  4.38499136e-04]
 [-6.46524392e-06  4.38499136e-04  4.20964190e-02]]
Estimated pose: 
(0.0172936, 3.40458e-06, 0.0013981)

Current pose: (0.017293623976176654, 3.4045841716392476e-06, 0.00139809824892083)
Goal pose: (0.6846607704387868, 0.015451988072386742, None)
Dist: 0.6675459286891348
Moving to goal, dist: 0.6675459286891348, theta_diff: 0.021746320912537337
error=0.6675459286891348, dt=0.09958291053771973
raw_control = 0.2002637786067404 + 0.005429072112736044 + -0.008637558294276808 = 0.19705529242519965
error=0.021746320912537337, dt=0.09957408905029297
raw_control = 0.015222424638776134 + 0.0004461770512601928 + -0.0016827627009812663 = 0.01398583898905506
Velocities: 0.19705529242519965 0.01398583898905506
Rel pose: (0.01096, -5.13577e-07, 0)

Landmark 683 range: 0.7256338556650112 bearing: -0.3081824767518076
Raw z: 0.7791503662843607,x: 0.22010451841142534 y: 0.003353528385205174
Estimated landmark positions:
682: [1.0732215  0.20944388]
683: [ 0.72040853 -0.21930843]
Odometry measurement
[0.02827431556232786, 2.0409081778993808e-05, 0.0013962634015958209]
Covariance:
[[ 6.98861336e-04 -3.77843675e-07 -1.60225399e-05]
 [-3.77843675e-07  7.19194820e-04  8.47502537e-04]
 [-1.60225399e-05  8.47502537e-04  4.96461119e-02]]
Estimated pose: 
(0.0282541, 1.786e-05, 0.00139031)

Current pose: (0.028254113495830506, 1.786004440657794e-05, 0.0013903077293426816)
Goal pose: (0.6846607704387868, 0.015451988072386742, None)
Dist: 0.6565880836468265
Moving to goal, dist: 0.6565880836468265, theta_diff: 0.02211841888664022
error=0.6565880836468265, dt=0.1001119613647461
raw_control = 0.19697642509404795 + 0.0067437185299881195 + -0.010945590210129459 = 0.19277455341390662
error=0.02211841888664022, dt=0.1001591682434082
raw_control = 0.015482893220648154 + 0.0005569451731874516 + 0.0007430133069767629 = 0.016782851700812368
Velocities: 0.19277455341390662 0.016782851700812368
Rel pose: (0.0204701, 1.70076e-05, 0.00122173)

Landmark 682 range: 1.0705334874596075 bearing: 0.19227680939071354
Raw z: 1.2356614210305237,x: -0.20457278318075764 y: -0.3058465958730052
Landmark 683 range: 0.7167568880372339 bearing: -0.3120434220127445
Raw z: 0.7684474518473391,x: 0.22004724424995808 y: 0.008533554341028343
Estimated landmark positions:
682: [1.07750456 0.2090893 ]
683: [ 0.72200299 -0.21906507]
Odometry measurement
[0.04874436167717015, 6.599826008461116e-05, 0.002617993877991554]
Covariance:
[[ 7.97882179e-04 -7.88909976e-07 -1.84147529e-05]
 [-7.88909976e-07  8.67790242e-04  1.66240888e-03]
 [-1.84147529e-05  1.66240888e-03  5.33254087e-02]]
Estimated pose: 
(0.0486754, 6.17194e-05, 0.00271715)

Current pose: (0.04867537996248345, 6.171937643232224e-05, 0.0027171535665630555)
Goal pose: (0.6846607704387868, 0.015451988072386742, None)
Dist: 0.6361715784832184
Moving to goal, dist: 0.6361715784832184, theta_diff: 0.021477216023323996
error=0.6361715784832184, dt=0.09993457794189453
raw_control = 0.1908514735449655 + 0.008015229293875105 + -0.020429870805557443 = 0.17843683203328317
error=0.021477216023323996, dt=0.09988713264465332
raw_control = 0.015034051216326796 + 0.0006642100494754334 + -0.0012838547795686402 = 0.01441440648623359
Velocities: 0.17843683203328317 0.01441440648623359
Rel pose: (0.0111306, 1.72681e-06, 0.00122173)

Landmark 682 range: 1.0611612391986627 bearing: 0.19214384380684102
Raw z: 1.221076609100509,x: -0.20264330100196437 y: -0.29051909146007815
Landmark 683 range: 0.7054118000657177 bearing: -0.3201300319218087
Raw z: 0.7547987831724767,x: 0.22198603150583165 y: 0.021394629969673336
Estimated landmark positions:
682: [1.08077942 0.20883886]
683: [ 0.72305932 -0.21896897]
Odometry measurement
[0.05987493552145409, 9.686491468822653e-05, 0.003839724354387731]
Covariance:
[[ 8.96644341e-04 -1.06174454e-06 -2.17079275e-05]
 [-1.06174454e-06  1.00342451e-03  2.03398070e-03]
 [-2.17079275e-05  2.03398070e-03  5.66764996e-02]]
Estimated pose: 
(0.0597593, 9.98999e-05, 0.00425727)

Current pose: (0.05975930404841276, 9.989992491194146e-05, 0.0042572735291539964)
Goal pose: (0.6846607704387868, 0.015451988072386742, None)
Dist: 0.6250900169634191
Moving to goal, dist: 0.6250900169634191, theta_diff: 0.020304999912170992
error=0.6250900169634191, dt=0.10014033317565918
raw_control = 0.18752700508902573 + 0.00926716374514501 + -0.011066032205385936 = 0.1857281366287848
error=0.020304999912170992, dt=0.10014081001281738
raw_control = 0.014213499938519693 + 0.0007658780064011829 + -0.0023411356688705985 = 0.012638242276050277
Velocities: 0.1857281366287848 0.012638242276050277
Rel pose: (0.0107468, 1.44397e-06, 0.000523599)

Landmark 682 range: 1.0546459656470992 bearing: 0.192701896675237
Raw z: 1.2124111202681136,x: -0.20197680592708642 y: -0.28603369331014944
Landmark 683 range: 0.6993022052657926 bearing: -0.3242139446646612
Raw z: 0.7475094740674103,x: 0.22277235483435923 y: 0.026823126132195868
Estimated landmark positions:
682: [1.08373728 0.20864729]
683: [ 0.72433893 -0.21892767]
Odometry measurement
[0.07062165367274308, 0.00013957353245514154, 0.0043633231299859965]
Covariance:
[[ 9.95107203e-04 -1.47619502e-06 -2.81817598e-05]
 [-1.47619502e-06  1.14451855e-03  2.39734488e-03]
 [-2.81817598e-05  2.39734488e-03  5.95747335e-02]]
Estimated pose: 
(0.0704473, 0.000149627, 0.00497124)

Current pose: (0.07044732207792515, 0.0001496271943180466, 0.0049712384732355785)
Goal pose: (0.6846607704387868, 0.015451988072386742, None)
Dist: 0.614404038394755
Moving to goal, dist: 0.614404038394755, theta_diff: 0.01993735977476566
error=0.614404038394755, dt=0.10020899772644043
raw_control = 0.18432121151842648 + 0.010498540002877326 + -0.010663691695466016 = 0.1841560598258378
error=0.01993735977476566, dt=0.10020852088928223
raw_control = 0.013956151842335961 + 0.0008657726730745198 + -0.000733750252259543 = 0.014088174263150939
Velocities: 0.1841560598258378 0.014088174263150939
Rel pose: (0.0191481, 1.48267e-05, 0.0020944)

Landmark 683 range: 0.689750389841406 bearing: -0.3303481714922447
Raw z: 0.7362181905847236,x: 0.2237359850234635 y: 0.03522874821463646
Estimated landmark positions:
682: [1.08377695 0.20839266]
683: [ 0.72622707 -0.21905482]
Odometry measurement
[0.08976947246308767, 0.00023794905389355498, 0.006457718232379284]
Covariance:
[[ 1.09415865e-03 -2.44553199e-06 -4.70761852e-05]
 [-2.44553199e-06  1.34977548e-03  3.35867512e-03]
 [-4.70761852e-05  3.35867512e-03  6.53055771e-02]]
Estimated pose: 
(0.0895581, 0.000224781, 0.00606164)

Current pose: (0.08955809167544124, 0.00022478073333131435, 0.006061635882726292)
Goal pose: (0.6846607704387868, 0.015451988072386742, None)
Dist: 0.5952974601950324
Moving to goal, dist: 0.5952974601950324, theta_diff: 0.01952031155760494
error=0.5952974601950324, dt=0.10118699073791504
raw_control = 0.1785892380585097 + 0.011703267174698507 + -0.018882445322650876 = 0.17141005991055733
error=0.01952031155760494, dt=0.10119915008544922
raw_control = 0.013664218090323458 + 0.0009645446200261594 + -0.0008242128848089692 = 0.013804549825540649
Velocities: 0.17141005991055733 0.013804549825540649
Rel pose: (0.0105336, 1.48044e-05, 0.00314159)

Landmark 682 range: 1.047208668743144 bearing: 0.18804887482789517
Raw z: 1.1998849675766659,x: -0.195767831194793 y: -0.2679844919118102
Landmark 683 range: 0.6783674181663399 bearing: -0.33990405052982425
Raw z: 0.7227012430348284,x: 0.22616541369299772 y: 0.043850073936870085
Estimated landmark positions:
682: [1.08851802 0.20818979]
683: [ 0.72767607 -0.2189069 ]
Odometry measurement
[0.10030271319605114, 0.000320775397602065, 0.009599310885969107]
Covariance:
[[ 1.19164941e-03 -2.12463066e-06 -4.13539845e-05]
 [-2.12463066e-06  1.50908469e-03  3.63534485e-03]
 [-4.13539845e-05  3.63534485e-03  6.56260386e-02]]
Estimated pose: 
(0.0999639, 0.000319512, 0.00987103)

Current pose: (0.09996389854697238, 0.0003195120563321327, 0.009871033899180903)
Goal pose: (0.6846607704387868, 0.015451988072386742, None)
Dist: 0.584892660092815
Moving to goal, dist: 0.584892660092815, theta_diff: 0.016004080916018924
error=0.584892660092815, dt=0.09891295433044434
raw_control = 0.1754677980278445 + 0.012860336394217962 + -0.010519148045520316 = 0.17780898637654216
error=0.016004080916018924, dt=0.09890127182006836
raw_control = 0.011202856641213246 + 0.0010436858178714372 + -0.0071105873097023755 = 0.005135955149382307
Velocities: 0.17780898637654216 0.005135955149382307
Rel pose: (0.010235, 2.72419e-06, 0.00122173)

Landmark 683 range: 0.6683640966268145 bearing: -0.34782580534986934
Raw z: 0.71103906540896,x: 0.22781498982860068 y: 0.05245754308821614
Estimated landmark positions:
682: [1.08853204 0.20807978]
683: [ 0.72876527 -0.21908929]
Odometry measurement
[0.1105372652887441, 0.00042174737683581926, 0.01082104136236506]
Covariance:
[[ 1.29027635e-03 -3.19037503e-06 -6.88883868e-05]
 [-3.19037503e-06  1.68045259e-03  4.09584777e-03]
 [-6.88883868e-05  4.09584777e-03  7.06558595e-02]]
Estimated pose: 
(0.110168, 0.000409019, 0.0105595)

Current pose: (0.11016790378141943, 0.0004090189699234408, 0.01055946785310292)
Goal pose: (0.6846607704387868, 0.015451988072386742, None)
Dist: 0.5746897813252098
Moving to goal, dist: 0.5746897813252098, theta_diff: 0.015619329752747933
error=0.5746897813252098, dt=0.10018181800842285
raw_control = 0.1724069343975629 + 0.014011805735898412 + -0.010184361763875627 = 0.1762343783695857
error=0.015619329752747933, dt=0.10018253326416016
raw_control = 0.010933530826923553 + 0.001121925018997365 + -0.0007681002880142469 = 0.011287355557906671
Velocities: 0.1762343783695857 0.011287355557906671
Rel pose: (0.0179966, 3.6248e-05, 0.00366519)

Landmark 683 range: 0.6567053497539411 bearing: -0.35536167236400434
Raw z: 0.6974722438626957,x: 0.22848713989728764 y: 0.059673200459859355
Estimated landmark positions:
682: [1.0885609  0.20788341]
683: [ 0.73012323 -0.21923283]
Odometry measurement
[0.12853240403975022, 0.0006527312866413987, 0.014486232791553146]
Covariance:
[[ 1.38865448e-03 -4.33718455e-06 -9.17294956e-05]
 [-4.33718455e-06  1.93541320e-03  5.08162865e-03]
 [-9.17294956e-05  5.08162865e-03  7.48428869e-02]]
Estimated pose: 
(0.128117, 0.000586139, 0.0129981)

Current pose: (0.1281167419518779, 0.0005861391740238328, 0.012998101886928069)
Goal pose: (0.6846607704387868, 0.015451988072386742, None)
Dist: 0.5567425339489577
Moving to goal, dist: 0.5567425339489577, theta_diff: 0.013706550695261053
error=0.5567425339489577, dt=0.10026693344116211
raw_control = 0.16702276018468729 + 0.015128263067804893 + -0.017899467711141034 = 0.16425155554135115
error=0.013706550695261053, dt=0.10027050971984863
raw_control = 0.009594585486682737 + 0.0011906431602331036 + -0.0038152375266289162 = 0.0069699911202869246
Velocities: 0.16425155554135115 0.0069699911202869246
Rel pose: (0.010363, 1.84217e-05, 0.00349066)

Landmark 683 range: 0.648862337043441 bearing: -0.36707470524354274
Raw z: 0.6885430461423409,x: 0.23286796967093232 y: 0.06975297097047609
Landmark 682 range: 1.019154819571338 bearing: 0.1821696014082255
Raw z: 1.1622532557044207,x: -0.1846338570195853 y: -0.24398059415811324
Estimated landmark positions:
682: [1.09336805 0.20751629]
683: [ 0.73148639 -0.21898897]
Odometry measurement
[0.13889401191415743, 0.000821266124245827, 0.01797689129554181]
Covariance:
[[ 1.48412482e-03 -2.35463576e-06 -6.81289297e-05]
 [-2.35463576e-06  2.11369984e-03  5.20176407e-03]
 [-6.81289297e-05  5.20176407e-03  7.17624306e-02]]
Estimated pose: 
(0.138278, 0.000806484, 0.0181391)

Current pose: (0.1382779637595095, 0.0008064841784369031, 0.01813909192801808)
Goal pose: (0.6846607704387868, 0.015451988072386742, None)
Dist: 0.5465790539519715
Moving to goal, dist: 0.5465790539519715, theta_diff: 0.008658965636109222
error=0.5465790539519715, dt=0.10016512870788574
raw_control = 0.16397371618559145 + 0.016223226293567566 + -0.010146724841362927 = 0.1700502176377961
error=0.008658965636109222, dt=0.10018062591552734
raw_control = 0.006061275945276455 + 0.0012340161900934268 + -0.010076968501690084 = -0.002781676366320202
Velocities: 0.1700502176377961 -0.002781676366320202
Rel pose: (0.0122821, -3.34941e-07, 0.00226893)

Landmark 682 range: 1.0132640309444467 bearing: 0.17942584722354402
Raw z: 1.1544473866864686,x: -0.18083182823073 y: -0.2388895371466552
Landmark 683 range: 0.6428035504810458 bearing: -0.37474095437471794
Raw z: 0.6815249699199963,x: 0.23528633034909455 y: 0.07462381622483193
Estimated landmark positions:
682: [1.09783788 0.20721773]
683: [ 0.73301529 -0.21882014]
Odometry measurement
[0.1511740931791728, 0.0010417125984913068, 0.02024581932313452]
Covariance:
[[ 1.57921670e-03 -1.11619195e-06 -5.92972249e-05]
 [-1.11619195e-06  2.32070305e-03  5.51435380e-03]
 [-5.92972249e-05  5.51435380e-03  7.06111874e-02]]
Estimated pose: 
(0.150334, 0.00107796, 0.0215937)

Current pose: (0.15033350858725672, 0.0010779615162107557, 0.02159374142981954)
Goal pose: (0.6846607704387868, 0.015451988072386742, None)
Dist: 0.5345205659253827
Moving to goal, dist: 0.5345205659253827, theta_diff: 0.005300938522245363
error=0.5345205659253827, dt=0.10161113739013672
raw_control = 0.1603561697776148 + 0.01730949114680952 + -0.011867289685273542 = 0.16579837123915078
error=0.005300938522245363, dt=0.10161471366882324
raw_control = 0.0037106569655717537 + 0.0012609488575991267 + -0.00660933243350593 = -0.001637726610335049
Velocities: 0.16579837123915078 -0.001637726610335049
Rel pose: (0.0147555, 1.19686e-05, 0.0010472)

Landmark 683 range: 0.6308006618788671 bearing: -0.38411932946521427
Raw z: 0.6680326756140679,x: 0.2363879981644427 y: 0.08365623703004922
Estimated landmark positions:
682: [1.09785769 0.20703453]
683: [ 0.73436259 -0.21906912]
Odometry measurement
[0.16592635222410773, 0.0013523960028024545, 0.021293016874331272]
Covariance:
[[ 1.67674184e-03 -3.53949550e-06 -1.05760083e-04]
 [-3.53949550e-06  2.58213788e-03  6.26913020e-03]
 [-1.05760083e-04  6.26913020e-03  7.50706385e-02]]
Estimated pose: 
(0.165016, 0.00137696, 0.0216077)

Current pose: (0.1650163021913327, 0.0013769589321496925, 0.021607696954445494)
Goal pose: (0.6846607704387868, 0.015451988072386742, None)
Dist: 0.5198350505934338
Moving to goal, dist: 0.5198350505934338, theta_diff: 0.005471564904935541
error=0.5198350505934338, dt=0.09838390350341797
raw_control = 0.15595051517803013 + 0.018332359175915094 + -0.014926745950305426 = 0.1593561284036398
error=0.005471564904935541, dt=0.09836053848266602
raw_control = 0.0038300954334548787 + 0.0012878581611187425 + 0.00034694072505560264 = 0.005464894319629224
Velocities: 0.1593561284036398 0.005464894319629224
Rel pose: (0.00968065, 9.23693e-06, 0.0015708)

Landmark 682 range: 1.0022807196543015 bearing: 0.17827304369920202
Raw z: 1.1383714945908099,x: -0.17773469283081492 y: -0.22268207980821783
Landmark 683 range: 0.6274031417143293 bearing: -0.3895067740641332
Raw z: 0.6648042197492391,x: 0.2382451625917395 y: 0.09152110335763196
Estimated landmark positions:
682: [1.10263893 0.20680638]
683: [ 0.73595707 -0.21890666]
Odometry measurement
[0.1756046063187851, 0.0015677454072438315, 0.02286381320112585]
Covariance:
[[ 1.77034765e-03 -1.99733807e-06 -9.49405559e-05]
 [-1.99733807e-06  2.77339615e-03  6.35561836e-03]
 [-9.49405559e-05  6.35561836e-03  7.28314605e-02]]
Estimated pose: 
(0.174391, 0.00165038, 0.0245023)

Current pose: (0.1743908429634111, 0.0016503787973248514, 0.024502272342677683)
Goal pose: (0.6846607704387868, 0.015451988072386742, None)
Dist: 0.510456543992049
Moving to goal, dist: 0.510456543992049, theta_diff: 0.0025387982087501024
error=0.510456543992049, dt=0.10045170783996582
raw_control = 0.1531369631976147 + 0.019357883808356853 + -0.009336333650320973 = 0.16315851335565057
error=0.0025387982087501024, dt=0.10046076774597168
raw_control = 0.0017771587461250715 + 0.001300610641978899 + -0.005838630864540727 = -0.0027608614764367567
Velocities: 0.16315851335565057 -0.0027608614764367567
Rel pose: (0.009638, 7.85995e-06, 0.00261799)

Landmark 683 range: 0.6199426455521838 bearing: -0.39639964694277824
Raw z: 0.6560454403381312,x: 0.23935965755219105 y: 0.09368175219920291
Estimated landmark positions:
682: [1.10266165 0.2065834 ]
683: [ 0.73736662 -0.2191619 ]
Odometry measurement
[0.18523990869037196, 0.0017959455636168953, 0.025481807079117416]
Covariance:
[[ 1.86724007e-03 -2.95439717e-06 -1.39464448e-04]
 [-2.95439717e-06  2.98645555e-03  6.77136346e-03]
 [-1.39464448e-04  6.77136346e-03  7.70273878e-02]]
Estimated pose: 
(0.183933, 0.00185519, 0.0256963)

Current pose: (0.18393277796999338, 0.0018551930775809362, 0.025696252145760344)
Goal pose: (0.6846607704387868, 0.015451988072386742, None)
Dist: 0.5009125625056321
Moving to goal, dist: 0.5009125625056321, theta_diff: 0.0014511309536942747
error=0.5009125625056321, dt=0.11549019813537598
raw_control = 0.15027376875168963 + 0.02051489363020234 + -0.008263888745977877 = 0.16252477363591408
error=0.0014511309536942747, dt=0.1155233383178711
raw_control = 0.0010157916675859922 + 0.001308992616584257 + -0.0018830260117016875 = 0.0004417582724685618
Velocities: 0.16252477363591408 0.0004417582724685618
Rel pose: (0.0175275, 4.28054e-05, 0.00261799)

Landmark 682 range: 0.994123820170641 bearing: 0.17263346393344406
Raw z: 1.1268607989841695,x: -0.1707678672750266 y: -0.21108373181133375
Landmark 683 range: 0.6132588568323589 bearing: -0.4059873312136148
Raw z: 0.6491811924341141,x: 0.2421918836424467 y: 0.10312454576170145
Estimated landmark positions:
682: [1.10812045 0.20627755]
683: [ 0.73922208 -0.21893798]
Odometry measurement
[0.20276058994985083, 0.0022853201719689447, 0.028099800957108737]
Covariance:
[[ 1.95918466e-03 -4.62556971e-07 -1.17730310e-04]
 [-4.62556971e-07  3.30007077e-03  7.38718052e-03]
 [-1.17730310e-04  7.38718052e-03  7.41418535e-02]]
Estimated pose: 
(0.20102, 0.00241044, 0.0296925)

Current pose: (0.20101982600149695, 0.0024104386543504237, 0.029692466817984747)
Goal pose: (0.6846607704387868, 0.015451988072386742, None)
Dist: 0.4838167474854677
Moving to goal, dist: 0.4838167474854677, theta_diff: -0.002733645449310096
error=0.4838167474854677, dt=0.08631730079650879
raw_control = 0.1451450242456403 + 0.021350128744664174 + -0.019805780373586296 = 0.1466893726167182
error=-0.002733645449310096, dt=0.08628702163696289
raw_control = -0.001913551814517067 + 0.0012971987103826369 + -0.009699665890917093 = -0.010316018995051524
Velocities: 0.1466893726167182 -0.010316018995051524
Rel pose: (0.00933948, 8.835e-06, 0.00174533)

Landmark 682 range: 0.9798741599976905 bearing: 0.1732705794585418
Raw z: 1.1083296628588422,x: -0.1689350789040249 y: -0.2016941403173683
Landmark 683 range: 0.5998763177421826 bearing: -0.4199513895686787
Raw z: 0.6348288722086572,x: 0.24457921291465404 y: 0.11418200437814845
Estimated landmark positions:
682: [1.11236671 0.20617766]
683: [ 0.74057801 -0.2188279 ]
Odometry measurement
[0.21209613191199125, 0.0025565546006553895, 0.029845130209103402]
Covariance:
[[ 2.05064118e-03  2.51461020e-06 -1.08887374e-04]
 [ 2.51461020e-06  3.50634782e-03  7.47183456e-03]
 [-1.08887374e-04  7.47183456e-03  7.29124172e-02]]
Estimated pose: 
(0.209991, 0.00276096, 0.0328913)

Current pose: (0.20999076712453346, 0.0027609620593863557, 0.032891277952830006)
Goal pose: (0.6846607704387868, 0.015451988072386742, None)
Dist: 0.4748396299674406
Moving to goal, dist: 0.4748396299674406, theta_diff: -0.006161121853234697
error=0.4748396299674406, dt=0.09845209121704102
raw_control = 0.14245188899023217 + 0.02228510783592458 + -0.00911825986330421 = 0.15561873696285256
error=-0.006161121853234697, dt=0.09844255447387695
raw_control = -0.004312785297264287 + 0.0012668728816997744 + -0.006963404032417968 = -0.010009316447982482
Velocities: 0.15561873696285256 -0.010009316447982482
Rel pose: (0.00955271, -3.71413e-06, -0.000698132)

Landmark 682 range: 0.972649506992004 bearing: 0.17348826525684236
Raw z: 1.0987634814548557,x: -0.16789807110034863 y: -0.1958745848293697
Landmark 683 range: 0.5922246815033505 bearing: -0.42637272077272825
Raw z: 0.6268395365542067,x: 0.24492695059351738 y: 0.1204013475729364
Estimated landmark positions:
682: [1.11615969 0.20608539]
683: [ 0.74183483 -0.21873897]
Odometry measurement
[0.22164470146599702, 0.0028379017647066967, 0.029146998508305485]
Covariance:
[[ 2.14152889e-03  1.86410718e-06 -1.23824140e-04]
 [ 1.86410718e-06  3.72215178e-03  7.62655256e-03]
 [-1.23824140e-04  7.62655256e-03  7.24594236e-02]]
Estimated pose: 
(0.219176, 0.00312765, 0.03352)

Current pose: (0.21917554174978215, 0.0031276523191059633, 0.03352000355402462)
Goal pose: (0.6846607704387868, 0.015451988072386742, None)
Dist: 0.4656483516339498
Moving to goal, dist: 0.4656483516339498, theta_diff: -0.007049867797835674
error=0.4656483516339498, dt=0.10021233558654785
raw_control = 0.13969450549018494 + 0.023218382013509866 + -0.009171803331090729 = 0.1537410841726041
error=-0.007049867797835674, dt=0.10021090507507324
raw_control = -0.004934907458484971 + 0.001231549200065738 + -0.001773750958411504 = -0.0054771092168307365
Velocities: 0.1537410841726041 -0.0054771092168307365
Rel pose: (0.0164614, 8.69359e-06, 0.000523599)

Landmark 682 range: 0.97118125209553 bearing: 0.17384773008026863
Raw z: 1.0962456674230117,x: -0.1679884760800034 y: -0.1915123105318132
Landmark 683 range: 0.5899461458790314 bearing: -0.4305588504727096
Raw z: 0.6248790669039479,x: 0.24623096325047789 y: 0.12488718743045514
Estimated landmark positions:
682: [1.12036172 0.20593442]
683: [ 0.74355392 -0.21869524]
Odometry measurement
[0.23809882650736489, 0.003326323259592661, 0.02967059728390376]
Covariance:
[[ 2.23175706e-03  7.29654162e-07 -1.39762558e-04]
 [ 7.29654162e-07  4.05435250e-03  8.25534682e-03]
 [-1.39762558e-04  8.25534682e-03  7.22837146e-02]]
Estimated pose: 
(0.235151, 0.00369754, 0.034303)

Current pose: (0.23515110957489535, 0.003697537877310746, 0.03430297127099268)
Goal pose: (0.6846607704387868, 0.015451988072386742, None)
Dist: 0.4496633210629473
Moving to goal, dist: 0.4496633210629473, theta_diff: -0.008159435099412526
error=0.4496633210629473, dt=0.10022735595703125
raw_control = 0.1348989963188842 + 0.0241197533283298 + -0.015948770092124816 = 0.14306997955508918
error=-0.008159435099412526, dt=0.10023164749145508
raw_control = -0.005711604569588768 + 0.001190657518935052 + -0.002214005913993273 = -0.00673495296464699
Velocities: 0.14306997955508918 -0.00673495296464699
Rel pose: (0.00908361, 2.68697e-06, 0.000349066)

Landmark 682 range: 0.9605174759776489 bearing: 0.1752095267752533
Raw z: 1.0817931940454415,x: -0.16743208547841448 y: -0.18093828665447487
Estimated landmark positions:
682: [1.12390351 0.20619896]
683: [ 0.74356314 -0.21846431]
Odometry measurement
[0.24717835558040788, 0.003598485547766116, 0.030019663134302828]
Covariance:
[[ 2.32655878e-03  5.45879640e-06 -7.17089165e-05]
 [ 5.45879640e-06  4.29167318e-03  8.62588097e-03]
 [-7.17089165e-05  8.62588097e-03  7.65102511e-02]]
Estimated pose: 
(0.243947, 0.00406194, 0.0368607)

Current pose: (0.2439468222415135, 0.004061935264441866, 0.03686072937852381)
Goal pose: (0.6846607704387868, 0.015451988072386742, None)
Dist: 0.44086110901121306
Moving to goal, dist: 0.44086110901121306, theta_diff: -0.011021933237506332
error=0.44086110901121306, dt=0.10032939910888672
raw_control = 0.1322583327033639 + 0.02500437993148125 + -0.00877331283742793 = 0.1484893997974172
error=-0.011021933237506332, dt=0.10032486915588379
raw_control = -0.007715353266254432 + 0.0011353688184401664 + -0.005706457755047922 = -0.012286442202862187
Velocities: 0.1484893997974172 -0.012286442202862187
Rel pose: (0.00938213, 1.22812e-06, 0.000349066)

Landmark 682 range: 0.9567082604484849 bearing: 0.17522547220292176
Raw z: 1.0767154527228293,x: -0.1667831056749106 y: -0.1774403114365443
Estimated landmark positions:
682: [1.12730462 0.20656088]
683: [ 0.74354948 -0.21829858]
Odometry measurement
[0.2565562210792243, 0.003881319179786141, 0.030368728984701446]
Covariance:
[[ 2.42121753e-03  1.08464551e-05 -5.94383975e-06]
 [ 1.08464551e-05  4.54029585e-03  9.02806784e-03]
 [-5.94383975e-06  9.02806784e-03  7.99758589e-02]]
Estimated pose: 
(0.253029, 0.00444953, 0.039367)

Current pose: (0.25302948121275737, 0.004449527108675481, 0.039366999160731955)
Goal pose: (0.6846607704387868, 0.015451988072386742, None)
Dist: 0.43177149510612933
Moving to goal, dist: 0.43177149510612933, theta_diff: -0.013882102268857999
error=0.43177149510612933, dt=0.10027742385864258
raw_control = 0.1295314485318388 + 0.025870318595977992 + -0.00906446691121326 = 0.14633730021660352
error=-0.013882102268857999, dt=0.10028982162475586
raw_control = -0.009717471588200598 + 0.001065757140424147 + -0.005703807196014902 = -0.014355521643791353
Velocities: 0.14633730021660352 -0.014355521643791353
Rel pose: (0.015907, 9.31137e-06, 0.000872665)

Landmark 682 range: 0.947542606389368 bearing: 0.17623210692553795
Raw z: 1.0645371416582297,x: -0.1661243954168209 y: -0.16939603486031307
Estimated landmark positions:
682: [1.13064049 0.2070094 ]
683: [ 0.74351677 -0.21818424]
Odometry measurement
[0.27245557488986255, 0.004373626498341098, 0.031241393610698782]
Covariance:
[[2.51569872e-03 1.84174799e-05 6.23205828e-05]
 [1.84174799e-05 4.92221135e-03 9.91838401e-03]
 [6.23205828e-05 9.91838401e-03 8.27480327e-02]]
Estimated pose: 
(0.268613, 0.00512482, 0.0423025)

Current pose: (0.26861288343968975, 0.005124822399954896, 0.04230252691710203)
Goal pose: (0.6846607704387868, 0.015451988072386742, None)
Dist: 0.4161760380262652
Moving to goal, dist: 0.4161760380262652, theta_diff: -0.01748556280340985
error=0.4161760380262652, dt=0.1000208854675293
raw_control = 0.12485281140787954 + 0.026702844512653097 + -0.015592200575875773 = 0.13596345534465687
error=-0.01748556280340985, dt=0.10000801086425781
raw_control = -0.012239893962386894 + 0.0009783223226835932 + -0.007206343778685638 = -0.01846791541838894
Velocities: 0.13596345534465687 -0.01846791541838894
Rel pose: (0.00869979, 3.72157e-07, 0)

Landmark 682 range: 0.9407584919950184 bearing: 0.17721564282803945
Raw z: 1.0552840591948105,x: -0.16584585428524531 y: -0.16181228050307125
Estimated landmark positions:
682: [1.13369652 0.20748179]
683: [ 0.7434742  -0.21811104]
Odometry measurement
[0.28115111098159545, 0.004645747919693304, 0.031241393610698782]
Covariance:
[[2.60991511e-03 2.42222803e-05 1.18203295e-04]
 [2.42222803e-05 5.17535660e-03 1.02435096e-02]
 [1.18203295e-04 1.02435096e-02 8.50445334e-02]]
Estimated pose: 
(0.276997, 0.00551893, 0.0441711)

Current pose: (0.27699717277434116, 0.005518930830140626, 0.044171125722477535)
Goal pose: (0.6846607704387868, 0.015451988072386742, None)
Dist: 0.4077845932436594
Moving to goal, dist: 0.4077845932436594, theta_diff: -0.019810127414447543
error=0.4077845932436594, dt=0.10292530059814453
raw_control = 0.12233537797309782 + 0.02754227154943101 + -0.008152946587320494 = 0.14172470293520834
error=-0.019810127414447543, dt=0.10293912887573242
raw_control = -0.013867089190113278 + 0.0008763604597355684 + -0.0045163867936825 = -0.01750711552406021
Velocities: 0.14172470293520834 -0.01750711552406021
Rel pose: (0.00891302, -3.52366e-18, -0.000349066)

Landmark 682 range: 0.932597982271127 bearing: 0.1777522498605835
Raw z: 1.0443044365664214,x: -0.16489981927106742 y: -0.15316375794007575
Estimated landmark positions:
682: [1.13646627 0.20793798]
683: [ 0.74342987 -0.21805906]
Odometry measurement
[0.2900597849009184, 0.004924157892384908, 0.03089232776029994]
Covariance:
[[2.70383562e-03 2.95448976e-05 1.67622981e-04]
 [2.95448976e-05 5.43860151e-03 1.05934680e-02]
 [1.67622981e-04 1.05934680e-02 8.69459665e-02]]
Estimated pose: 
(0.2856, 0.00593535, 0.0456526)

Current pose: (0.2855995962432231, 0.005935345031515755, 0.045652592061573294)
Goal pose: (0.6846607704387868, 0.015451988072386742, None)
Dist: 0.3991746325170343
Moving to goal, dist: 0.3991746325170343, theta_diff: -0.021809531872249543
error=0.3991746325170343, dt=0.09723734855651855
raw_control = 0.11975238975511028 + 0.028318565206970594 + -0.008854581963041331 = 0.13921637299903952
error=-0.021809531872249543, dt=0.09722423553466797
raw_control = -0.015266672310574679 + 0.0007703397065531465 + -0.004112975425945228 = -0.018609308029966763
Velocities: 0.13921637299903952 -0.018609308029966763
Rel pose: (0.0148408, 1.59283e-06, 0)

Estimated landmark positions:
682: [1.13646627 0.20793798]
683: [ 0.74342987 -0.21805906]
Odometry measurement
[0.3048934778612407, 0.005384144618874126, 0.03089232776029994]
Covariance:
[[2.80383508e-03 3.20136317e-05 1.67484491e-04]
 [3.20136317e-05 5.87218293e-03 1.18838177e-02]
 [1.67484491e-04 1.18838177e-02 9.65842520e-02]]
Estimated pose: 
(0.300425, 0.00661422, 0.0456526)

Current pose: (0.3004248840796961, 0.006614222929824591, 0.045652592061573294)
Goal pose: (0.6846607704387868, 0.015451988072386742, None)
Dist: 0.3843375111264462
Moving to goal, dist: 0.3843375111264462, theta_diff: -0.022655762670128254
error=0.3843375111264462, dt=0.10204052925109863
raw_control = 0.11530125333793385 + 0.029102925267898445 + -0.014540419869909999 = 0.1298637587359223
error=-0.022655762670128254, dt=0.10204625129699707
raw_control = -0.015859033869089777 + 0.0006547429240150948 + -0.001658524026357082 = -0.016862814971431765
Velocities: 0.1298637587359223 -0.016862814971431765
Rel pose: (0.00840127, 2.34459e-06, 0.000698132)

Landmark 682 range: 0.9205142007366759 bearing: 0.17986272261404307
Raw z: 1.0292136857711445,x: -0.16467493895906463 y: -0.14848140893086792
Estimated landmark positions:
682: [1.13942103 0.20847416]
683: [ 0.74337259 -0.21802867]
Odometry measurement
[0.31329066716306003, 0.005645981603453644, 0.03159045946109763]
Covariance:
[[2.89652981e-03 4.30003688e-05 2.42563077e-04]
 [4.30003688e-05 6.13549406e-03 1.20479348e-02]
 [2.42563077e-04 1.20479348e-02 9.48691607e-02]]
Estimated pose: 
(0.308443, 0.00703055, 0.04852)

Current pose: (0.30844295908536995, 0.007030551570568487, 0.048519994254336445)
Goal pose: (0.6846607704387868, 0.015451988072386742, None)
Dist: 0.37631205424794634
Moving to goal, dist: 0.37631205424794634, theta_diff: -0.026139261313407935
error=0.37631205424794634, dt=0.098297119140625
raw_control = 0.11289361627438389 + 0.02984273308450772 + -0.008164488388534112 = 0.1345718609703575
error=-0.026139261313407935, dt=0.0982978343963623
raw_control = -0.018297482919385554 + 0.0005262712850236642 + -0.007087640668121564 = -0.024858852302483456
Velocities: 0.1345718609703575 -0.024858852302483456
Rel pose: (0.00865714, 5.73866e-06, 0.00139626)

Landmark 682 range: 0.9146941467765713 bearing: 0.17879581344072382
Raw z: 1.0206620803401134,x: -0.16267351761250898 y: -0.136197846493978
Estimated landmark positions:
682: [1.14220268 0.20900931]
683: [ 0.74331258 -0.21801532]
Odometry measurement
[0.32194331071098625, 0.005925155076253293, 0.032986722862693]
Covariance:
[[2.98903463e-03 5.63609703e-05 3.16951899e-04]
 [5.63609703e-05 6.41066933e-03 1.22744926e-02]
 [3.16951899e-04 1.22744926e-02 9.40653861e-02]]
Estimated pose: 
(0.316712, 0.00747064, 0.0518377)

Current pose: (0.31671243000883315, 0.00747063549528678, 0.051837651796304465)
Goal pose: (0.6846607704387868, 0.015451988072386742, None)
Dist: 0.36803489401701717
Moving to goal, dist: 0.36803489401701717, theta_diff: -0.030149549813734744
error=0.36803489401701717, dt=0.10011076927185059
raw_control = 0.11041046820510515 + 0.030579618211686272 + -0.00826800182551046 = 0.13272208459128096
error=-0.030149549813734744, dt=0.10011816024780273
raw_control = -0.02110468486961432 + 0.00037534541204113387 + -0.008011111051982841 = -0.02874045050955603
Velocities: 0.13272208459128096 -0.02874045050955603
Rel pose: (0.0140732, 1.49607e-06, 0.000523599)

Landmark 682 range: 0.9077531367241084 bearing: 0.17908430549072574
Raw z: 1.0116730668510197,x: -0.1616967937803103 y: -0.13055385046226967
Estimated landmark positions:
682: [1.14499817 0.20956859]
683: [ 0.74324802 -0.2180126 ]
Odometry measurement
[0.3360087996278263, 0.00639079470676409, 0.03351032163829126]
Covariance:
[[3.08117013e-03 6.95567376e-05 3.77234200e-04]
 [6.95567376e-05 6.82982640e-03 1.29855278e-02]
 [3.77234200e-04 1.29855278e-02 9.36984694e-02]]
Estimated pose: 
(0.330361, 0.00821341, 0.0542496)

Current pose: (0.33036050563947905, 0.008213408183953257, 0.054249614640075015)
Goal pose: (0.6846607704387868, 0.015451988072386742, None)
Dist: 0.3543742014815142
Moving to goal, dist: 0.3543742014815142, theta_diff: -0.03382182017980817
error=0.3543742014815142, dt=0.09996533393859863
raw_control = 0.10631226044445426 + 0.03128812091949275 + -0.013665429801788798 = 0.12393495156215821
error=-0.03382182017980817, dt=0.09995746612548828
raw_control = -0.023675274125865717 + 0.0002063082397948573 + -0.007347665979173976 = -0.030816631865244838
Velocities: 0.12393495156215821 -0.030816631865244838
Rel pose: (0.00801746, 1.96499e-06, 0.000523599)

Landmark 682 range: 0.9062727270478749 bearing: 0.1790125522621907
Raw z: 1.0093095277754043,x: -0.16136910204888558 y: -0.1257465650277855
Estimated landmark positions:
682: [1.14778349 0.2101486 ]
683: [ 0.74317922 -0.21802114]
Odometry measurement
[0.34402168855610593, 0.006661375838264196, 0.03403392041388953]
Covariance:
[[3.17297329e-03 8.09232214e-05 4.33303240e-04]
 [8.09232214e-05 7.10151812e-03 1.31611806e-02]
 [4.33303240e-04 1.31611806e-02 9.36844582e-02]]
