Robot Name: locobot
Robot Model: locobot_px100
Initialized InterbotixRobotXSCore!

Turret Group Name: camera
Pan Name: pan, Profile Type: time, Profile Velocity: 2.0, Profile Acceleration: 0.3
Tilt Name: tilt, Profile Type: time, Profile Velocity: 2.0, Profile Acceleration: 0.3
Initialized InterbotixTurretXSInterface!

Initialized InterbotixKobukiInterface!

Arm Group Name: arm
Moving Time: 2.00 seconds
Acceleration Time: 0.30 seconds
Drive Mode: Time-Based-Profile
Initialized InterbotixArmXSInterface!

Gripper Name: gripper
Gripper Pressure: 50%
Initialized InterbotixGripperXSInterface!

Reset odom:[0.0, 0.0, 0.000523598775598266]
Estimated landmark positions:
Searching for block.
Starting travel to block.
Block estimated at 1.0191382442988772, 0.04311192772761985
Starting move to goal: (0.6694432875062751, 0.028502437872730303, None)
Rel pose: (0, 0, 0.00349066)

Landmark 682 range: 1.109504225387927 bearing: 0.23721263256446903
Raw z: 1.2833310794438186,x: -0.26072709189035714 y: -0.32862443085789794
Initial estimate for 682: (1.077379206151732, 0.2650540931687872)
Landmark 681 range: 0.5869408655407626 bearing: 0.15298728588063426
Raw z: 0.6326453224665233,x: -0.08944462469380306 y: 0.1260499698507939
Initial estimate for 681: (0.579721817752205, 0.09177251039292085)
Estimated landmark positions:
681: [0.57972182 0.09177251]
682: [1.07737921 0.26505409]
Odometry measurement
[0.0, 0.0, 0.004014257279587152]
Covariance:
[[ 2.00000000e-04  2.22044605e-24  2.16233377e-22]
 [ 2.22044605e-24  2.00000000e-04 -8.64933507e-22]
 [ 2.16233377e-22 -8.64933507e-22  9.73828555e-03]]
Estimated pose: 
(0, 0, 0.00401426)

Current pose: (0.0, 0.0, 0.004014257279587152)
Goal pose: (0.6694432875062751, 0.028502437872730303, None)
Dist: 0.67004977736874
Moving to goal, dist: 0.67004977736874, theta_diff: 0.03853637333065183
error=0.67004977736874, dt=0
raw_control = 0.201014933210622 + 0.0 + 0 = 0.201014933210622
error=0.03853637333065183, dt=0
raw_control = 0.026975461331456282 + 0.0 + 0 = 0.026975461331456282
Velocities: 0.2 0.026975461331456282
Rel pose: (0, 0, 0)

Landmark 682 range: 1.1089914391640883 bearing: 0.23725662738158168
Raw z: 1.2826164555336732,x: -0.2606540134351599 y: -0.3281548088512747
Landmark 681 range: 0.5866710887395048 bearing: 0.15326396826619676
Raw z: 0.6323193110315105,x: -0.08956393533991873 y: 0.1260345186886011
Estimated landmark positions:
681: [0.57957625 0.09182986]
682: [1.07712528 0.26501331]
Odometry measurement
[0.0, 0.0, 0.004014257279587152]
Covariance:
[[ 2.99959420e-04  4.43168106e-09  8.75790227e-07]
 [ 4.43168106e-09  2.99928827e-04 -4.74740519e-06]
 [ 8.75790227e-07 -4.74740519e-06  1.90190123e-02]]
Estimated pose: 
(1.6887e-07, -6.47853e-08, 0.00400831)

Current pose: (1.688703532258383e-07, -6.478528939572055e-08, 0.004008309780095435)
Goal pose: (0.6694432875062751, 0.028502437872730303, None)
Dist: 0.6700496114070654
Moving to goal, dist: 0.6700496114070654, theta_diff: 0.038542428150587046
error=0.6700496114070654, dt=0.10005068778991699
raw_control = 0.20101488342211962 + 0.00033519462237321755 + -4.976327848151852e-07 = 0.20134958041170803
error=0.038542428150587046, dt=0.10007286071777344
raw_control = 0.02697969970541093 + 7.714102088076975e-05 + 1.210082312384615e-05 = 0.027068941549415547
Velocities: 0.2 0.027068941549415547
Rel pose: (0.00200436, -1.93522e-07, -0.000174533)

Landmark 682 range: 1.1097482063704616 bearing: 0.23724664344181765
Raw z: 1.2835037621692105,x: -0.2608211124325714 y: -0.32821058778358214
Landmark 681 range: 0.5867314790687294 bearing: 0.15340346970457047
Raw z: 0.6324132968541394,x: -0.08965404438149481 y: 0.1261658898926489
Estimated landmark positions:
681: [0.58021464 0.09185694]
682: [1.07796502 0.26501356]
Odometry measurement
[0.0020043486448215256, 7.85249119317758e-06, 0.0038397243543872865]
Covariance:
[[3.99838036e-04 1.95006638e-08 3.37591074e-06]
 [1.95006638e-08 3.99763429e-04 1.91175332e-05]
 [3.37591074e-06 1.91175332e-05 2.76366511e-02]]
Estimated pose: 
(0.00200273, 7.89968e-06, 0.00386997)

Current pose: (0.002002725642969025, 7.899684490226545e-06, 0.003869969414706012)
Goal pose: (0.6694432875062751, 0.028502437872730303, None)
Dist: 0.6680485329128167
Moving to goal, dist: 0.6680485329128167, theta_diff: 0.03879636984315679
error=0.6680485329128167, dt=0.1060175895690918
raw_control = 0.20041455987384502 + 0.0006893190982461422 + -0.005662490070889364 = 0.1954413889012018
error=0.03879636984315679, dt=0.10609769821166992
raw_control = 0.027157458890209752 + 0.00015946513166732138 + 0.0004786940656584642 = 0.027795618087535535
Velocities: 0.1954413889012018 0.027795618087535535
Rel pose: (0.00341168, 1.29511e-06, 0.000174533)

Landmark 682 range: 1.109335852544436 bearing: 0.2371109965967266
Raw z: 1.2831362755339277,x: -0.2605779327949234 y: -0.32859085985697656
Landmark 681 range: 0.5860551731724674 bearing: 0.1526977156059478
Raw z: 0.6316990610945149,x: -0.08914192717040649 y: 0.12648628293533362
Estimated landmark positions:
681: [0.58122565 0.09180091]
682: [1.0791188  0.26506161]
Odometry measurement
[0.0054160017162501305, 2.2247478605211766e-05, 0.004014257279587152]
Covariance:
[[4.99596291e-04 5.88479787e-08 8.00694889e-06]
 [5.88479787e-08 4.99723317e-04 8.42834095e-05]
 [8.00694889e-06 8.42834095e-05 3.53736127e-02]]
Estimated pose: 
(0.00540903, 2.36641e-05, 0.00418456)

Current pose: (0.005409030182674338, 2.3664063936399997e-05, 0.0041845618486700984)
Goal pose: (0.6694432875062751, 0.028502437872730303, None)
Dist: 0.6646446685688214
Moving to goal, dist: 0.6646446685688214, theta_diff: 0.03867667917913215
error=0.6646446685688214, dt=0.09531617164611816
raw_control = 0.19939340057064642 + 0.0010060760248110578 + -0.01071338982213708 = 0.1896860867733204
error=0.03867667917913215, dt=0.09521007537841797
raw_control = 0.027073675425392504 + 0.0002331133224679626 + -0.0002514243656439133 = 0.027055364382216552
Velocities: 0.1896860867733204 0.027055364382216552
Rel pose: (0.014457, 2.67209e-06, 0.000872665)

Landmark 681 range: 0.5796793915237167 bearing: 0.1542131408654839
Raw z: 0.6250963009409283,x: -0.08904027659141704 y: 0.1309193242169775
Landmark 682 range: 1.107454119990983 bearing: 0.23726499591288092
Raw z: 1.2797407396509364,x: -0.26030169469114334 y: -0.32382192956480166
Estimated landmark positions:
681: [0.58340577 0.0919096 ]
682: [1.08224489 0.26535593]
Odometry measurement
[0.01987288246919168, 8.295353731116358e-05, 0.004886921905584264]
Covariance:
[[5.99195400e-04 2.74651818e-07 1.57029856e-05]
 [2.74651818e-07 6.07933029e-04 5.28472085e-04]
 [1.57029856e-05 5.28472085e-04 4.20880385e-02]]
Estimated pose: 
(0.0198444, 9.03771e-05, 0.00540669)

Current pose: (0.019844354369852334, 9.037706582247444e-05, 0.0054066903809752405)
Goal pose: (0.6694432875062751, 0.028502437872730303, None)
Dist: 0.6502199774932128
Moving to goal, dist: 0.6502199774932128, theta_diff: 0.03830330159343452
error=0.6502199774932128, dt=0.09957718849182129
raw_control = 0.19506599324796384 + 0.001329811411111005 + -0.04345781788203445 = 0.15293798677704037
error=0.03830330159343452, dt=0.09957289695739746
raw_control = 0.026812311115404164 + 0.0003093927365217861 + -0.000749958265967457 = 0.026371745585958492
Velocities: 0.15293798677704037 0.026371745585958492
Rel pose: (0.0103203, 5.10599e-06, 0.00122173)

Landmark 681 range: 0.5597485003701633 bearing: 0.1565570904685838
Raw z: 0.6042687849760928,x: -0.08727505411658354 y: 0.14218252179243074
Estimated landmark positions:
681: [0.58325027 0.09178717]
682: [1.08223888 0.26538166]
Odometry measurement
[0.03019307456421047, 0.0001384939649772912, 0.006108652381980662]
Covariance:
[[6.98887866e-04 5.96051853e-07 2.25156468e-05]
 [5.96051853e-07 7.21324014e-04 8.98328306e-04]
 [2.25156468e-05 8.98328306e-04 4.96374815e-02]]
Estimated pose: 
(0.0301653, 0.000154371, 0.00672292)

Current pose: (0.030165263171810022, 0.00015437101935232708, 0.006722923152013855)
Goal pose: (0.6694432875062751, 0.028502437872730303, None)
Dist: 0.6399062472669731
Moving to goal, dist: 0.6399062472669731, theta_diff: 0.03759192367073716
error=0.6399062472669731, dt=0.10000848770141602
raw_control = 0.19197187418009193 + 0.001649791691410297 + -0.03093856470572452 = 0.16268310116577772
error=0.03759192367073716, dt=0.10007548332214355
raw_control = 0.02631434656951601 + 0.00038463333512894906 + -0.0014216827120533259 = 0.02527729719259163
Velocities: 0.16268310116577772 0.02527729719259163
Rel pose: (0.0145423, 3.05913e-06, 0.00174533)

Landmark 682 range: 1.0844389973426785 bearing: 0.23656767312988414
Raw z: 1.2495905984978213,x: -0.2541570217898492 y: -0.30929709051695453
Landmark 681 range: 0.5513888346098176 bearing: 0.15658372718119187
Raw z: 0.5959098006423139,x: -0.08598613648166128 y: 0.14780754634898213
Estimated landmark positions:
681: [0.58398612 0.09179401]
682: [1.0845952  0.26526366]
Odometry measurement
[0.04473508445577971, 0.00023038634015034462, 0.007853981633974882]
Covariance:
[[7.97946302e-04 1.31464685e-06 3.99436286e-05]
 [1.31464685e-06 8.51735173e-04 1.43136248e-03]
 [3.99436286e-05 1.43136248e-03 5.33599189e-02]]
Estimated pose: 
(0.0446816, 0.000273652, 0.0092414)

Current pose: (0.04468159020293746, 0.0002736524581532103, 0.009241403839962789)
Goal pose: (0.6694432875062751, 0.028502437872730303, None)
Dist: 0.6253991067656953
Moving to goal, dist: 0.6253991067656953, theta_diff: 0.03591117044494782
error=0.6253991067656953, dt=0.0997934341430664
raw_control = 0.18761973202970858 + 0.001961845314281072 + -0.04361150798903252 = 0.14597006935495713
error=0.03591117044494782, dt=0.09976530075073242
raw_control = 0.025137819311463472 + 0.00045628710952396974 + -0.003369414441978715 = 0.022224691979008726
Velocities: 0.14597006935495713 0.022224691979008726
Rel pose: (0.0105762, 6.7807e-06, 0.000349066)

Landmark 682 range: 1.0790633376298429 bearing: 0.2367850265908472
Raw z: 1.240904640805294,x: -0.25312514287478627 y: -0.2992523413920141
Landmark 681 range: 0.5429040200254938 bearing: 0.1593109734145855
Raw z: 0.5877698509473532,x: -0.08612517698610439 y: 0.15462382387826704
Estimated landmark positions:
681: [0.5847596  0.09190756]
682: [1.08697552 0.2652491 ]
Odometry measurement
[0.05531092107809416, 0.00032023138246848096, 0.008203047484373286]
Covariance:
[[8.96761235e-04 2.09451705e-06 5.65241828e-05]
 [2.09451705e-06 9.80354438e-04 1.78069604e-03]
 [5.65241828e-05 1.78069604e-03 5.67376804e-02]]
Estimated pose: 
(0.0552234, 0.000394403, 0.0103313)

Current pose: (0.05522336462514731, 0.000394403384668876, 0.010331341501362837)
Goal pose: (0.6694432875062751, 0.028502437872730303, None)
Dist: 0.614862728799592
Moving to goal, dist: 0.614862728799592, theta_diff: 0.03539892058020888
error=0.614862728799592, dt=0.10056567192077637
raw_control = 0.1844588186398776 + 0.002271015731584937 + -0.03143133565816666 = 0.15529849871329587
error=0.03539892058020888, dt=0.10052847862243652
raw_control = 0.024779244406146216 + 0.0005274591021400669 + -0.0010191139302184022 = 0.024287589578067884
Velocities: 0.15529849871329587 0.024287589578067884
Rel pose: (0.00869979, 3.24521e-06, 0.00191986)

Landmark 682 range: 1.077616387800831 bearing: 0.23551413604886282
Raw z: 1.2386921793962937,x: -0.2514541970240725 y: -0.2966199884736944
Estimated landmark positions:
681: [0.58473359 0.09199491]
682: [1.08962503 0.26536815]
Odometry measurement
[0.06401039310741367, 0.00039484048239407063, 0.010122909661566929]
Covariance:
[[9.96027604e-04 2.90173808e-06 6.92827098e-05]
 [2.90173808e-06 1.11215628e-03 2.16163333e-03]
 [6.92827098e-05 2.16163333e-03 6.26194733e-02]]
Estimated pose: 
(0.063888, 0.000496284, 0.0128383)

Current pose: (0.06388797789001992, 0.000496283945210129, 0.012838334202401094)
Goal pose: (0.6694432875062751, 0.028502437872730303, None)
Dist: 0.6062025879705981
Moving to goal, dist: 0.6062025879705981, theta_diff: 0.033377446932560846
error=0.6062025879705981, dt=0.11384272575378418
raw_control = 0.18186077639117942 + 0.0026160745064527924 + -0.022821328560923126 = 0.1616555223367091
error=0.033377446932560846, dt=0.1139070987701416
raw_control = 0.023364212852792592 + 0.0006034976650289142 + -0.0035493374328271856 = 0.02041837308499432
Velocities: 0.1616555223367091 0.02041837308499432
Rel pose: (0.00912625, 1.59283e-06, 0)

Estimated landmark positions:
681: [0.58473359 0.09199491]
682: [1.08962503 0.26536815]
Odometry measurement
[0.07313616256263591, 0.0004888158910763851, 0.010122909661566929]
Covariance:
[[1.09602738e-03 3.52967623e-06 6.91829675e-05]
 [3.52967623e-06 1.25682699e-03 2.73311450e-03]
 [6.91829675e-05 2.73311450e-03 7.22577589e-02]]
Estimated pose: 
(0.0730135, 0.000615039, 0.0128383)

Current pose: (0.07301345851788786, 0.0006150393153626203, 0.012838334202401094)
Goal pose: (0.6694432875062751, 0.028502437872730303, None)
Dist: 0.5970814416019095
Moving to goal, dist: 0.5970814416019095, theta_diff: 0.033884852660856904
error=0.5970814416019095, dt=0.0878903865814209
raw_control = 0.17912443248057283 + 0.002878463100067712 + -0.031133597393745358 = 0.15086929818689518
error=0.033884852660856904, dt=0.08840107917785645
raw_control = 0.023719396862599832 + 0.0006634068158889625 + 0.001147962746642934 = 0.02553076642513173
Velocities: 0.15086929818689518 0.02553076642513173
Rel pose: (0.0159496, 1.37921e-05, 0.0020944)

Landmark 682 range: 1.0615897081276977 bearing: 0.2348628158090256
Raw z: 1.2165051980798658,x: -0.2470420842068276 y: -0.2810619944982328
Estimated landmark positions:
681: [0.58470258 0.09210267]
682: [1.0926368  0.26544932]
Odometry measurement
[0.08908481658140766, 0.0006640610276747724, 0.012217304763960437]
Covariance:
[[1.19477045e-03 5.58843611e-06 9.33903679e-05]
 [5.58843611e-06 1.45114915e-03 3.60933659e-03]
 [9.33903679e-05 3.60933659e-03 7.49695918e-02]]
Estimated pose: 
(0.0889023, 0.00086761, 0.0161711)

Current pose: (0.08890233272905865, 0.0008676103262547252, 0.01617111880940727)
Goal pose: (0.6694432875062751, 0.028502437872730303, None)
Dist: 0.5811983171578919
Moving to goal, dist: 0.5811983171578919, theta_diff: 0.03139483278666427
error=0.5811983171578919, dt=0.0979454517364502
raw_control = 0.17435949514736757 + 0.0031630917586801836 + -0.04864888822021731 = 0.12887369868583043
error=0.03139483278666427, dt=0.0973665714263916
raw_control = 0.02197638295066499 + 0.0007245429604678098 + -0.0051147325775460165 = 0.017586193333586783
Velocities: 0.12887369868583043 0.017586193333586783
Rel pose: (0.00823069, 3.62481e-06, 0.00174533)

Estimated landmark positions:
681: [0.58470258 0.09210267]
682: [1.0926368  0.26544932]
Odometry measurement
[0.09731484320299894, 0.0007682398529027987, 0.013962634015954658]
Covariance:
[[1.29479289e-03 6.90177181e-06 1.00494910e-04]
 [6.90177181e-06 1.61561941e-03 4.22621874e-03]
 [1.00494910e-04 4.22621874e-03 8.46078773e-02]]
Estimated pose: 
(0.0971319, 0.00100433, 0.0179164)

Current pose: (0.09713188311960388, 0.0010043282474756058, 0.017916448061401493)
Goal pose: (0.6694432875062751, 0.028502437872730303, None)
Dist: 0.5729716307322785
Moving to goal, dist: 0.5729716307322785, theta_diff: 0.030094090161440146
error=0.5729716307322785, dt=0.10035204887390137
raw_control = 0.17189148921968356 + 0.0034505861441332065 + -0.024593478213735614 = 0.15074859715008115
error=0.030094090161440146, dt=0.10035467147827148
raw_control = 0.0210658631130081 + 0.000784944611099586 + -0.002592291133165156 = 0.01925851659094253
Velocities: 0.15074859715008115 0.01925851659094253
Rel pose: (0.00801745, 6.52019e-06, 0.00244346)

Landmark 682 range: 1.0524852333263093 bearing: 0.23111571544290235
Raw z: 1.2043334644826738,x: -0.24108617863070242 y: -0.27288134152059196
Estimated landmark positions:
681: [0.58467359 0.09219719]
682: [1.09569829 0.26561908]
Odometry measurement
[0.10533142298604041, 0.0008867005204491818, 0.01640609496874657]
Covariance:
[[1.39293581e-03 9.38930034e-06 1.36198877e-04]
 [9.38930034e-06 1.77144855e-03 4.49867667e-03]
 [1.36198877e-04 4.49867667e-03 8.45329455e-02]]
Estimated pose: 
(0.105065, 0.00120292, 0.0220482)

Current pose: (0.10506480761912305, 0.0012029205444441095, 0.02204818575664291)
Goal pose: (0.6694432875062751, 0.028502437872730303, None)
Dist: 0.5650383457837972
Moving to goal, dist: 0.5650383457837972, theta_diff: 0.026285081389222652
error=0.5650383457837972, dt=0.1083681583404541
raw_control = 0.16951150373513915 + 0.0037567469687548403 + -0.021962036828819535 = 0.15130621387507445
error=0.026285081389222652, dt=0.10862016677856445
raw_control = 0.018399556972455856 + 0.0008420464095852961 + -0.007013446738638556 = 0.012228156643402596
Velocities: 0.15130621387507445 0.012228156643402596
Rel pose: (0.0148408, 1.55338e-05, 0.00226893)

Landmark 683 range: 0.7784342625575629 bearing: -0.2934474128800218
Raw z: 0.8430575176104886,x: 0.22516520987412295 y: -0.026331822907334247
Initial estimate for 683: (0.8694028266844515, -0.21006521098522948)
Landmark 682 range: 1.0502068819119357 bearing: 0.23037969845061573
Raw z: 1.2001317465353771,x: -0.23981180795645377 y: -0.26571403422542905
Estimated landmark positions:
681: [0.58464738 0.09226338]
682: [1.09924237 0.26607408]
683: [ 0.87051998 -0.20423965]
Odometry measurement
[0.12016998455452278, 0.001145701132128238, 0.018675022996339496]
Covariance:
[[1.49095422e-03 1.33560698e-05 1.70264325e-04]
 [1.33560698e-05 2.00233617e-03 5.32598503e-03]
 [1.70264325e-04 5.32598503e-03 8.53407648e-02]]
Estimated pose: 
(0.119791, 0.00158945, 0.0258509)

Current pose: (0.1197908112971317, 0.0015894476453813713, 0.02585092063911381)
Goal pose: (0.6694432875062751, 0.028502437872730303, None)
Dist: 0.5503109608628747
Moving to goal, dist: 0.5503109608628747, theta_diff: 0.023073654179310246
error=0.5503109608628747, dt=0.09177231788635254
raw_control = 0.1650932882588624 + 0.0040092635309381 + -0.04814322638933572 = 0.1209593254004648
error=0.023073654179310246, dt=0.09151864051818848
raw_control = 0.01615155792551717 + 0.0008842797988308419 + -0.007018083292603467 = 0.010017754431744547
Velocities: 0.1209593254004648 0.010017754431744547
Rel pose: (0.00835862, 2.61998e-06, 0)

Estimated landmark positions:
681: [0.58464738 0.09226338]
682: [1.09924237 0.26607408]
683: [ 0.87051998 -0.20423965]
Odometry measurement
[0.12852710194499406, 0.0013044090791406331, 0.018675022996339496]
Covariance:
[[1.59095333e-03 1.47634223e-05 1.70040733e-04]
 [1.47634223e-05 2.19733445e-03 6.03931638e-03]
 [1.70040733e-04 6.03931638e-03 9.49790504e-02]]
Estimated pose: 
(0.128147, 0.00180812, 0.0258509)

Current pose: (0.12814657465829507, 0.0018081208132522978, 0.02585092063911381)
Goal pose: (0.6694432875062751, 0.028502437872730303, None)
Dist: 0.5419545349042671
Moving to goal, dist: 0.5419545349042671, theta_diff: 0.02342465704881934
error=0.5419545349042671, dt=0.10015583038330078
raw_control = 0.16258636047128014 + 0.004280663063304762 + -0.025030273105301357 = 0.14183675042928356
error=0.02342465704881934, dt=0.1001749038696289
raw_control = 0.016397259934173538 + 0.000931211054191732 + 0.0007007800475973505 = 0.01802925103596262
Velocities: 0.14183675042928356 0.01802925103596262
Rel pose: (0.0075057, 6.41598e-06, 0.00279253)

Landmark 683 range: 0.7608965861098822 bearing: -0.30659429818627265
Raw z: 0.8211344772583419,x: 0.22964886893743924 y: -0.013055590351960574
Landmark 682 range: 1.034589041512048 bearing: 0.22639153794906208
Raw z: 1.1797080151922181,x: -0.23222655516685306 y: -0.25417917411794877
Estimated landmark positions:
681: [0.58462344 0.09233093]
682: [1.10219182 0.26637487]
683: [ 0.86922094 -0.20402347]
Odometry measurement
[0.13603137280500555, 0.0014509849066467633, 0.021467549799530253]
Covariance:
[[1.68818762e-03 1.94148145e-05 2.17525484e-04]
 [1.94148145e-05 2.36529445e-03 6.18772770e-03]
 [2.17525484e-04 6.18772770e-03 9.25955552e-02]]
Estimated pose: 
(0.135531, 0.00208646, 0.0310305)

Current pose: (0.13553072041839334, 0.002086463891848749, 0.031030498978584203)
Goal pose: (0.6694432875062751, 0.028502437872730303, None)
Dist: 0.5345656488923793
Moving to goal, dist: 0.5345656488923793, theta_diff: 0.018405406244932386
error=0.5345656488923793, dt=0.09995794296264648
raw_control = 0.1603696946677138 + 0.004547833476513635 + -0.022175984597789227 = 0.14274154354643823
error=0.018405406244932386, dt=0.0999453067779541
raw_control = 0.01288378437145267 + 0.0009680017336621847 + -0.010043994992257301 = 0.0038077911128575528
Velocities: 0.14274154354643823 0.0038077911128575528
Rel pose: (0.0139879, 1.91512e-05, 0.00279253)

Landmark 683 range: 0.7546857700652955 bearing: -0.3110474490588566
Raw z: 0.8134138140963095,x: 0.2309761003566886 y: -0.005765524531768131
Landmark 682 range: 1.031586955629027 bearing: 0.2254437938861679
Raw z: 1.1745762659866277,x: -0.23059986263769044 y: -0.24619793522087105
Estimated landmark positions:
681: [0.58460234 0.09237441]
682: [1.10543827 0.26689185]
683: [ 0.87145301 -0.20289527]
Odometry measurement
[0.1500156250999306, 0.0017703942657743695, 0.02426007660272101]
Covariance:
[[1.78525799e-03 2.59971736e-05 2.60237830e-04]
 [2.59971736e-05 2.62563049e-03 6.92995942e-03]
 [2.60237830e-04 6.92995942e-03 9.16128130e-02]]
Estimated pose: 
(0.14936, 0.00259791, 0.0355837)

Current pose: (0.14935956554386212, 0.002597905640779695, 0.035583744756935716)
Goal pose: (0.6694432875062751, 0.028502437872730303, None)
Dist: 0.5207284538417626
Moving to goal, dist: 0.5207284538417626, theta_diff: 0.014183515773935257
error=0.5207284538417626, dt=0.09959864616394043
raw_control = 0.15621853615252876 + 0.004807152721622043 + -0.04167886487485157 = 0.11934682399929925
error=0.014183515773935257, dt=0.0995931625366211
raw_control = 0.009928461041754679 + 0.00099625335749847 + -0.008478273735799305 = 0.002446440663453845
Velocities: 0.11934682399929925 0.002446440663453845
Rel pose: (0.00818804, -4.46588e-08, 0.00122173)

Landmark 683 range: 0.7471544790552095 bearing: -0.31670348446308727
Raw z: 0.8041202784456969,x: 0.2326905690635904 y: -0.00018200289105539295
Landmark 682 range: 1.0252434958694507 bearing: 0.22457842004419487
Raw z: 1.1663753123879907,x: -0.2283169987848433 y: -0.24209145742629948
Estimated landmark positions:
681: [0.58458497 0.09240527]
682: [1.10831005 0.26739435]
683: [ 0.87262939 -0.20211392]
Odometry measurement
[0.1582012571820004, 0.0019689726232932437, 0.025481807079117416]
Covariance:
[[1.88202522e-03 3.05319293e-05 2.90813157e-04]
 [3.05319293e-05 2.81740497e-03 7.17838357e-03]
 [2.90813157e-04 7.17838357e-03 9.12999754e-02]]
Estimated pose: 
(0.157393, 0.00293734, 0.038435)

Current pose: (0.15739258056684924, 0.002937335559905973, 0.03843502820966247)
Goal pose: (0.6694432875062751, 0.028502437872730303, None)
Dist: 0.5126885028293798
Moving to goal, dist: 0.5126885028293798, theta_diff: 0.011450445396351448
error=0.5126885028293798, dt=0.10018467903137207
raw_control = 0.15380655084881395 + 0.005063970387117223 + -0.02407539083854858 = 0.1347951303973826
error=0.011450445396351448, dt=0.10017824172973633
raw_control = 0.008015311777446013 + 0.0010191950672350468 + -0.005456415146429028 = 0.003578091698252031
Velocities: 0.1347951303973826 0.003578091698252031
Rel pose: (0.00985123, 9.23693e-06, 0.00261799)

Landmark 682 range: 1.0188291562217149 bearing: 0.22383531428651796
Raw z: 1.1582451124579893,x: -0.22615040671670927 y: -0.23875076042191032
Landmark 683 range: 0.738967383190311 bearing: -0.32184264476886565
Raw z: 0.7941209072129245,x: 0.23374656334300015 y: 0.004562791796885203
Estimated landmark positions:
681: [0.58457037 0.09242493]
682: [1.11097801 0.2679155 ]
683: [ 0.87362847 -0.20129231]
Odometry measurement
[0.1680490540760908, 0.002229206543895432, 0.028099800957108737]
Covariance:
[[1.97858605e-03 3.71851591e-05 3.28326664e-04]
 [3.71851591e-05 3.04016307e-03 7.59217982e-03]
 [3.28326664e-04 7.59217982e-03 9.12423740e-02]]
Estimated pose: 
(0.16708, 0.00335547, 0.042276)

Current pose: (0.16708004628694106, 0.003355472085247749, 0.0422759759807239)
Goal pose: (0.6694432875062751, 0.028502437872730303, None)
Dist: 0.5029922425015237
Moving to goal, dist: 0.5029922425015237, theta_diff: 0.0077396130472204006
error=0.5029922425015237, dt=0.09993815422058105
raw_control = 0.15089767275045712 + 0.005315310968631589 + -0.029106782299945438 = 0.12710620141914328
error=0.0077396130472204006, dt=0.09993863105773926
raw_control = 0.00541772913305428 + 0.0010346647938921634 + -0.007426222092210018 = -0.0009738281652635749
Velocities: 0.12710620141914328 -0.0009738281652635749
Rel pose: (0.0113865, -1.99476e-06, -0.000698132)

Landmark 682 range: 1.0140100514922528 bearing: 0.2258523702357493
Raw z: 1.1510493830826318,x: -0.22707453769992358 y: -0.23172870715109475
Landmark 683 range: 0.7333158944230215 bearing: -0.3240627395484941
Raw z: 0.787355846769274,x: 0.2335027772335132 y: 0.010783411588596047
Estimated landmark positions:
681: [0.58455642 0.09244017]
682: [1.11367063 0.26846916]
683: [ 0.87518193 -0.2005745 ]
Odometry measurement
[0.1794311085388441, 0.0025471286664515377, 0.02740166925631105]
Covariance:
[[2.07455409e-03 4.11038145e-05 3.38397290e-04]
 [4.11038145e-05 3.29619207e-03 8.14198707e-03]
 [3.38397290e-04 8.14198707e-03 9.12476613e-02]]
Estimated pose: 
(0.178276, 0.0038586, 0.0426151)

Current pose: (0.1782761320298272, 0.003858602802238588, 0.042615077104893866)
Goal pose: (0.6694432875062751, 0.028502437872730303, None)
Dist: 0.4917850071177514
Moving to goal, dist: 0.4917850071177514, theta_diff: 0.007516912055569001
error=0.4917850071177514, dt=0.10023188591003418
raw_control = 0.14753550213532543 + 0.005561773662260048 + -0.03354392252131727 = 0.1195533532762682
error=0.007516912055569001, dt=0.1002340316772461
raw_control = 0.005261838438898301 + 0.001049733801914023 + -0.00044436203537835754 = 0.005867210205433966
Velocities: 0.1195533532762682 0.005867210205433966
Rel pose: (0.00742041, 4.1235e-06, 0.00174533)

Landmark 683 range: 0.7260198990477384 bearing: -0.32890774363807257
Raw z: 0.7785326774212435,x: 0.23451133513519803 y: 0.016817538148867807
Landmark 682 range: 1.006000158460819 bearing: 0.22515299658329987
Raw z: 1.140398180635298,x: -0.22459506806310994 y: -0.22504754783813882
Estimated landmark positions:
681: [0.58454469 0.09245165]
682: [1.11598733 0.2689552 ]
683: [ 0.87625443 -0.19993794]
Odometry measurement
[0.18684861894205182, 0.0027545567654423003, 0.029146998508305714]
Covariance:
[[2.17033431e-03 4.69099767e-05 3.67203691e-04]
 [4.69099767e-05 3.49544069e-03 8.35740854e-03]
 [3.67203691e-04 8.35740854e-03 9.12956932e-02]]
Estimated pose: 
(0.185518, 0.0041968, 0.0452821)

Current pose: (0.18551772719715143, 0.004196800545920264, 0.04528205454751004)
Goal pose: (0.6694432875062751, 0.028502437872730303, None)
Dist: 0.48453556311829343
Moving to goal, dist: 0.48453556311829343, theta_diff: 0.0049017588263689515
error=0.48453556311829343, dt=0.09995627403259277
raw_control = 0.14536066893548802 + 0.005803935509887992 + -0.021757845826948754 = 0.12940675861842726
error=0.0049017588263689515, dt=0.09995508193969727
raw_control = 0.003431231178458266 + 0.00105953291601679 + -0.00523265686636677 = -0.0007418927718917138
Velocities: 0.12940675861842726 -0.0007418927718917138
Rel pose: (0.00904096, -2.59021e-06, -0.000349066)

Landmark 683 range: 0.7216174835941426 bearing: -0.3305431650569809
Raw z: 0.7733134355465628,x: 0.23420588851308016 y: 0.020415736094933874
Landmark 682 range: 1.0051429254826165 bearing: 0.22613100526736765
Raw z: 1.1388584730724562,x: -0.22536180519196075 y: -0.22264549504014156
Estimated landmark positions:
681: [0.5845326  0.09246163]
682: [1.11845259 0.26948587]
683: [ 0.87759074 -0.19931648]
Odometry measurement
[0.19588581518872217, 0.0030154472157298564, 0.028797932657906426]
Covariance:
[[2.26548431e-03 5.07119870e-05 3.76944430e-04]
 [5.07119870e-05 3.72739129e-03 8.72691477e-03]
 [3.76944430e-04 8.72691477e-03 9.13119087e-02]]
Estimated pose: 
(0.194343, 0.00461472, 0.045741)

Current pose: (0.19434308097544073, 0.004614722281537607, 0.04574096912966991)
Goal pose: (0.6694432875062751, 0.028502437872730303, None)
Dist: 0.475700356528989
Moving to goal, dist: 0.475700356528989, theta_diff: 0.0044960467222502215
error=0.475700356528989, dt=0.1010432243347168
raw_control = 0.1427101069586967 + 0.006044266999092308 + -0.026231961561430865 = 0.12252241239635814
error=0.0044960467222502215, dt=0.10104560852050781
raw_control = 0.003147232705575155 + 0.001068619031556518 + -0.0008030276823685779 = 0.003412824054763095
Velocities: 0.12252241239635814 0.003412824054763095
Rel pose: (0.0113012, 9.56442e-06, 0.00296706)

Landmark 683 range: 0.7152769778839297 bearing: -0.3370678420606395
Raw z: 0.765595733651151,x: 0.2365573727133434 y: 0.026234826213170564
Landmark 682 range: 1.000758260093283 bearing: 0.22400218525922053
Raw z: 1.1327691790502705,x: -0.22230202233235635 y: -0.2169787343423028
Estimated landmark positions:
681: [0.58452033 0.09247119]
682: [1.12097547 0.27003273]
683: [ 0.8791145  -0.19872563]
Odometry measurement
[0.20718204427145195, 0.0033504136104677107, 0.031764992386297056]
Covariance:
[[2.36052832e-03 6.08789564e-05 4.15823863e-04]
 [6.08789564e-05 4.00715139e-03 9.28636280e-03]
 [4.15823863e-04 9.28636280e-03 9.12623446e-02]]
Estimated pose: 
(0.205394, 0.0051531, 0.0495117)

Current pose: (0.2053940250095965, 0.0051531024731675664, 0.04951168741163912)
Goal pose: (0.6694432875062751, 0.028502437872730303, None)
Dist: 0.46463631959556567
Moving to goal, dist: 0.46463631959556567, theta_diff: 0.0007624155078515202
error=0.46463631959556567, dt=0.09928393363952637
raw_control = 0.1393908958786697 + 0.0062749216066985075 + -0.03343150254378696 = 0.11223431494158126
error=0.0007624155078515202, dt=0.09928226470947266
raw_control = 0.000533690855496064 + 0.0010701329183219004 + -0.007521245058871972 = -0.005917421285054007
Velocities: 0.11223431494158126 -0.005917421285054007
Rel pose: (0.00733512, 1.92033e-06, 0.000523599)

Landmark 683 range: 0.7076606384900767 bearing: -0.3411798602734442
Raw z: 0.7565081529789143,x: 0.23678266832493242 y: 0.030466413680096706
Landmark 682 range: 0.9956891050299327 bearing: 0.22429337839282157
Raw z: 1.1259739331345986,x: -0.221458677446014 y: -0.21257628410962584
Estimated landmark positions:
681: [0.58450914 0.09247865]
682: [1.12332841 0.27055149]
683: [ 0.88024474 -0.19818445]
Odometry measurement
[0.21451340218015863, 0.003585293795863652, 0.03228859116189531]
Covariance:
[[2.45479578e-03 6.60446656e-05 4.31447962e-04]
 [6.60446656e-05 4.22105825e-03 9.50591488e-03]
 [4.31447962e-04 9.50591488e-03 9.12183346e-02]]
Estimated pose: 
(0.212479, 0.00552504, 0.0508421)

Current pose: (0.21247897348656172, 0.005525042348065644, 0.05084210063387893)
Goal pose: (0.6694432875062751, 0.028502437872730303, None)
Dist: 0.4575416319774673
Moving to goal, dist: 0.4575416319774673, theta_diff: -0.0006017225878638399
error=0.4575416319774673, dt=0.10139322280883789
raw_control = 0.13726248959324017 + 0.00650687970987556 + -0.020991603052625294 = 0.12277776625049044
error=-0.0006017225878638399, dt=0.10140633583068848
raw_control = -0.0004212058115046879 + 0.0010689125486654637 + -0.00269043957567498 = -0.0020427328385142045
Velocities: 0.12277776625049044 -0.0020427328385142045
Rel pose: (0.00921154, -2.56788e-06, 0.000349066)

Landmark 683 range: 0.700696275287981 bearing: -0.3434162277780882
Raw z: 0.7483559109600416,x: 0.2359285031196863 y: 0.035096022674065384
Estimated landmark positions:
681: [0.58450827 0.09248357]
682: [1.12333392 0.27052227]
683: [ 0.88135843 -0.19801441]
Odometry measurement
[0.2237202286560951, 0.003880103381472333, 0.032637657012294145]
Covariance:
[[2.55355453e-03 6.91125228e-05 4.03296003e-04]
 [6.91125228e-05 4.50239557e-03 1.02932711e-02]
 [4.03296003e-04 1.02932711e-02 9.79516826e-02]]
Estimated pose: 
(0.221651, 0.00598243, 0.0503787)

Current pose: (0.22165107542940476, 0.005982433026461059, 0.050378669936149326)
Goal pose: (0.6694432875062751, 0.028502437872730303, None)
Dist: 0.44835813343238556
Moving to goal, dist: 0.44835813343238556, theta_diff: -0.00012981097350817095
error=0.44835813343238556, dt=0.10775518417358398
raw_control = 0.13450744002971565 + 0.006748444276094215 + -0.025567675324895508 = 0.11568820898091436
error=-0.00012981097350817095, dt=0.10782194137573242
raw_control = -9.086768145571966e-05 + 0.0010686326192419532 + 0.0008753535845012758 = 0.0018531185222875092
Velocities: 0.11568820898091436 0.0018531185222875092
Rel pose: (0.0107894, -6.57973e-06, -0.00122173)

Landmark 683 range: 0.6952170665197221 bearing: -0.3476742024560706
Raw z: 0.7419881793909177,x: 0.2368688606085601 y: 0.04189948419744754
Landmark 682 range: 0.986104106729504 bearing: 0.22678897483355814
Raw z: 1.1124096654696882,x: -0.22172539628680762 y: -0.20087767520228325
Estimated landmark positions:
681: [0.58449596 0.09249247]
682: [1.12589399 0.27108161]
683: [ 0.88264529 -0.19742596]
Odometry measurement
[0.23450414390600866, 0.004225606893752697, 0.031415926535897754]
Covariance:
[[2.64592455e-03 7.36100206e-05 4.13844898e-04]
 [7.36100206e-05 4.79611315e-03 1.07215346e-02]
 [4.13844898e-04 1.07215346e-02 9.51038215e-02]]
Estimated pose: 
(0.232106, 0.00654737, 0.0504654)

Current pose: (0.23210649353036752, 0.006547368562167958, 0.05046541294188535)
Goal pose: (0.6694432875062751, 0.028502437872730303, None)
Dist: 0.4378875385684743
Moving to goal, dist: 0.4378875385684743, theta_diff: -0.0003057794044218909
error=0.4378875385684743, dt=0.09183549880981445
raw_control = 0.1313662615705423 + 0.0069495123787294034 + -0.03420440352459527 = 0.10411137042467641
error=-0.0003057794044218909, dt=0.09176206588745117
raw_control = -0.0002140455830953236 + 0.0010680714402448415 + -0.0003835319730694606 = 0.0004704938840800573
Velocities: 0.10411137042467641 0.0004704938840800573
Rel pose: (0.00686601, 1.25789e-06, 0.00191986)

Landmark 683 range: 0.6870360894737559 bearing: -0.35436515920083045
Raw z: 0.7323853073691462,x: 0.2383981146517635 y: 0.04900042999553034
Landmark 682 range: 0.9772884371398693 bearing: 0.22667851036587666
Raw z: 1.1007989443275463,x: -0.21963800136975029 y: -0.19376597196660514
Estimated landmark positions:
681: [0.58448571 0.09249781]
682: [1.12810834 0.27157979]
683: [ 0.88355944 -0.1969786 ]
Odometry measurement
[0.24136672856420482, 0.004442530816146555, 0.03333578871309185]
Covariance:
[[2.73818117e-03 8.33041027e-05 4.53872348e-04]
 [8.33041027e-05 5.01287339e-03 1.08290290e-02]
 [4.53872348e-04 1.08290290e-02 9.34524821e-02]]
Estimated pose: 
(0.238667, 0.00690668, 0.0534721)

Current pose: (0.23866743584224237, 0.00690667862958051, 0.053472052694012596)
Goal pose: (0.6694432875062751, 0.028502437872730303, None)
Dist: 0.4313168338868318
Moving to goal, dist: 0.4313168338868318, theta_diff: -0.0033817456239466637
error=0.4313168338868318, dt=0.1010429859161377
raw_control = 0.12939505016604952 + 0.0071674200825885045 + -0.019508641659984102 = 0.11705382858865392
error=-0.0033817456239466637, dt=0.10104107856750488
raw_control = -0.0023672219367626645 + 0.0010612375357391514 + -0.006088545892688072 = -0.007394530293711584
Velocities: 0.11705382858865392 -0.007394530293711584
Rel pose: (0.00818804, 1.59283e-06, 0.000349066)

Landmark 683 range: 0.6829510641863403 bearing: -0.3568842372779698
Raw z: 0.7275757200285873,x: 0.2385933904672183 y: 0.051173318266151874
Landmark 682 range: 0.9709686387786424 bearing: 0.22711434917798642
Raw z: 1.0929338825623722,x: -0.2186300149167455 y: -0.19140938170424246
Estimated landmark positions:
681: [0.58447599 0.09250355]
682: [1.13018192 0.27204156]
683: [ 0.88459866 -0.19653366]
Odometry measurement
[0.24955016643196193, 0.004717026986317247, 0.03368485456349069]
Covariance:
[[2.82954190e-03 8.98701519e-05 4.71663595e-04]
 [8.98701519e-05 5.26349996e-03 1.10888604e-02]
 [4.71663595e-04 1.10888604e-02 9.24366036e-02]]
Estimated pose: 
(0.246534, 0.00735279, 0.0546548)

Current pose: (0.24653371587066064, 0.007352789175115709, 0.05465475665062557)
Goal pose: (0.6694432875062751, 0.028502437872730303, None)
Dist: 0.42343808688053963
Moving to goal, dist: 0.42343808688053963, theta_diff: -0.004686524985550555
error=0.42343808688053963, dt=0.1019747257232666
raw_control = 0.12703142606416187 + 0.007383319996440644 + -0.023178528651324044 = 0.11123621740927848
error=-0.004686524985550555, dt=0.10197091102600098
raw_control = -0.0032805674898853886 + 0.0010516797512926974 + -0.00255912073056049 = -0.004788008469153181
Velocities: 0.11123621740927848 -0.004788008469153181
Rel pose: (0.0104056, -1.74914e-06, 0.000174533)

Landmark 683 range: 0.6774485024715745 bearing: -0.361018709344764
Raw z: 0.721270210614701,x: 0.2392934118853091 y: 0.056716654257792855
Landmark 682 range: 0.9708810095296881 bearing: 0.2273982769209791
Raw z: 1.091862636008675,x: -0.2188788560534211 y: -0.18590849788751682
Estimated landmark positions:
681: [0.58446551 0.09250881]
682: [1.13245472 0.27255399]
683: [ 0.88575406 -0.19610025]
Odometry measurement
[0.25994995641376817, 0.005065724826589411, 0.033859387488690114]
Covariance:
[[2.92022310e-03 9.74450899e-05 4.86572177e-04]
 [9.74450899e-05 5.56955801e-03 1.15495806e-02]
 [4.86572177e-04 1.15495806e-02 9.17577057e-02]]
Estimated pose: 
(0.256553, 0.0079207, 0.0556595)

Current pose: (0.25655346512434035, 0.00792070317113131, 0.055659496010461385)
Goal pose: (0.6694432875062751, 0.028502437872730303, None)
Dist: 0.41340248333786367
Moving to goal, dist: 0.41340248333786367, theta_diff: -0.00585271553400446
error=0.41340248333786367, dt=0.09761238098144531
raw_control = 0.1240207450013591 + 0.007585085999951899 + -0.030843229440075594 = 0.1007626015612354
error=-0.00585271553400446, dt=0.0976107120513916
raw_control = -0.0040969008738031215 + 0.001040253996678529 + -0.0023894724747831175 = -0.00544611935190771
Velocities: 0.1007626015612354 -0.00544611935190771
Rel pose: (0.0064822, -3.27498e-06, -0.000174533)

Landmark 683 range: 0.6705542906363918 bearing: -0.3645037334146909
Raw z: 0.7133988129863832,x: 0.2390429996806618 y: 0.06195956222818886
Landmark 682 range: 0.9637909585001508 bearing: 0.22901197201205897
Raw z: 1.0825024721139793,x: -0.2187953926268959 y: -0.18045555188513523
Estimated landmark positions:
681: [0.58445621 0.09251282]
682: [1.13449788 0.27301903]
683: [ 0.88668805 -0.19571895]
Odometry measurement
[0.26642854938489885, 0.005281893025308698, 0.03368485456349069]
Covariance:
[[0.00301014 0.00010227 0.00049587]
 [0.00010227 0.00579146 0.01168218]
 [0.00049587 0.01168218 0.09134374]]
Estimated pose: 
(0.262669, 0.00827088, 0.0562086)

Current pose: (0.26266944832120614, 0.008270882494235604, 0.05620859833441029)
Goal pose: (0.6694432875062751, 0.028502437872730303, None)
Dist: 0.40727665299939975
Moving to goal, dist: 0.40727665299939975, theta_diff: -0.006512930443918208
error=0.40727665299939975, dt=0.10056614875793457
raw_control = 0.12218299589981992 + 0.007789877222307756 + -0.01827403280563809 = 0.11169884031648959
error=-0.006512930443918208, dt=0.10056805610656738
raw_control = -0.0045590513107427455 + 0.0010271541415924864 + -0.0013129714055806112 = -0.00484486857473087
Velocities: 0.11169884031648959 -0.00484486857473087
Rel pose: (0.00831598, -4.42867e-06, -0.000523599)

Landmark 682 range: 0.9570519753872881 bearing: 0.23054438712246103
Raw z: 1.0737831371511686,x: -0.21869359367205862 y: -0.17626693714458935
Landmark 683 range: 0.6646222374117954 bearing: -0.36816773106315376
Raw z: 0.7066626889833544,x: 0.2392018975019871 y: 0.06681835563126337
Estimated landmark positions:
681: [0.5844475  0.09251654]
682: [1.13641498 0.27345559]
683: [ 0.88759879 -0.19537133]
Odometry measurement
[0.2747399578092716, 0.005557536367208094, 0.033161255787892426]
Covariance:
[[0.00309925 0.00010715 0.00050031]
 [0.00010715 0.00606075 0.01199111]
 [0.00050031 0.01199111 0.09105899]]
Estimated pose: 
(0.270608, 0.00872657, 0.0564057)

