Robot Name: locobot
Robot Model: locobot_px100
Initialized InterbotixRobotXSCore!

Turret Group Name: camera
Pan Name: pan, Profile Type: time, Profile Velocity: 2.0, Profile Acceleration: 0.3
Tilt Name: tilt, Profile Type: time, Profile Velocity: 2.0, Profile Acceleration: 0.3
Initialized InterbotixTurretXSInterface!

Initialized InterbotixKobukiInterface!

Arm Group Name: arm
Moving Time: 2.00 seconds
Acceleration Time: 0.30 seconds
Drive Mode: Time-Based-Profile
Initialized InterbotixArmXSInterface!

Gripper Name: gripper
Gripper Pressure: 50%
Initialized InterbotixGripperXSInterface!

Reset odom:[0.0, 0.0, 0.0]
Estimated landmark positions:
Searching for block.
Starting travel to block.
Block estimated at 1.094317445379186, 0.005800456005422091
Starting move to goal: (0.7443223619978607, 0.003945298626875536, None)
Rel pose: (0, 0, 0)

Landmark 682 range: 1.098300030707247 bearing: 0.20948936160723372
Raw z: 1.2744368358620606,x: -0.22840297142739094 y: -0.33634317074473163
Initial estimate for 682: (1.0742881550564904, 0.22840297142739094)
Estimated landmark positions:
682: [1.07428816 0.22840297]
Odometry measurement
[0.0, 0.0, 0.0]
Covariance:
[[ 2.00000000e-04  0.00000000e+00 -4.32466753e-22]
 [ 0.00000000e+00  2.00000000e-04  0.00000000e+00]
 [-4.32466753e-22  0.00000000e+00  9.73828555e-03]]
Estimated pose: 
(0, 0, 0)

Current pose: (0.0, 0.0, 0.0)
Goal pose: (0.7443223619978607, 0.003945298626875536, None)
Dist: 0.7443328179996699
Moving to goal, dist: 0.7443328179996699, theta_diff: 0.005300474472453187
error=0.7443328179996699, dt=0
raw_control = 0.22329984539990097 + 0.0 + 0 = 0.22329984539990097
error=0.005300474472453187, dt=0
raw_control = 0.0037103321307172307 + 0.0 + 0 = 0.0037103321307172307
Velocities: 0.2 0.0037103321307172307
Rel pose: (0, 0, 0)

Landmark 682 range: 1.098377156994694 bearing: 0.20933003673466444
Raw z: 1.2746350994242293,x: -0.2282478349037247 y: -0.33671660148277427
Estimated landmark positions:
682: [1.07434372 0.22832704]
Odometry measurement
[0.0, 0.0, 0.0]
Covariance:
[[ 2.99980165e-04 -7.59111723e-10  3.57647006e-07]
 [-7.59111723e-10  2.99983576e-04 -1.68418928e-06]
 [ 3.57647006e-07 -1.68418928e-06  1.91943214e-02]]
Estimated pose: 
(-2.10035e-08, 2.46303e-08, 3.01266e-06)

Current pose: (-2.100348809066856e-08, 2.463026332739991e-08, 3.0126638998947e-06)
Goal pose: (0.7443223619978607, 0.003945298626875536, None)
Dist: 0.7443328388723118
Moving to goal, dist: 0.7443328388723118, theta_diff: 0.005297428569061532
error=0.7443328388723118, dt=0.10011720657348633
raw_control = 0.22329985166169355 + 0.0007452052458880876 + 2.0848206479718174e-08 = 0.2240450777557881
error=0.005297428569061532, dt=0.10011982917785645
raw_control = 0.0037081999983430724 + 1.0607552868326743e-05 + -6.084515758100556e-06 = 0.0037127230354532985
Velocities: 0.2 0.0037127230354532985
Rel pose: (0.00132203, 0, -0.000174533)

Landmark 682 range: 1.1006031905851408 bearing: 0.20932576351910226
Raw z: 1.2773379577423756,x: -0.22870581449265914 y: -0.3372385269946623
Estimated landmark positions:
682: [1.07553977 0.22840111]
Odometry measurement
[0.0013220273691695184, 0.0, -0.00017453292519942212]
Covariance:
[[ 3.99920733e-04 -2.37045956e-09  1.40249360e-06]
 [-2.37045956e-09  3.99960184e-04  1.85138928e-05]
 [ 1.40249360e-06  1.85138928e-05  2.82995003e-02]]
Estimated pose: 
(0.00132058, -8.52873e-08, -0.000152706)

Current pose: (0.0013205779652155519, -8.528734094265171e-08, -0.00015270561970044476)
Goal pose: (0.7443223619978607, 0.003945298626875536, None)
Dist: 0.7430122590710897
Moving to goal, dist: 0.7430122590710897, theta_diff: 0.005462715524542472
error=0.7430122590710897, dt=0.10530328750610352
raw_control = 0.2229036777213269 + 0.001527621581263312 + -0.0012540727193779114 = 0.22317722658321232
error=0.005462715524542472, dt=0.10545897483825684
raw_control = 0.0038239008671797302 + 2.2129400449352332e-05 + 0.00031346209411658234 = 0.0041594923617456646
Velocities: 0.2 0.0041594923617456646
Rel pose: (0.00516017, 1.77891e-06, 0.000349066)

Landmark 682 range: 1.0958343797544594 bearing: 0.20819668976481792
Raw z: 1.2706860911168434,x: -0.22650443906916493 y: -0.33255290548805655
Estimated landmark positions:
682: [1.07629606 0.22802703]
Odometry measurement
[0.00648219845742998, 8.782903503733579e-07, 0.00017453292519964414]
Covariance:
[[4.99802032e-04 4.74378743e-09 3.42082264e-06]
 [4.74378743e-09 5.00750966e-04 1.52155558e-04]
 [3.42082264e-06 1.52155558e-04 3.69089177e-02]]
Estimated pose: 
(0.00647897, 1.93573e-06, 0.000309639)

Current pose: (0.006478971696605837, 1.935726161925208e-06, 0.00030963878399641384)
Goal pose: (0.7443223619978607, 0.003945298626875536, None)
Dist: 0.7378539277676962
Moving to goal, dist: 0.7378539277676962, theta_diff: 0.005034754631084914
error=0.7378539277676962, dt=0.0956885814666748
raw_control = 0.22135617833030885 + 0.002233663538040364 + -0.005390749057336555 = 0.21819909281101266
error=0.005034754631084914, dt=0.09553050994873047
raw_control = 0.0035243282417594395 + 3.1748853996837814e-05 + -0.0008959669401686159 = 0.0026601101555876615
Velocities: 0.2 0.0026601101555876615
Rel pose: (0.00784687, 1.39187e-06, -0.000349066)

Landmark 682 range: 1.0917702704655325 bearing: 0.20996867028719896
Raw z: 1.2650210620988562,x: -0.22755686772473022 y: -0.32926190146695733
Estimated landmark positions:
682: [1.07745146 0.22796846]
Odometry measurement
[0.014329069778038932, 3.63969469010625e-06, -0.00017453292519942212]
Covariance:
[[5.99604547e-04 3.85498069e-08 6.47140351e-06]
 [3.85498069e-08 6.05007198e-04 4.16300920e-04]
 [6.47140351e-06 4.16300920e-04 4.49102257e-02]]
Estimated pose: 
(0.0143212, 6.5287e-06, 7.07252e-05)

Current pose: (0.014321249174553304, 6.528698514407082e-06, 7.072522165665933e-05)
Goal pose: (0.7443223619978607, 0.003945298626875536, None)
Dist: 0.7300117386945334
Moving to goal, dist: 0.7300117386945334, theta_diff: 0.005324789439661894
error=0.7300117386945334, dt=0.09927058219909668
raw_control = 0.21900352160836 + 0.0029583504411641757 + -0.007899811705984102 = 0.21406206034354008
error=0.005324789439661894, dt=0.0992734432220459
raw_control = 0.003727352607763325 + 4.2321057638990305e-05 + 0.0005843149973719673 = 0.004353988662774283
Velocities: 0.2 0.004353988662774283
Rel pose: (0.0132203, 1.505e-05, 0.00191986)

Estimated landmark positions:
682: [1.07745146 0.22796846]
Odometry measurement
[0.027549333283706665, 1.638234283813439e-05, 0.0017453292519942214]
Covariance:
[[6.99604870e-04 1.55476037e-07 7.73460226e-06]
 [1.55476037e-07 7.23863102e-04 1.01001284e-03]
 [7.73460226e-06 1.01001284e-03 5.45485112e-02]]
Estimated pose: 
(0.0275415, 2.25137e-05, 0.00199059)

Current pose: (0.027541509157373068, 2.2513723575036306e-05, 0.001990587398850303)
Goal pose: (0.7443223619978607, 0.003945298626875536, None)
Dist: 0.7167915870321961
Moving to goal, dist: 0.7167915870321961, theta_diff: 0.003482139340770101
error=0.7167915870321961, dt=0.10043907165527344
raw_control = 0.21503747610965884 + 0.003678289256882415 + -0.013162359472727312 = 0.20555340589381393
error=0.003482139340770101, dt=0.10043787956237793
raw_control = 0.0024374975385390704 + 4.931583147354401e-05 + -0.003669233374739651 = -0.0011824200047270365
Velocities: 0.2 -0.0011824200047270365
Rel pose: (0.0174849, 1.53254e-05, 0.00244346)

Estimated landmark positions:
682: [1.07745146 0.22796846]
Odometry measurement
[0.045034149017789446, 6.22245764415717e-05, 0.0041887902047863515]
Covariance:
[[7.99606375e-04 4.46940827e-07 1.16970335e-05]
 [4.46940827e-07 8.75857864e-04 1.96376370e-03]
 [1.16970335e-05 1.96376370e-03 6.41867968e-02]]
Estimated pose: 
(0.0450263, 7.26442e-05, 0.00443405)

Current pose: (0.04502631312240525, 7.264424926180621e-05, 0.004434048351642433)
Goal pose: (0.7443223619978607, 0.003945298626875536, None)
Dist: 0.6993067720426793
Moving to goal, dist: 0.6993067720426793, theta_diff: 0.001103827623511135
error=0.6993067720426793, dt=0.09985160827636719
raw_control = 0.2097920316128038 + 0.004376558315552579 + -0.017510799566815904 = 0.1966577903615405
error=0.001103827623511135, dt=0.09984493255615234
raw_control = 0.0007726793364577944 + 5.1520063366005756e-05 + -0.004764010864389966 = -0.003939811464566166
Velocities: 0.1966577903615405 -0.003939811464566166
Rel pose: (0.0113865, 8.46285e-06, 0.00174533)

Estimated landmark positions:
682: [1.07745146 0.22796846]
Odometry measurement
[0.05642050308558717, 0.00011838282531339412, 0.005934119456780796]
Covariance:
[[8.99608521e-04 7.82982191e-07 1.58568207e-05]
 [7.82982191e-07 1.02889823e-03 2.69460241e-03]
 [1.58568207e-05 2.69460241e-03 7.38250823e-02]]
Estimated pose: 
(0.0564127, 0.000131595, 0.00617938)

Current pose: (0.05641265307448159, 0.0001315950925147466, 0.006179377603636877)
Goal pose: (0.7443223619978607, 0.003945298626875536, None)
Dist: 0.6879202802401571
Moving to goal, dist: 0.6879202802401571, theta_diff: -0.0006355330926206548
error=0.6879202802401571, dt=0.1002349853515625
raw_control = 0.2063760840720471 + 0.005066095107681728 + -0.011359797941392899 = 0.20008238123833594
error=-0.0006355330926206548, dt=0.10024333000183105
raw_control = -0.00044487316483445835 + 5.024590429539263e-05 + -0.0034702772066730393 = -0.003864904467212105
Velocities: 0.2 -0.003864904467212105
Rel pose: (0.0142011, 1.73425e-05, 0.0020944)

Landmark 682 range: 1.0665592502247396 bearing: 0.20368620035535698
Raw z: 1.2270307164068803,x: -0.21574434598432632 y: -0.29222317131820835
Estimated landmark positions:
682: [1.08333269 0.22778429]
Odometry measurement
[0.070621267919446, 0.00021999565906348115, 0.008028514559173862]
Covariance:
[[9.98436403e-04 2.05487890e-06 4.19392612e-05]
 [2.05487890e-06 1.20209066e-03 3.33277518e-03]
 [4.19392612e-05 3.33277518e-03 7.41521437e-02]]
Estimated pose: 
(0.0705427, 0.000293564, 0.00992472)

Current pose: (0.07054269987501098, 0.0002935641012647799, 0.00992471786814233)
Goal pose: (0.7443223619978607, 0.003945298626875536, None)
Dist: 0.6737895578408938
Moving to goal, dist: 0.6737895578408938, theta_diff: -0.004504995403641132
error=0.6737895578408938, dt=0.10011959075927734
raw_control = 0.20213686735226813 + 0.005740690455570775 + -0.014113843546602675 = 0.19376371426123623
error=-0.004504995403641132, dt=0.10011816024780273
raw_control = -0.0031534967825487922 + 4.122526726064547e-05 + -0.007729791081744132 = -0.010842062597032279
Velocities: 0.19376371426123623 -0.010842062597032279
Rel pose: (0.0176555, 1.74839e-05, 0.0015708)

Estimated landmark positions:
682: [1.08333269 0.22778429]
Odometry measurement
[0.0882760088986627, 0.0003792245404447303, 0.009599310885968663]
Covariance:
[[1.09844434e-03 3.25522741e-06 4.79343184e-05]
 [3.25522741e-06 1.44287891e-03 4.64189510e-03]
 [4.79343184e-05 4.64189510e-03 8.37904293e-02]]
Estimated pose: 
(0.0881971, 0.00048627, 0.0114955)

Current pose: (0.08819710718451247, 0.0004862696546111034, 0.011495514194937132)
Goal pose: (0.7443223619978607, 0.003945298626875536, None)
Dist: 0.656134372583324
Moving to goal, dist: 0.656134372583324, theta_diff: -0.006223659618595612
error=0.656134372583324, dt=0.10030508041381836
raw_control = 0.1968403117749972 + 0.006398826565613181 + -0.017601486569505387 = 0.185637651771105
error=-0.006223659618595612, dt=0.10031723976135254
raw_control = -0.004356561733016928 + 2.8738460177611394e-05 + -0.0034264583416430865 = -0.0077542816144824025
Velocities: 0.185637651771105 -0.0077542816144824025
Rel pose: (0.0142438, 6.86257e-06, 0.0010472)

Estimated landmark positions:
682: [1.08333269 0.22778429]
Odometry measurement
[0.10251906253101234, 0.0005228151292122753, 0.010646508437165416]
Covariance:
[[1.19845239e-03 4.41490975e-06 5.34700766e-05]
 [4.41490975e-06 1.69210626e-03 5.83533440e-03]
 [5.34700766e-05 5.83533440e-03 9.34287148e-02]]
Estimated pose: 
(0.10244, 0.000656868, 0.0125427)

Current pose: (0.10243986293401787, 0.0006568676944941096, 0.012542711746133885)
Goal pose: (0.7443223619978607, 0.003945298626875536, None)
Dist: 0.6418909224957472
Moving to goal, dist: 0.6418909224957472, theta_diff: -0.007419652357493867
error=0.6418909224957472, dt=0.09908270835876465
raw_control = 0.19256727674872415 + 0.007034829476331026 + -0.014375313637979321 = 0.18522679258707586
error=-0.007419652357493867, dt=0.09906744956970215
raw_control = -0.005193756650245706 + 1.4037539462596487e-05 + -0.0024145019258960034 = -0.007594221036679113
Velocities: 0.18522679258707586 -0.007594221036679113
Rel pose: (0.011088, 1.91289e-06, 0.000349066)

Estimated landmark positions:
682: [1.08333269 0.22778429]
Odometry measurement
[0.11360638500328715, 0.0006427738566535206, 0.01099557428756426]
Covariance:
[[1.29845575e-03 5.21613706e-06 5.56898802e-05]
 [5.21613706e-06 1.93299316e-03 6.87125028e-03]
 [5.56898802e-05 6.87125028e-03 1.03067000e-01]]
Estimated pose: 
(0.113527, 0.00079785, 0.0128918)

Current pose: (0.11352693800758569, 0.000797850011249819, 0.01289177759653273)
Goal pose: (0.7443223619978607, 0.003945298626875536, None)
Dist: 0.6308032762754635
Moving to goal, dist: 0.6308032762754635, theta_diff: -0.007902168642431207
error=0.6308032762754635, dt=0.10308837890625
raw_control = 0.18924098288263905 + 0.007685114347930915 + -0.01075547635720118 = 0.1861706208733688
error=-0.007902168642431207, dt=0.10316181182861328
raw_control = -0.005531518049701844 + -2.266501227972647e-06 + -0.0009354552355845841 = -0.0064692397865144
Velocities: 0.1861706208733688 -0.0064692397865144
Rel pose: (0.0164614, 6.20758e-06, 0.0010472)

Estimated landmark positions:
682: [1.08333269 0.22778429]
Odometry measurement
[0.13006669315992211, 0.0008299796450060103, 0.012042771838761014]
Covariance:
[[1.39846877e-03 7.01030024e-06 6.40223091e-05]
 [7.01030024e-06 2.28712862e-03 8.56781211e-03]
 [6.40223091e-05 8.56781211e-03 1.12705286e-01]]
Estimated pose: 
(0.129987, 0.00101627, 0.013939)

Current pose: (0.1299868615919762, 0.0010162675351558688, 0.013938975147729484)
Goal pose: (0.7443223619978607, 0.003945298626875536, None)
Dist: 0.614342482888889
Moving to goal, dist: 0.614342482888889, theta_diff: -0.009171207542099324
error=0.614342482888889, dt=0.09732890129089355
raw_control = 0.1843027448666667 + 0.008283047136689866 + -0.016912544134631672 = 0.1756732478687249
error=-0.009171207542099324, dt=0.09726262092590332
raw_control = -0.006419845279469527 + -2.0106814879972487e-05 + -0.0026095099794501697 = -0.009049462073799669
Velocities: 0.1756732478687249 -0.009049462073799669
Rel pose: (0.0140732, 1.99476e-06, 0)

Landmark 682 range: 1.0267212015477236 bearing: 0.20407201796734162
Raw z: 1.1704263256158767,x: -0.20807380057688032 y: -0.24686682216114997
Landmark 683 range: 0.7451983768338699 bearing: -0.33766966770349593
Raw z: 0.8004641716348877,x: 0.24687621657337844 y: -0.00022963591361258595
Initial estimate for 683: (0.8501773184713488, -0.23738959791157163)
Estimated landmark positions:
682: [1.09213169 0.22797854]
683: [ 0.85133814 -0.23255076]
Odometry measurement
[0.14413884295819884, 0.0010014504331628978, 0.012042771838761014]
Covariance:
[[1.49516541e-03 1.23480570e-05 1.21413133e-04]
 [1.23480570e-05 2.52180024e-03 8.47294293e-03]
 [1.21413133e-04 8.47294293e-03 1.00196791e-01]]
Estimated pose: 
(0.143843, 0.00148316, 0.0182076)

Current pose: (0.14384345080383587, 0.0014831629676625262, 0.018207618771388188)
Goal pose: (0.7443223619978607, 0.003945298626875536, None)
Dist: 0.6004839589037878
Moving to goal, dist: 0.6004839589037878, theta_diff: -0.014107355106240504
error=0.6004839589037878, dt=0.10088276863098145
raw_control = 0.18014518767113633 + 0.008888831979616933 + -0.01373725580013992 = 0.17529676385061332
error=-0.014107355106240504, dt=0.1008760929107666
raw_control = -0.009875148574368352 + -4.856871216841838e-05 + -0.009786555806652065 = -0.019710273093188835
Velocities: 0.17529676385061332 -0.019710273093188835
Rel pose: (0.0107468, 1.898e-06, 0.000349066)

Landmark 683 range: 0.7343922080102732 bearing: -0.3427118795898454
Raw z: 0.7874069970295541,x: 0.2467869934596738 y: 0.007707880017437008
Estimated landmark positions:
682: [1.09213169 0.22797854]
683: [ 0.85103584 -0.23239063]
Odometry measurement
[0.15488484369796987, 0.0011327664627525213, 0.012391837689159859]
Covariance:
[[1.59515279e-03 1.40530278e-05 1.23686779e-04]
 [1.40530278e-05 2.81544495e-03 9.54731521e-03]
 [1.23686779e-04 9.54731521e-03 1.09655312e-01]]
Estimated pose: 
(0.154589, 0.00168064, 0.0185538)

Current pose: (0.15458855297823798, 0.0016806420934161361, 0.01855381608646804)
Goal pose: (0.7443223619978607, 0.003945298626875536, None)
Dist: 0.5897381572952588
Moving to goal, dist: 0.5897381572952588, theta_diff: -0.014713701501026577
error=0.5897381572952588, dt=0.09964704513549805
raw_control = 0.17692144718857764 + 0.009476488627398194 + -0.010783863780322919 = 0.1756140720356529
error=-0.014713701501026577, dt=0.09964752197265625
raw_control = -0.010299591050718603 + -7.78923900408714e-05 + -0.0012169823850761827 = -0.011594465825835657
Velocities: 0.1756140720356529 -0.011594465825835657
Rel pose: (0.0157364, -8.12791e-06, 0)

Landmark 682 range: 1.0139395717164115 bearing: 0.2057585768256811
Raw z: 1.152014197811722,x: -0.20715778526624914 y: -0.23051092497605352
Landmark 683 range: 0.7266194840679294 bearing: -0.3481519706084017
Raw z: 0.7780009971177154,x: 0.2478944002154612 y: 0.0158848352087499
Estimated landmark positions:
682: [1.10022742 0.22872817]
683: [ 0.85376954 -0.23044276]
Odometry measurement
[0.17062012375797542, 0.0013196369495041694, 0.012391837689159859]
Covariance:
[[1.69137321e-03 2.03551233e-05 1.70876956e-04]
 [2.03551233e-05 3.12016639e-03 9.80361432e-03]
 [1.70876956e-04 9.80361432e-03 1.01156468e-01]]
Estimated pose: 
(0.170075, 0.00217588, 0.0218441)

Current pose: (0.17007472483755984, 0.0021758775541265885, 0.021844107186514465)
Goal pose: (0.7443223619978607, 0.003945298626875536, None)
Dist: 0.5742503631998166
Moving to goal, dist: 0.5742503631998166, theta_diff: -0.018762831168187333
error=0.5742503631998166, dt=0.09965395927429199
raw_control = 0.17227510895994497 + 0.010048751850473813 + -0.015541574271838929 = 0.16678228653857985
error=-0.018762831168187333, dt=0.09965133666992188
raw_control = -0.013133981817731132 + -0.0001152872141533102 + -0.008126593786840632 = -0.021375862818725076
Velocities: 0.16678228653857985 -0.021375862818725076
Rel pose: (0.0127938, -9.83983e-06, -0.00139626)

Landmark 682 range: 1.0062276990765548 bearing: 0.20850954403294367
Raw z: 1.140846203839526,x: -0.20829110272587306 y: -0.22052131928790444
Landmark 683 range: 0.716685307835962 bearing: -0.3512391060036299
Raw z: 0.7663351079175907,x: 0.2465838408807285 y: 0.025335027875105578
Estimated landmark positions:
682: [1.10696264 0.22960351]
683: [ 0.85574388 -0.22903113]
Odometry measurement
[0.18341306936464893, 0.0014683325886934312, 0.01099557428756426]
Covariance:
[[1.78765144e-03 2.33882345e-05 1.87856000e-04]
 [2.33882345e-05 3.39854234e-03 1.00509237e-02]
 [1.87856000e-04 1.00509237e-02 9.76621482e-02]]
Estimated pose: 
(0.182636, 0.00257584, 0.022606)

Current pose: (0.18263573409722467, 0.0025758406319312224, 0.02260596925526641)
Goal pose: (0.7443223619978607, 0.003945298626875536, None)
Dist: 0.561688297347904
Moving to goal, dist: 0.561688297347904, theta_diff: -0.02016785658997211
error=0.561688297347904, dt=0.10011982917785645
raw_control = 0.1685064892043712 + 0.010611113214290546 + -0.012547030848001997 = 0.16657057157065974
error=-0.02016785658997211, dt=0.10012364387512207
raw_control = -0.014117499612980476 + -0.00015567279997208823 + -0.0028065806784602805 = -0.017079753091412846
Velocities: 0.16657057157065974 -0.017079753091412846
Rel pose: (0.010235, 1.31074e-05, 0.00366519)

Landmark 683 range: 0.7070408559843676 bearing: -0.36056637098700034
Raw z: 0.7545941896540113,x: 0.2494470129432086 y: 0.031323528876772616
Estimated landmark positions:
682: [1.10696393 0.22959688]
683: [ 0.85674813 -0.22906212]
Odometry measurement
[0.19364734224790775, 0.001593976978785889, 0.014660765716752337]
Covariance:
[[1.88762756e-03 3.16195896e-05 2.18515657e-04]
 [3.16195896e-05 3.71406493e-03 1.10372621e-02]
 [2.18515657e-04 1.10372621e-02 1.06170529e-01]]
Estimated pose: 
(0.192863, 0.00282017, 0.0261466)

Current pose: (0.19286348830247907, 0.002820170327766712, 0.026146580399823847)
Goal pose: (0.7443223619978607, 0.003945298626875536, None)
Dist: 0.5514600214803139
Moving to goal, dist: 0.5514600214803139, theta_diff: -0.024106307241513747
error=0.5514600214803139, dt=0.10103583335876465
raw_control = 0.16543800644409418 + 0.011168285442633603 + -0.010123414166606504 = 0.16648287772012127
error=-0.024106307241513747, dt=0.10104060173034668
raw_control = -0.016874415069059623 + -0.00020438711575567148 + -0.007795778299207726 = -0.024874580484023023
Velocities: 0.16648287772012127 -0.024874580484023023
Rel pose: (0.0102351, 4.16816e-07, -0.000872665)

Landmark 682 range: 0.9890651940961234 bearing: 0.2076474938447942
Raw z: 1.1184315542428767,x: -0.20390419818539815 y: -0.20820629360947837
Landmark 683 range: 0.702491458910451 bearing: -0.36256182683208976
Raw z: 0.7493381802768935,x: 0.24915312361412564 y: 0.0363879649836909
Estimated landmark positions:
682: [1.11259521 0.23037801]
683: [ 0.85848648 -0.22793832]
Odometry measurement
[0.20388128669049094, 0.0017444420516992318, 0.013788101090755235]
Covariance:
[[1.98306535e-03 3.56239014e-05 2.38313066e-04]
 [3.56239014e-05 3.96261910e-03 1.10490031e-02]
 [2.38313066e-04 1.10490031e-02 1.01293501e-01]]
Estimated pose: 
(0.202854, 0.0032113, 0.0273335)

Current pose: (0.20285359285858245, 0.0032113026065318925, 0.02733352891371068)
Goal pose: (0.7443223619978607, 0.003945298626875536, None)
Dist: 0.5414692666286453
Moving to goal, dist: 0.5414692666286453, theta_diff: -0.025977964913362683
error=0.5414692666286453, dt=0.11142110824584961
raw_control = 0.16244077998859358 + 0.011771596500321915 + -0.008966662609049056 = 0.16524571387986645
error=-0.025977964913362683, dt=0.11151909828186035
raw_control = -0.018184575439353878 + -0.00026232790020239177 + -0.0033566585467152753 = -0.021803561886271545
Velocities: 0.16524571387986645 -0.021803561886271545
Rel pose: (0.0181246, 4.54031e-06, 0.000174533)

Landmark 682 range: 0.9839501986827354 bearing: 0.20821494358939344
Raw z: 1.1116473228449095,x: -0.20339601402945323 y: -0.20417842220883706
Landmark 683 range: 0.6926597979547169 bearing: -0.36953496179385154
Raw z: 0.7376738503071727,x: 0.25017612995897387 y: 0.04285039549495219
Estimated landmark positions:
682: [1.11828383 0.23123987]
683: [ 0.86077779 -0.22699931]
Odometry measurement
[0.2220040676672713, 0.0019988773699692952, 0.013962634015954658]
Covariance:
[[2.07849974e-03 4.36176708e-05 2.62372676e-04]
 [4.36176708e-05 4.41370779e-03 1.19526297e-02]
 [2.62372676e-04 1.19526297e-02 9.88034091e-02]]
Estimated pose: 
(0.220694, 0.00382835, 0.0292551)

Current pose: (0.22069414964408043, 0.003828347449254518, 0.02925511661803913)
Goal pose: (0.7443223619978607, 0.003945298626875536, None)
Dist: 0.5236282254141708
Moving to goal, dist: 0.5236282254141708, theta_diff: -0.029031768882150644
error=0.5236282254141708, dt=0.08806204795837402
raw_control = 0.15708846762425122 + 0.012232714239309725 + -0.020259625602742925 = 0.14906155626081802
error=-0.029031768882150644, dt=0.08795475959777832
raw_control = -0.02032223821750545 + -0.0003133975452569482 + -0.006944033461641336 = -0.027579669224403733
Velocities: 0.14906155626081802 -0.027579669224403733
Rel pose: (0.00959536, -2.48601e-06, -0.000523599)

Landmark 683 range: 0.6771398236874833 bearing: -0.3759243387613002
Raw z: 0.7196919770888998,x: 0.2486000205792752 y: 0.05272540656931978
Estimated landmark positions:
682: [1.11828832 0.23121826]
683: [ 0.86155663 -0.22692114]
Odometry measurement
[0.23159852656382449, 0.0021303637437830977, 0.01343903524035617]
Covariance:
[[2.17781414e-03 4.39060187e-05 2.34852769e-04]
 [4.39060187e-05 4.75149269e-03 1.28688876e-02]
 [2.34852769e-04 1.28688876e-02 1.06255506e-01]]
Estimated pose: 
(0.230276, 0.0041042, 0.0283902)

Current pose: (0.23027557576334537, 0.004104198660925506, 0.02839016683770034)
Goal pose: (0.7443223619978607, 0.003945298626875536, None)
Dist: 0.5140468107937781
Moving to goal, dist: 0.5140468107937781, theta_diff: -0.028699282726067032
error=0.5140468107937781, dt=0.10120177268981934
raw_control = 0.15421404323813342 + 0.01275293872428851 + -0.009467635166588842 = 0.1574993467958331
error=-0.028699282726067032, dt=0.10144639015197754
raw_control = -0.02008949790824692 + -0.0003716263179071583 + 0.0006554913498361281 = -0.019805632876317952
Velocities: 0.1574993467958331 -0.019805632876317952
Rel pose: (0.00904096, 7.82274e-06, 0.00244346)

Landmark 682 range: 0.9703379020970038 bearing: 0.20996694661331966
Raw z: 1.0922923727969032,x: -0.20224517343709567 y: -0.1858335080896137
Landmark 683 range: 0.673666098890306 bearing: -0.38269741300480686
Raw z: 0.7158154428811383,x: 0.2515631627589046 y: 0.06056135335378809
Estimated landmark positions:
682: [1.12335326 0.23207366]
683: [ 0.86275959 -0.22621909]
Odometry measurement
[0.2406385604656418, 0.0022596838345352705, 0.015882496193148306]
Covariance:
[[2.27234943e-03 5.71738365e-05 2.94018187e-04]
 [5.71738365e-05 5.00947264e-03 1.28435219e-02]
 [2.94018187e-04 1.28435219e-02 1.01950202e-01]]
Estimated pose: 
(0.239019, 0.0044544, 0.032511)

Current pose: (0.2390192386112863, 0.004454395073370715, 0.03251102318897835)
Goal pose: (0.7443223619978607, 0.003945298626875536, None)
Dist: 0.5053033798456324
Moving to goal, dist: 0.5053033798456324, theta_diff: -0.033518529872941016
error=0.5053033798456324, dt=0.09901952743530273
raw_control = 0.15159101395368973 + 0.013253287743126268 + -0.008830006741709046 = 0.15601429495510694
error=-0.033518529872941016, dt=0.09877800941467285
raw_control = -0.02346297091105871 + -0.0004378441910942655 + -0.009757732870770152 = -0.03365854797292313
Velocities: 0.15601429495510694 -0.03365854797292313
Rel pose: (0.0163761, -4.04162e-06, 0.000349066)

Landmark 682 range: 0.9621678255359953 bearing: 0.21007584300357068
Raw z: 1.0814238929281135,x: -0.20064477850187654 y: -0.17842773532368778
Landmark 683 range: 0.6658584318865176 bearing: -0.38954513236184246
Raw z: 0.7069191687000804,x: 0.25287150163625033 y: 0.06796152143794368
Estimated landmark positions:
682: [1.1281989  0.23288095]
683: [ 0.8644861  -0.22556915]
Odometry measurement
[0.25701263892310755, 0.002515724808686886, 0.016231562043547365]
Covariance:
[[2.36647187e-03 6.71356222e-05 3.17694613e-04]
 [6.71356222e-05 5.47918754e-03 1.36419286e-02]
 [3.17694613e-04 1.36419286e-02 9.95686070e-02]]
Estimated pose: 
(0.255065, 0.00507806, 0.0343207)

Current pose: (0.2550652386172727, 0.0050780643790838504, 0.03432065433558163)
Goal pose: (0.7443223619978607, 0.003945298626875536, None)
Dist: 0.48925843471206226
Moving to goal, dist: 0.48925843471206226, theta_diff: -0.036635927172738114
error=0.48925843471206226, dt=0.10173726081848145
raw_control = 0.14677753041361868 + 0.013751045872925699 + -0.015770962383386173 = 0.1447576139031582
error=-0.036635927172738114, dt=0.10174441337585449
raw_control = -0.025645149020916677 + -0.0005123942094676808 + -0.006127898714755191 = -0.03228544194513955
Velocities: 0.1447576139031582 -0.03228544194513955
Rel pose: (0.00963801, -3.34941e-07, -0.000523599)

Landmark 682 range: 0.9556372186883757 bearing: 0.21236962417124303
Raw z: 1.0724296289361728,x: -0.20142622956055717 y: -0.17127188866495696
Estimated landmark positions:
682: [1.13250511 0.23369778]
683: [ 0.86448717 -0.2250758 ]
Odometry measurement
[0.2666493805637401, 0.002671822931547959, 0.015707963267949324]
Covariance:
[[2.46146641e-03 7.39861464e-05 3.57420360e-04]
 [7.39861464e-05 5.78702725e-03 1.38752395e-02]
 [3.57420360e-04 1.38752395e-02 1.00441292e-01]]
Estimated pose: 
(0.264418, 0.005464, 0.0355501)

Current pose: (0.26441821400170096, 0.0054639978543481295, 0.03555011974244197)
Goal pose: (0.7443223619978607, 0.003945298626875536, None)
Dist: 0.47990655101932456
Moving to goal, dist: 0.47990655101932456, theta_diff: -0.03871469784436421
error=0.47990655101932456, dt=0.10068058967590332
raw_control = 0.14397196530579737 + 0.014234218618385244 + -0.009288665990973995 = 0.14891751793320862
error=-0.03871469784436421, dt=0.10068225860595703
raw_control = -0.027100288491054947 + -0.0005903518738720362 + -0.004129368372161452 = -0.031820008737088436
Velocities: 0.14891751793320862 -0.031820008737088436
Rel pose: (0.00874244, 2.50089e-06, 0.00139626)

Landmark 682 range: 0.9478137792156673 bearing: 0.21150432067597227
Raw z: 1.062774638178384,x: -0.19897543339567894 y: -0.16824642590342076
Estimated landmark positions:
682: [1.13625697 0.23443098]
683: [ 0.86446574 -0.22471664]
Odometry measurement
[0.2753907007114875, 0.002811643764548386, 0.017104226669544476]
Covariance:
[[2.55667591e-03 8.73774385e-05 4.21988193e-04]
 [8.73774385e-05 6.08161396e-03 1.40883784e-02]
 [4.21988193e-04 1.40883784e-02 1.01431948e-01]]
Estimated pose: 
(0.27289, 0.00581873, 0.0386075)

Current pose: (0.2728899228961646, 0.005818729402254575, 0.03860748551550361)
Goal pose: (0.7443223619978607, 0.003945298626875536, None)
Dist: 0.47143616151102
Moving to goal, dist: 0.47143616151102, theta_diff: -0.04258137606346857
error=0.47143616151102, dt=0.09826421737670898
raw_control = 0.141430848453306 + 0.014697471672924846 + -0.008620014217212117 = 0.14750830590901873
error=-0.04258137606346857, dt=0.09825515747070312
raw_control = -0.029806963244427994 + -0.0006740286700807429 + -0.007870687541785866 = -0.038351679456294606
Velocities: 0.14750830590901873 -0.038351679456294606
Rel pose: (0.0157364, 1.22291e-05, 0.0015708)

Landmark 682 range: 0.9412540014857256 bearing: 0.21120323867189691
Raw z: 1.0536435903401529,x: -0.19732124463123674 y: -0.15914361367932175
Estimated landmark positions:
682: [1.14004163 0.23519564]
683: [ 0.8644187  -0.22443535]
Odometry measurement
[0.2911245738739659, 0.003093016608269188, 0.018675022996339274]
Covariance:
[[0.00265187 0.00010617 0.00049005]
 [0.00010617 0.00659166 0.01500435]
 [0.00049005 0.01500435 0.10234562]]
Estimated pose: 
(0.288323, 0.00647823, 0.0419238)

Current pose: (0.28832296058716045, 0.006478228993803273, 0.04192380903343148)
Goal pose: (0.7443223619978607, 0.003945298626875536, None)
Dist: 0.45600643616418474
Moving to goal, dist: 0.45600643616418474, theta_diff: -0.04747843105451466
error=0.45600643616418474, dt=0.10192298889160156
raw_control = 0.1368019308492554 + 0.015162247062201456 + -0.01513861152879387 = 0.136825566382663
error=-0.04747843105451466, dt=0.10193085670471191
raw_control = -0.03323490173816026 + -0.0007708190131283884 + -0.009608582031705256 = -0.0436143027829939
Velocities: 0.136825566382663 -0.0436143027829939
Rel pose: (0.00912625, 2.30737e-06, 0)

Landmark 682 range: 0.9364731313816925 bearing: 0.21306251957828432
Raw z: 1.0468245380886798,x: -0.1980211360005781 y: -0.15195818526790758
Estimated landmark positions:
682: [1.1435828  0.23594547]
683: [ 0.86434054 -0.22428168]
Odometry measurement
[0.3002491924614893, 0.003265746658049009, 0.018675022996339274]
Covariance:
[[0.00274656 0.00011612 0.00053201]
 [0.00011612 0.00692151 0.01529902]
 [0.00053201 0.01529902 0.10325593]]
Estimated pose: 
(0.297146, 0.00687177, 0.0433875)

Current pose: (0.29714633035011134, 0.006871769136586739, 0.04338751583343038)
Goal pose: (0.7443223619978607, 0.003945298626875536, None)
Dist: 0.44718560744938246
Moving to goal, dist: 0.44718560744938246, theta_diff: -0.04993175909569647
error=0.44718560744938246, dt=0.09991288185119629
raw_control = 0.13415568223481472 + 0.015609043089827912 + -0.008828519957956414 = 0.14093620536668622
error=-0.04993175909569647, dt=0.09991049766540527
raw_control = -0.034952231366987524 + -0.0008705931511395916 + -0.004911051588188205 = -0.04073387610631532
Velocities: 0.14093620536668622 -0.04073387610631532
Rel pose: (0.0105762, -3.37174e-06, 0.000174533)

Landmark 682 range: 0.9257713695113701 bearing: 0.2137980762182843
Raw z: 1.033231101664014,x: -0.1964237103705556 y: -0.14565196161283542
Estimated landmark positions:
682: [1.1466918  0.23661027]
683: [ 0.86426552 -0.2241672 ]
Odometry measurement
[0.3108236292208637, 0.0034598751383854683, 0.018849555921538697]
Covariance:
[[0.00284111 0.00012841 0.00057775]
 [0.00012841 0.00730687 0.01576973]
 [0.00057775 0.01576973 0.10409997]]
Estimated pose: 
(0.307431, 0.00733696, 0.0450395)

Current pose: (0.30743139379504714, 0.007336960274293604, 0.04503946340574221)
Goal pose: (0.7443223619978607, 0.003945298626875536, None)
Dist: 0.43690413303827014
Moving to goal, dist: 0.43690413303827014, theta_diff: -0.05280248384273367
error=0.43690413303827014, dt=0.09890007972717285
raw_control = 0.13107123991148104 + 0.016041141625734074 + -0.010395820144407309 = 0.1367165613928078
error=-0.05280248384273367, dt=0.09888315200805664
raw_control = -0.036961738689913565 + -0.0009750186718640715 + -0.005806297005587574 = -0.04374305436736521
Velocities: 0.1367165613928078 -0.04374305436736521
Rel pose: (0.013135, -4.96457e-06, -0.00174533)

Landmark 682 range: 0.9176263497822399 bearing: 0.21791956383680222
Raw z: 1.023073429389386,x: -0.19838977066294647 y: -0.14358210807717076
Estimated landmark positions:
682: [1.14968393 0.2372674 ]
683: [ 0.86417644 -0.22411137]
Odometry measurement
[0.32395636902038416, 0.003702485319008161, 0.017104226669544476]
Covariance:
[[0.00293489 0.00013347 0.00059168]
 [0.00013347 0.00778841 0.01650729]
 [0.00059168 0.01650729 0.10483081]]
Estimated pose: 
(0.32026, 0.00791939, 0.0446407)

Current pose: (0.3202604999094633, 0.007919394859471109, 0.04464072845888597)
Goal pose: (0.7443223619978607, 0.003945298626875536, None)
Dist: 0.42408048330328163
Moving to goal, dist: 0.42408048330328163, theta_diff: -0.054011955282827984
error=0.42408048330328163, dt=0.09990501403808594
raw_control = 0.12722414499098447 + 0.016464819292111 + -0.012835841982965796 = 0.13085312230012966
error=-0.054011955282827984, dt=0.09991455078125
raw_control = -0.037808368697979586 + -0.0010829502768420858 + -0.0024210116157000862 = -0.04131233059052176
Velocities: 0.13085312230012966 -0.04131233059052176
Rel pose: (0.00895567, 3.796e-07, 0.000174533)

Landmark 682 range: 0.9132175189285937 bearing: 0.21827567803597314
Raw z: 1.0165400727147937,x: -0.19775409223685445 y: -0.1340432850914996
Estimated landmark positions:
682: [1.15256153 0.23790731]
683: [ 0.86408316 -0.22408211]
Odometry measurement
[0.3329107217193446, 0.0038560371902311647, 0.017278759594743908]
Covariance:
[[0.00302893 0.00014603 0.00063905]
 [0.00014603 0.00814436 0.01684082]
 [0.00063905 0.01684082 0.10551986]]
Estimated pose: 
(0.328903, 0.00830888, 0.0461988)

Current pose: (0.32890274481466303, 0.008308884163713212, 0.04619878176246424)
Goal pose: (0.7443223619978607, 0.003945298626875536, None)
Dist: 0.4154425341962133
Moving to goal, dist: 0.4154425341962133, theta_diff: -0.056702438502992614
error=0.4154425341962133, dt=0.09963202476501465
raw_control = 0.12463276025886398 + 0.016878733100665778 + -0.008669852015394863 = 0.1328416413441349
error=-0.056702438502992614, dt=0.099639892578125
raw_control = -0.03969170695209483 + -0.0011959467744692043 + -0.005400413730986499 = -0.046288067457550534
Velocities: 0.1328416413441349 -0.046288067457550534
Rel pose: (0.00976594, -3.40151e-06, -0.00139626)

Landmark 682 range: 0.9090716673634834 bearing: 0.22065792970067113
Raw z: 1.010850899187394,x: -0.1989700137301236 y: -0.12907989390238378
Estimated landmark positions:
682: [1.15538565 0.23854417]
683: [ 0.86398322 -0.22408047]
Odometry measurement
[0.342675264836637, 0.004021371154443004, 0.015882496193148306]
Covariance:
[[0.00312223 0.0001515  0.00066055]
 [0.0001515  0.0085368  0.01727907]
 [0.00066055 0.01727907 0.10614101]]
Estimated pose: 
(0.338336, 0.00873604, 0.0461782)

Current pose: (0.33833612001397595, 0.008736035999912026, 0.04617820816738529)
Goal pose: (0.7443223619978607, 0.003945298626875536, None)
Dist: 0.40601450693882213
Moving to goal, dist: 0.40601450693882213, theta_diff: -0.057977906119847766
error=0.40601450693882213, dt=0.10244011878967285
raw_control = 0.12180435208164664 + 0.01729465484387721 + -0.009203452093557728 = 0.12989555483196613
error=-0.057977906119847766, dt=0.10243558883666992
raw_control = -0.040584534283893435 + -0.0013147267935272797 + -0.0024902821984824877 = -0.04438954327590321
Velocities: 0.12989555483196613 -0.04438954327590321
Rel pose: (0.0127512, -7.07098e-07, -0.000523599)

Landmark 682 range: 0.8998498586327699 bearing: 0.22261707840566494
Raw z: 0.998708746662618,x: -0.19867143702920714 y: -0.12015315350210636
Estimated landmark positions:
682: [1.15807173 0.23915438]
683: [ 0.86388401 -0.22409226]
Odometry measurement
[0.35542483422029636, 0.004223175982750146, 0.015358897417550256]
Covariance:
[[0.0032155  0.00016448 0.00069928]
 [0.00016448 0.00904558 0.01802359]
 [0.00069928 0.01802359 0.10665426]]
Estimated pose: 
(0.350743, 0.00930564, 0.0470963)

Current pose: (0.35074295885828904, 0.009305641686765906, 0.047096318999048016)
Goal pose: (0.7443223619978607, 0.003945298626875536, None)
Dist: 0.3936159039640309
Moving to goal, dist: 0.3936159039640309, theta_diff: -0.060714947474131975
error=0.3936159039640309, dt=0.10056209564208984
raw_control = 0.11808477118920926 + 0.017690483245683997 + -0.012329300513902422 = 0.12344595392099085
error=-0.060714947474131975, dt=0.10056424140930176
raw_control = -0.04250046323189238 + -0.0014368418462261134 + -0.00544336896679667 = -0.04938067404491516
Velocities: 0.12344595392099085 -0.04938067404491516
Rel pose: (0.00840127, -6.17036e-06, -0.00122173)

Landmark 682 range: 0.8927551256132634 bearing: 0.22535228441835323
Raw z: 0.9893954537615399,x: -0.19948591235725738 y: -0.11380184144524605
Estimated landmark positions:
682: [1.16054968 0.23972412]
683: [ 0.86378612 -0.22412369]
Odometry measurement
[0.3638252054157585, 0.004346035479651847, 0.014137166941154302]
Covariance:
[[0.00330817 0.00017018 0.00072455]
 [0.00017018 0.00940995 0.0183353 ]
 [0.00072455 0.0183353  0.10714719]]
Estimated pose: 
(0.358808, 0.00966385, 0.0471703)

Current pose: (0.3588076024315886, 0.009663850321992417, 0.04717030057957648)
Goal pose: (0.7443223619978607, 0.003945298626875536, None)
Dist: 0.3855571704390029
Moving to goal, dist: 0.3855571704390029, theta_diff: -0.06200276077219513
error=0.3855571704390029, dt=0.10103321075439453
raw_control = 0.11566715113170087 + 0.018080024034272314 + -0.00797632131539231 = 0.12577085385058087
error=-0.06200276077219513, dt=0.10103511810302734
raw_control = -0.04340193254053659 + -0.0015621309713727632 + -0.0025492389621397777 = -0.047513302474049134
Velocities: 0.12577085385058087 -0.047513302474049134
Rel pose: (0.00776158, -6.69882e-07, 0)

Landmark 682 range: 0.8900054282211534 bearing: 0.22829916739020054
Raw z: 0.9853787143124034,x: -0.20142705293594004 y: -0.1086029589238545
Estimated landmark positions:
682: [1.16298562 0.24029479]
683: [ 0.86367992 -0.22418677]
Odometry measurement
[0.3715860192657884, 0.004455088761050636, 0.014137166941154302]
Covariance:
[[0.00340081 0.00018125 0.00076766]
 [0.00018125 0.00975683 0.01860476]
 [0.00076766 0.01860476 0.10761554]]
Estimated pose: 
(0.366217, 0.00996382, 0.0480666)

Current pose: (0.36621702548434454, 0.0099638225441042, 0.04806661028942458)
Goal pose: (0.7443223619978607, 0.003945298626875536, None)
Dist: 0.3781532336634735
Moving to goal, dist: 0.3781532336634735, theta_diff: -0.06398285137312776
error=0.3781532336634735, dt=0.09968304634094238
raw_control = 0.11344597009904203 + 0.018456978697424846 + -0.007427478440221416 = 0.12447547035624547
error=-0.06398285137312776, dt=0.09967899322509766
raw_control = -0.04478799596118943 + -0.0016896858955436518 + -0.003972934591065011 = -0.050450616447798094
Velocities: 0.12447547035624547 -0.050450616447798094
