Robot Name: locobot
Robot Model: locobot_px100
Initialized InterbotixRobotXSCore!

Turret Group Name: camera
Pan Name: pan, Profile Type: time, Profile Velocity: 2.0, Profile Acceleration: 0.3
Tilt Name: tilt, Profile Type: time, Profile Velocity: 2.0, Profile Acceleration: 0.3
Initialized InterbotixTurretXSInterface!

Initialized InterbotixKobukiInterface!

Arm Group Name: arm
Moving Time: 2.00 seconds
Acceleration Time: 0.30 seconds
Drive Mode: Time-Based-Profile
Initialized InterbotixArmXSInterface!

Gripper Name: gripper
Gripper Pressure: 50%
Initialized InterbotixGripperXSInterface!

Reset odom:[0.0, 0.0, -0.0008726646259972215]
Estimated landmark positions:
Starting move to goal: (0.5, 0.5, 0)
Rel pose: (0, 0, -0.00959931)

Landmark 682 range: 0.873055633724489 bearing: 0.3190268966089454
Raw z: 0.9576790409143037,x: -0.2738275328654444 y: -0.09425050139004712
Initial estimate for 682: (0.8318241925434987, 0.26513138682062043)
Landmark 683 range: 0.8833314504597666 bearing: -0.30400044680479016
Raw z: 0.9738478365210386,x: 0.26441608709936665 y: -0.12060483343687839
Initial estimate for 683: (0.8400126101061032, -0.27322749904445404)
Estimated landmark positions:
682: [0.83182419 0.26513139]
683: [ 0.84001261 -0.2732275 ]
Odometry measurement
[0.0, 0.0, -0.010471975511965994]
Covariance:
[[ 2.00000000e-04 -1.33226763e-23 -4.32466753e-22]
 [-1.33226763e-23  2.00000000e-04 -5.18960104e-21]
 [-4.32466753e-22 -5.18960104e-21  9.73828555e-03]]
Estimated pose: 
(1.0326e-37, 9.86022e-36, -0.010472)

Current pose: (1.0325976371525847e-37, 9.860220643463194e-36, -0.010471975511965994)
Goal pose: (0.5, 0.5, 0)
Dist: 0.7071067811865476
Moving to goal, dist: 0.7071067811865476, theta_diff: 0.7958701389094143
dt=0
raw_control = 0.3535533905932738 + 0.0 + 0 = 0.3535533905932738
dt=0
raw_control = 0.39793506945470714 + 0.0 + 0 = 0.39793506945470714
Velocities: 0.2 0.39793506945470714
Rel pose: (0, 0, -0.000174533)

Landmark 682 range: 0.8711801131287317 bearing: 0.318692613517527
Raw z: 0.9554654157698401,x: -0.2729627481524996 y: -0.09395102687027078
Landmark 683 range: 0.8834139645548696 bearing: -0.304279460857947
Raw z: 0.9739131613958812,x: 0.2646759592879983 y: -0.1205167126497366
Estimated landmark positions:
682: [0.83099597 0.26464257]
683: [ 0.83999249 -0.2734231 ]
Odometry measurement
[0.0, 0.0, -0.010646508437165525]
Covariance:
[[ 2.99958893e-04  2.49423316e-10  3.50792776e-08]
 [ 2.49423316e-10  2.99950969e-04 -4.02046991e-06]
 [ 3.50792776e-08 -4.02046991e-06  1.90189410e-02]]
Estimated pose: 
(3.37915e-07, 3.19825e-07, -0.0106287)

Current pose: (3.3791537670079446e-07, 3.1982530293716194e-07, -0.01062865891406168)
Goal pose: (0.5, 0.5, 0)
Dist: 0.7071063160936528
Moving to goal, dist: 0.7071063160936528, theta_diff: 0.7960268404015957
dt=0.10059952735900879
raw_control = 0.3535531580468264 + 0.0007113456119159135 + -0.0 = 0.35426450365874235
dt=0.10060906410217285
raw_control = 0.39801342020079783 + 0.0040043757706507135 + 0.00015575285743862097 = 0.4021735488288872
Velocities: 0.2 0.4021735488288872
Rel pose: (0.00102351, 0, -0.000349066)

Landmark 682 range: 0.8712989670679273 bearing: 0.3189515526548985
Raw z: 0.9555732600699162,x: -0.2732142317765656 y: -0.09382529724235404
Landmark 683 range: 0.8838201220264555 bearing: -0.30389041892783153
Raw z: 0.9744045179273845,x: 0.26446957840371993 y: -0.12039071550375793
Estimated landmark positions:
682: [0.83110436 0.26447005]
683: [ 0.84046131 -0.27351529]
Odometry measurement
[0.001023447054351724, -1.0896549403468251e-05, -0.01099557428756426]
Covariance:
[[3.99835630e-04 1.03772860e-09 1.37176107e-07]
 [1.03772860e-09 3.99814273e-04 3.60254767e-06]
 [1.37176107e-07 3.60254767e-06 2.76361195e-02]]
Estimated pose: 
(0.00102306, -1.0177e-05, -0.0109586)

Current pose: (0.0010230639761238342, -1.0177000086563995e-05, -0.010958632071374166)
Goal pose: (0.5, 0.5, 0)
Dist: 0.7063909397687893
Moving to goal, dist: 0.7063909397687893, theta_diff: 0.797391083693668
dt=0.09970879554748535
raw_control = 0.35319546988439465 + 0.001415679509815936 + -0.0 = 0.35461114939421057
dt=0.099700927734375
raw_control = 0.398695541846834 + 0.007979407311219582 + 0.001368335604365628 = 0.4080432847624192
Velocities: 0.2 0.4080432847624192
Rel pose: (0.00805958, 6.9062e-05, 0.0244346)

Landmark 682 range: 0.861422861719755 bearing: 0.3026289108842542
Raw z: 0.9449098690071722,x: -0.25673043872007856 y: -0.09144302649353439
Landmark 683 range: 0.8510531231268592 bearing: -0.3179809068960218
Raw z: 0.933639320846292,x: 0.26608118536075437 y: -0.11066148454843197
Estimated landmark positions:
682: [0.83038738 0.26498617]
683: [ 0.83554006 -0.26917089]
Odometry measurement
[0.009083300165060726, -3.0456619952672905e-05, 0.013439035240356278]
Covariance:
[[4.99589128e-04 3.01192771e-08 3.58113917e-06]
 [3.01192771e-08 5.01193738e-04 1.97134105e-04]
 [3.58113917e-06 1.97134105e-04 3.53662218e-02]]
Estimated pose: 
(0.00909607, -4.77737e-05, 0.0125491)

Current pose: (0.00909606504095806, -4.777365083964883e-05, 0.01254911202324432)
Goal pose: (0.5, 0.5, 0)
Dist: 0.7007385027893306
Moving to goal, dist: 0.7007385027893306, theta_diff: 0.7820761197695892
dt=0.10018777847290039
raw_control = 0.3503692513946653 + 0.0021177338486648295 + -0.0 = 0.3524869852433301
dt=0.10019302368164062
raw_control = 0.3910380598847946 + 0.011897335870665587 + -0.015285459367651594 = 0.38764993638780865
Velocities: 0.2 0.38764993638780865
Rel pose: (0.00793157, 8.01148e-05, 0.0270526)

Landmark 682 range: 0.8446406920908598 bearing: 0.2555379395366657
Raw z: 0.9282936298113011,x: -0.213496378613178 y: -0.09245893561268555
Estimated landmark positions:
682: [0.82926801 0.26148732]
683: [ 0.835626   -0.26890344]
Odometry measurement
[0.01701307875342314, 0.00015624036685589894, 0.040491638646268376]
Covariance:
[[5.99392752e-04 2.47863557e-07 1.85089130e-05]
 [2.47863557e-07 6.06000785e-04 4.49151178e-04]
 [1.85089130e-05 4.49151178e-04 4.34748676e-02]]
Estimated pose: 
(0.0170288, 0.000158995, 0.0409377)

Current pose: (0.01702876594105058, 0.00015899499843112464, 0.04093773395620602)
Goal pose: (0.5, 0.5, 0)
Dist: 0.6950555684327713
Moving to goal, dist: 0.6950555684327713, theta_diff: 0.7616235393250192
dt=0.10014033317565918
raw_control = 0.34752778421638564 + 0.0028137648106493786 + -0.0 = 0.350341549027035
dt=0.10013222694396973
raw_control = 0.3808117696625096 + 0.0157104889249437 + -0.020425572334483777 = 0.37609668625296955
Velocities: 0.2 0.37609668625296955
Rel pose: (0.0107462, 9.04612e-05, 0.0228638)

Landmark 682 range: 0.8688884540140932 bearing: 0.22415793554817603
Raw z: 0.958997650871833,x: -0.19314125549509156 y: -0.09361430047891892
Estimated landmark positions:
682: [0.83437264 0.25979377]
683: [ 0.83570986 -0.26862465]
Odometry measurement
[0.027746835603048487, 0.0006816408925293068, 0.0633554518473941]
Covariance:
[[6.99119752e-04 9.24864390e-07 4.18591143e-05]
 [9.24864390e-07 7.19410778e-04 8.63624469e-04]
 [4.18591143e-05 8.63624469e-04 5.08878555e-02]]
Estimated pose: 
(0.0277282, 0.000731355, 0.0660031)

Current pose: (0.02772821373717309, 0.0007313546820941224, 0.06600308808493581)
Goal pose: (0.5, 0.5, 0)
Dist: 0.6872480049425085
Moving to goal, dist: 0.6872480049425085, theta_diff: 0.7471756110523756
dt=0.10055041313171387
raw_control = 0.34362400247125424 + 0.0035047955188585323 + -0.0 = 0.34712879799011276
dt=0.10055255889892578
raw_control = 0.3735878055261878 + 0.019467009906852944 + -0.014368533661253229 = 0.37868628177178754
Velocities: 0.2 0.37868628177178754
Rel pose: (0.0201245, 0.000356552, 0.0401426)

Landmark 682 range: 0.8460883604190672 bearing: 0.19392125240466232
Raw z: 0.9330584817253439,x: -0.16304809696072725 y: -0.08962248652042647
Landmark 683 range: 0.8153650209536898 bearing: -0.4528594582211417
Raw z: 0.8774443679827214,x: 0.35675362346473205 y: -0.08048477338048128
Estimated landmark positions:
682: [0.83722451 0.25961604]
683: [ 0.83166114 -0.26933326]
Odometry measurement
[0.04780835967851403, 0.002311619961861517, 0.10349802464326374]
Covariance:
[[7.98153813e-04 3.49556336e-06 7.70744697e-05]
 [3.49556336e-06 8.66227940e-04 1.64839683e-03]
 [7.70744697e-05 1.64839683e-03 5.36891051e-02]]
Estimated pose: 
(0.0477858, 0.00250265, 0.109142)

Current pose: (0.047785841287536886, 0.002502652520370918, 0.10914169351965529)
Goal pose: (0.5, 0.5, 0)
Dist: 0.6723103867182832
Moving to goal, dist: 0.6723103867182832, theta_diff: 0.7239013793492647
dt=0.09991288185119629
raw_control = 0.3361551933591416 + 0.004176520201213691 + -0.0 = 0.3403317135603553
dt=0.09992408752441406
raw_control = 0.36195068967463234 + 0.023083769146309944 + -0.02329191317101038 = 0.3617425456499319
Velocities: 0.2 0.3617425456499319
Rel pose: (0.00844362, 5.53535e-05, 0.0193732)

Landmark 682 range: 0.8240927119980241 bearing: 0.15760517261600693
Raw z: 0.9077724325833955,x: -0.12934424625267155 y: -0.08314029826994607
Estimated landmark positions:
682: [0.83825448 0.25735697]
683: [ 0.83183253 -0.26880644]
Odometry measurement
[0.05620107679025627, 0.003239015759501782, 0.12287117934040094]
Covariance:
[[8.97800691e-04 6.16377027e-06 1.22935675e-04]
 [6.16377027e-06 9.94143467e-04 1.99371575e-03]
 [1.22935675e-04 1.99371575e-03 6.01196310e-02]]
Estimated pose: 
(0.056151, 0.00357723, 0.131626)

Current pose: (0.05615104360796028, 0.0035772289558321977, 0.1316259539563165)
Goal pose: (0.5, 0.5, 0)
Dist: 0.6659110028385723
Moving to goal, dist: 0.6659110028385723, theta_diff: 0.7096274779655694
dt=0.10022616386413574
raw_control = 0.33295550141928615 + 0.004843937254107988 + -0.0 = 0.3377994386733941
dt=0.10021591186523438
raw_control = 0.3548137389827847 + 0.026639567385757245 + -0.014243148735592208 = 0.36721015763294973
Velocities: 0.2 0.36721015763294973
Rel pose: (0.0201236, 0.000397992, 0.0411898)

Estimated landmark positions:
682: [0.83825448 0.25735697]
683: [ 0.83183253 -0.26880644]
Odometry measurement
[0.07612415861469132, 0.006100397400915911, 0.16406094968746707]
Covariance:
[[9.98659063e-04 1.56082666e-05 2.30840261e-04]
 [1.56082666e-05 1.19778409e-03 3.19674353e-03]
 [2.30840261e-04 3.19674353e-03 6.97579165e-02]]
Estimated pose: 
(0.0760483, 0.00661292, 0.172816)

Current pose: (0.07604831149284187, 0.006612920804206706, 0.1728157243033826)
Goal pose: (0.5, 0.5, 0)
Dist: 0.6505119861350953
Moving to goal, dist: 0.6505119861350953, theta_diff: 0.6881305806353586
dt=0.10042858123779297
raw_control = 0.32525599306754766 + 0.005497237212565252 + -0.0 = 0.3307532302801129
dt=0.1004328727722168
raw_control = 0.3440652903176793 + 0.03009511393853838 + -0.02140424418503495 = 0.3527561600711827
Velocities: 0.2 0.3527561600711827
Rel pose: (0.0117693, 0.000126877, 0.0260054)

Estimated landmark positions:
682: [0.83825448 0.25735697]
683: [ 0.83183253 -0.26880644]
Odometry measurement
[0.0877146832890561, 0.008147800415409481, 0.19006635554218246]
Covariance:
[[1.09971986e-03 2.51758326e-05 3.26385803e-04]
 [2.51758326e-05 1.38157518e-03 4.01061343e-03]
 [3.26385803e-04 4.01061343e-03 7.93962020e-02]]
Estimated pose: 
(0.0876205, 0.00876172, 0.198821)

Current pose: (0.08762046766292515, 0.008761716491573002, 0.19882113015809802)
Goal pose: (0.5, 0.5, 0)
Dist: 0.641382826301773
Moving to goal, dist: 0.641382826301773, theta_diff: 0.673626515971032
dt=0.09942412376403809
raw_control = 0.3206914131508865 + 0.006134926467588812 + -0.0 = 0.3268263396184753
dt=0.09943556785583496
raw_control = 0.336813257985516 + 0.03344423569545474 + -0.014586394966190684 = 0.35567109871478003
Velocities: 0.2 0.35567109871478003
Rel pose: (0.0144983, 0.000161032, 0.0319395)

Estimated landmark positions:
682: [0.83825448 0.25735697]
683: [ 0.83183253 -0.26880644]
Odometry measurement
[0.10192149264735793, 0.011045013934324516, 0.2220058808536788]
Covariance:
[[1.20189609e-03 4.22614101e-05 4.78275586e-04]
 [4.22614101e-05 1.61227942e-03 5.14907800e-03]
 [4.78275586e-04 5.14907800e-03 8.90344876e-02]]
Estimated pose: 
(0.101801, 0.0117832, 0.230761)

Current pose: (0.10180136844920398, 0.011783194806416698, 0.23076065546959437)
Goal pose: (0.5, 0.5, 0)
Dist: 0.6300141260657224
Moving to goal, dist: 0.6300141260657224, theta_diff: 0.6558435764978434
dt=0.09981918334960938
raw_control = 0.3150070630328612 + 0.006763801423214795 + -0.0 = 0.321770864456076
dt=0.09981131553649902
raw_control = 0.3279217882489217 + 0.03671726620327535 + -0.017816556547324208 = 0.34682249790487285
Velocities: 0.2 0.34682249790487285
Rel pose: (0.0176528, 0.000257416, 0.0328122)

Landmark 682 range: 0.8053170326020717 bearing: 0.030861902631208176
Raw z: 0.8865913799749012,x: -0.024849670701763298 y: -0.0644418444851295
Estimated landmark positions:
682: [0.8437454  0.25723211]
683: [ 0.83194208 -0.26843699]
Odometry measurement
[0.11908441126000702, 0.015183033200130485, 0.2548180707911721]
Covariance:
[[1.30376754e-03 6.80709216e-05 6.51340897e-04]
 [6.80709216e-05 1.86811613e-03 5.90755963e-03]
 [6.51340897e-04 5.90755963e-03 8.58400917e-02]]
Estimated pose: 
(0.118736, 0.0163611, 0.269091)

Current pose: (0.11873635733513452, 0.016361084433356387, 0.26909125931948363)
Goal pose: (0.5, 0.5, 0)
Dist: 0.615847843114321
Moving to goal, dist: 0.615847843114321, theta_diff: 0.6341249627307489
dt=0.09992289543151855
raw_control = 0.3079239215571605 + 0.00737917441950718 + -0.0 = 0.31530309597666767
dt=0.09990906715393066
raw_control = 0.31706248136537446 + 0.03988500787754786 + -0.02173838109571423 = 0.33520910814720806
Velocities: 0.2 0.33520910814720806
Rel pose: (0.011812, 0.000123402, 0.0246091)

Landmark 682 range: 0.8005778753574319 bearing: 0.0002468964774589813
Raw z: 0.8805089430895676,x: -0.00019765985534919128 y: -0.05705420195276423
Estimated landmark positions:
682: [0.84873931 0.25747251]
683: [ 0.83201682 -0.26817636]
Odometry measurement
[0.13048388817934223, 0.018279894216681265, 0.27942721324429215]
Covariance:
[[1.40586781e-03 9.11861403e-05 7.83027560e-04]
 [9.11861403e-05 2.07349907e-03 6.25704224e-03]
 [7.83027560e-04 6.25704224e-03 8.53469152e-02]]
Estimated pose: 
(0.129895, 0.019867, 0.298424)

Current pose: (0.12989546014900927, 0.0198670037829037, 0.2984243515578809)
Goal pose: (0.5, 0.5, 0)
Dist: 0.6062219597430629
Moving to goal, dist: 0.6062219597430629, theta_diff: 0.6156676715239546
dt=0.1000213623046875
raw_control = 0.30311097987153146 + 0.007985525882232366 + -0.0 = 0.31109650575376385
dt=0.10002255439758301
raw_control = 0.3078338357619773 + 0.04296404053583976 + -0.018453129214664712 = 0.33234474708315237
Velocities: 0.2 0.33234474708315237
Rel pose: (0.0179516, 0.000235878, 0.0314159)

Landmark 682 range: 0.813429114252604 bearing: -0.02691103059359373
Raw z: 0.8954516868861963,x: 0.02188757371298266 y: -0.05046840228163529
Estimated landmark positions:
682: [0.8553012  0.25892843]
683: [ 0.83203828 -0.26806725]
Odometry measurement
[0.1476741774452201, 0.023457773159831583, 0.3108431397801902]
Covariance:
[[0.00151074 0.00012973 0.00096749]
 [0.00012973 0.00237309 0.00713087]
 [0.00096749 0.00713087 0.08595546]]
Estimated pose: 
(0.146737, 0.025478, 0.332509)

Current pose: (0.14673745517768344, 0.025477962050881417, 0.33250851661420183)
Goal pose: (0.5, 0.5, 0)
Dist: 0.5915788958995444
Moving to goal, dist: 0.5915788958995444, theta_diff: 0.5983419183783556
dt=0.10035181045532227
raw_control = 0.2957894479497722 + 0.008579186014539164 + -0.0 = 0.30436863396431135
dt=0.1003563404083252
raw_control = 0.2991709591891778 + 0.04596641079790719 + -0.017264233704721414 = 0.3278731362823636
Velocities: 0.2 0.3278731362823636
Rel pose: (0.0150531, 0.000135044, 0.0233874)

Landmark 682 range: 0.7955769031632459 bearing: -0.056613816399013285
Raw z: 0.8732518712501621,x: 0.045016588439018575 y: -0.04132860458914507
Estimated landmark positions:
682: [0.86054116 0.26001897]
683: [ 0.83205975 -0.26796688]
Odometry measurement
[0.1619646043150964, 0.028190519982465367, 0.33423055175691424]
Covariance:
[[0.00161554 0.00016643 0.00111177]
 [0.00016643 0.00265499 0.00779163]
 [0.00111177 0.00779163 0.08710886]]
Estimated pose: 
(0.160684, 0.0306581, 0.358855)

Current pose: (0.1606836939355755, 0.030658096560333047, 0.35885507782078957)
Goal pose: (0.5, 0.5, 0)
Dist: 0.5791522924806358
Moving to goal, dist: 0.5791522924806358, theta_diff: 0.5859702740139432
dt=0.10020232200622559
raw_control = 0.2895761462403179 + 0.009159510059557048 + -0.0 = 0.298735656299875
dt=0.10019803047180176
raw_control = 0.2929851370069716 + 0.04890206416646815 + -0.012347193159544285 = 0.32954000801389544
Velocities: 0.2 0.32954000801389544
Rel pose: (0.0121959, 0.000119093, 0.0244346)

Landmark 682 range: 0.7907140183268391 bearing: -0.08690043328831584
Raw z: 0.8665850893124406,x: 0.06862693979814133 y: -0.03367421173794994
Estimated landmark positions:
682: [0.86548479 0.26109931]
683: [ 0.83207628 -0.2678835 ]
Odometry measurement
[0.17344656107804424, 0.03230379827727344, 0.35866516128483483]
Covariance:
[[0.00172245 0.00020707 0.001274  ]
 [0.00020707 0.00290557 0.00824209]
 [0.001274   0.00824209 0.08852099]]
Estimated pose: 
(0.171804, 0.0351921, 0.386381)

Current pose: (0.17180402993403524, 0.03519214157205234, 0.3863814464460302)
Goal pose: (0.5, 0.5, 0)
Dist: 0.5689981898248136
Moving to goal, dist: 0.5689981898248136, theta_diff: 0.5696136532417484
dt=0.10017943382263184
raw_control = 0.2844990949124068 + 0.00972952922458457 + -0.0 = 0.2942286241369914
dt=0.10018229484558105
raw_control = 0.2848068266208742 + 0.051755324314324815 + -0.01632685775206743 = 0.3202352931831316
Velocities: 0.2 0.3202352931831316
Rel pose: (0.018421, 0.000227754, 0.0286234)

Landmark 682 range: 0.7682707841955028 bearing: -0.10505249776338695
Raw z: 0.8390834729865742,x: 0.08056039604364473 y: -0.02883769407188331
Estimated landmark positions:
682: [0.86932013 0.26226307]
683: [ 0.83206775 -0.26788383]
Odometry measurement
[0.19061544456526766, 0.03898329472420769, 0.38728856101754167]
Covariance:
[[0.00183296 0.00026697 0.00147436]
 [0.00026697 0.00327767 0.00921686]
 [0.00147436 0.00921686 0.08990543]]
Estimated pose: 
(0.188596, 0.0423127, 0.415426)

Current pose: (0.18859616207817456, 0.0423127250426076, 0.41542552583490017)
Goal pose: (0.5, 0.5, 0)
Dist: 0.5535792553287797
Moving to goal, dist: 0.5535792553287797, theta_diff: 0.5579305039305693
dt=0.10040163993835449
raw_control = 0.27678962766438986 + 0.010285331875293196 + -0.0 = 0.28707495953968304
dt=0.10041975975036621
raw_control = 0.27896525196528466 + 0.054556686672430244 + -0.011634313147354927 = 0.32188762549036
Velocities: 0.2 0.32188762549036
Rel pose: (0.00929672, 3.70591e-05, 0.0113446)

Landmark 682 range: 0.758606220772502 bearing: -0.12907500775632452
Raw z: 0.8266370924654666,x: 0.09764544123417272 y: -0.020646383407991777
Estimated landmark positions:
682: [0.87265449 0.26309405]
683: [ 0.83207202 -0.26784852]
Odometry measurement
[0.19920961900383768, 0.042528786086691805, 0.398633201155505]
Covariance:
[[0.00193665 0.00029646 0.00153529]
 [0.00029646 0.00350705 0.00945392]
 [0.00153529 0.00945392 0.09134421]]
Estimated pose: 
(0.19687, 0.0461849, 0.428936)

Current pose: (0.19686992816848659, 0.046184896820596996, 0.42893625742101066)
Goal pose: (0.5, 0.5, 0)
Dist: 0.5457435188092578
Moving to goal, dist: 0.5457435188092578, theta_diff: 0.5529630186093764
dt=0.10070252418518066
raw_control = 0.2728717594046289 + 0.010834909374311145 + -0.0 = 0.28370666877894
dt=0.10069537162780762
raw_control = 0.2764815093046882 + 0.05734072750519552 + -0.0049331813775452165 = 0.3288890554323385
Velocities: 0.2 0.3288890554323385
Rel pose: (0.0185488, 0.000237413, 0.0296706)

Landmark 682 range: 0.7506894153694159 bearing: -0.1476038114440767
Raw z: 0.816448017517757,x: 0.11040270906955546 y: -0.013226760306705974
Estimated landmark positions:
682: [0.87609782 0.26424094]
683: [ 0.83205775 -0.26786898]
Odometry measurement
[0.2162118885153111, 0.04994746539163572, 0.4283037984394086]
Covariance:
[[0.00205249 0.00037376 0.00176951]
 [0.00037376 0.00391963 0.01046935]
 [0.00176951 0.01046935 0.09259734]]
Estimated pose: 
(0.213456, 0.0540018, 0.457978)

Current pose: (0.21345584636581752, 0.054001750327755345, 0.4579784296350323)
Goal pose: (0.5, 0.5, 0)
Dist: 0.5301150730668163
Moving to goal, dist: 0.5301150730668163, theta_diff: 0.5417485948402525
dt=0.10239672660827637
raw_control = 0.26505753653340813 + 0.011377729856388637 + -0.0 = 0.27643526638979676
dt=0.10241174697875977
raw_control = 0.27087429742012625 + 0.06011479850623945 + -0.010950329527578243 = 0.3200387663987875
Velocities: 0.2 0.3200387663987875
Rel pose: (0.0188474, 0.000228899, 0.0305433)

Landmark 682 range: 0.7455131319792976 bearing: -0.19640730115424695
Raw z: 0.8083969616394928,x: 0.14548463040194765 y: 0.002424899622627741
Estimated landmark positions:
682: [0.87989851 0.2653207 ]
683: [ 0.83205399 -0.26785501]
Odometry measurement
[0.2332617867418511, 0.05798355943372741, 0.45884706034930933]
Covariance:
[[0.00217511 0.00046955 0.0020488 ]
 [0.00046955 0.00436294 0.01147533]
 [0.0020488  0.01147533 0.09368408]]
Estimated pose: 
(0.229966, 0.062591, 0.490318)

Current pose: (0.22996608550624856, 0.06259095857169848, 0.4903183422940662)
Goal pose: (0.5, 0.5, 0)
Dist: 0.51404764808337
Moving to goal, dist: 0.51404764808337, theta_diff: 0.5273996383097972
dt=0.09673476219177246
raw_control = 0.257023824041685 + 0.011874992626314484 + -0.0 = 0.2688988166679995
dt=0.09670591354370117
raw_control = 0.2636998191548986 + 0.06266493169750778 + -0.014837723986725027 = 0.31152702686568134
Velocities: 0.2 0.31152702686568134
Rel pose: (0.0089981, 4.84988e-05, 0.0167552)

Estimated landmark positions:
682: [0.87989851 0.2653207 ]
683: [ 0.83205399 -0.26785501]
Odometry measurement
[0.24130767176049728, 0.06201243041106016, 0.47560222116845474]
Covariance:
[[0.00229191 0.00052736 0.00225036]
 [0.00052736 0.00466003 0.01228233]
 [0.00225036 0.01228233 0.10332236]]
Estimated pose: 
(0.237881, 0.066871, 0.507074)

Current pose: (0.23788121355903258, 0.06687100705202056, 0.5070735031132115)
Goal pose: (0.5, 0.5, 0)
Dist: 0.5062676986905409
Moving to goal, dist: 0.5062676986905409, theta_diff: 0.5195069499374155
dt=0.10071468353271484
raw_control = 0.25313384934527045 + 0.01238487853687902 + -0.0 = 0.2655187278821495
dt=0.10073447227478027
raw_control = 0.25975347496870776 + 0.06528154461975909 + -0.007835141430882013 = 0.3171998781575849
Velocities: 0.2 0.3171998781575849
Rel pose: (0.0185057, 0.000266668, 0.0303687)

Landmark 682 range: 0.7142304978239207 bearing: -0.25671349801548327
Raw z: 0.7687411021842222,x: 0.1813453565492309 y: 0.023998303243485446
Estimated landmark positions:
682: [0.88302696 0.26618681]
683: [ 0.83205232 -0.26783919]
Odometry measurement
[0.25763742914204335, 0.07072276600617262, 0.5059709501531561]
Covariance:
[[0.00242365 0.00064488 0.00253778]
 [0.00064488 0.00512896 0.01314245]
 [0.00253778 0.01314245 0.10089601]]
Estimated pose: 
(0.253604, 0.0762034, 0.54001)

Current pose: (0.2536036815755565, 0.07620337541373055, 0.54001022554157)
Goal pose: (0.5, 0.5, 0)
Dist: 0.4902190579157803
Moving to goal, dist: 0.4902190579157803, theta_diff: 0.5041536591370326
dt=0.0999290943145752
raw_control = 0.24510952895789015 + 0.012874750001611703 + -0.0 = 0.2579842789595019
dt=0.09991264343261719
raw_control = 0.2520768295685163 + 0.06780011085878947 + -0.015366714634807427 = 0.3045102257924983
Velocities: 0.2 0.3045102257924983
Rel pose: (0.0161624, 9.29411e-05, 0.016057)

Estimated landmark positions:
682: [0.88302696 0.26618681]
683: [ 0.83205232 -0.26783919]
Odometry measurement
[0.2717297458832731, 0.07863730410415154, 0.522027979271504]
Covariance:
[[0.00254597 0.00073485 0.00276528]
 [0.00073485 0.00565735 0.01473068]
 [0.00276528 0.01473068 0.1105343 ]]
Estimated pose: 
(0.267418, 0.0845929, 0.556067)

Current pose: (0.26741848179733757, 0.08459292839799305, 0.5560672546599178)
Goal pose: (0.5, 0.5, 0)
Dist: 0.4760852841103266
Moving to goal, dist: 0.4760852841103266, theta_diff: 0.5043258627678052
dt=0.10149383544921875
raw_control = 0.2380426420551633 + 0.013357947216464583 + -0.0 = 0.2514005892716279
dt=0.1015009880065918
raw_control = 0.2521629313839026 + 0.07035958952619992 + 0.0001696570980781535 = 0.3226921780081807
Velocities: 0.2 0.3226921780081807
Rel pose: (0.0155645, 0.000165818, 0.0251327)

Landmark 682 range: 0.6510284365124934 bearing: -0.3162733731964177
Raw z: 0.6915181164881955,x: 0.20248738138343192 y: 0.04057900269407851
Estimated landmark positions:
682: [0.88420786 0.26644637]
683: [ 0.83205597 -0.26782015]
Odometry measurement
[0.2851385213415658, 0.08654210343845425, 0.5471607205002224]
Covariance:
[[0.00268203 0.00085676 0.00300244]
 [0.00085676 0.00608433 0.01509276]
 [0.00300244 0.01509276 0.10545921]]
Estimated pose: 
(0.28032, 0.0931733, 0.584433)

Current pose: (0.2803203560656227, 0.09317325608241718, 0.5844333214408024)
Goal pose: (0.5, 0.5, 0)
Dist: 0.46234959232783723
Moving to goal, dist: 0.46234959232783723, theta_diff: 0.49124267885891726
dt=0.0981292724609375
raw_control = 0.23117479616391862 + 0.013811647507642 + -0.0 = 0.2449864436715606
dt=0.09812045097351074
raw_control = 0.24562133942945863 + 0.07276963718555354 + -0.013333799201982867 = 0.3050571774130293
Velocities: 0.2 0.3050571774130293
Rel pose: (0.018377, 0.000294644, 0.0342085)

Landmark 682 range: 0.6720646531592158 bearing: -0.3450475477282416
Raw z: 0.71550001504852,x: 0.22732010454208412 y: 0.051700167206740685
Estimated landmark positions:
682: [0.88703134 0.26735124]
683: [ 0.83204657 -0.26782991]
Odometry measurement
[0.3006792863644463, 0.09635463659926014, 0.5813691738393113]
Covariance:
[[0.00283742 0.001024   0.00336432]
 [0.001024   0.00659927 0.01577911]
 [0.00336432 0.01577911 0.10266551]]
Estimated pose: 
(0.295215, 0.103433, 0.618145)

Current pose: (0.295215250322063, 0.10343284706031397, 0.6181454110099066)
Goal pose: (0.5, 0.5, 0)
Dist: 0.44632084926803905
Moving to goal, dist: 0.44632084926803905, theta_diff: 0.47597458403389015
dt=0.1005563735961914
raw_control = 0.22316042463401953 + 0.014260451568269663 + -0.0 = 0.2374208762022892
dt=0.10055851936340332
raw_control = 0.23798729201694507 + 0.07516280215680653 + -0.015183293192544453 = 0.29796680098120715
Velocities: 0.2 0.29796680098120715
Rel pose: (0.00997905, 3.56151e-05, 0.013439)

Landmark 682 range: 0.6322551582952948 bearing: -0.37494993526955095
Raw z: 0.6675979662153324,x: 0.2315482415720137 y: 0.058799415389494104
Estimated landmark positions:
682: [0.88822989 0.26768945]
683: [ 0.8320455  -0.26782515]
Odometry measurement
[0.30899933523329753, 0.10186458261897183, 0.5948082090796674]
Covariance:
[[0.00296036 0.00110339 0.00344291]
 [0.00110339 0.00690645 0.01579796]
 [0.00344291 0.01579796 0.10134737]]
Estimated pose: 
(0.303131, 0.109331, 0.633146)

Current pose: (0.3031312294214833, 0.10933109721931317, 0.6331459156865885)
Goal pose: (0.5, 0.5, 0)
Dist: 0.4374694325652506
Moving to goal, dist: 0.4374694325652506, theta_diff: 0.4708658079538067
dt=0.10004019737243652
raw_control = 0.2187347162826253 + 0.014698096852052017 + -0.0 = 0.2334328131346773
dt=0.10004019737243652
raw_control = 0.23543290397690336 + 0.07751807757498806 + -0.005106723311494598 = 0.30784425824039685
Velocities: 0.2 0.30784425824039685
Rel pose: (0.0186763, 0.000261614, 0.0328122)

Landmark 682 range: 0.6459988079098165 bearing: -0.41327429819899575
Raw z: 0.6828209151273935,x: 0.25943965419600074 y: 0.07336384141414566
Estimated landmark positions:
682: [0.89060737 0.26843213]
683: [ 0.83203881 -0.26782961]
Odometry measurement
[0.3243215250167699, 0.11254654841579878, 0.6276203990171608]
Covariance:
[[0.00313076 0.00129672 0.00382795]
 [0.00129672 0.00745955 0.01663148]
 [0.00382795 0.01663148 0.10066569]]
Estimated pose: 
(0.317735, 0.120535, 0.666176)

Current pose: (0.31773477278758416, 0.12053473890504954, 0.6661762023091108)
Goal pose: (0.5, 0.5, 0)
Dist: 0.4209685230853401
Moving to goal, dist: 0.4209685230853401, theta_diff: 0.4568390909431158
dt=0.10009098052978516
raw_control = 0.21048426154267005 + 0.015119448374529889 + -0.0 = 0.22560370991719994
dt=0.10009336471557617
raw_control = 0.2284195454715579 + 0.07980440566229315 + -0.014013633221891409 = 0.2942103179119596
Velocities: 0.2 0.2942103179119596
Rel pose: (0.0190176, 0.000252438, 0.0312414)

Estimated landmark positions:
682: [0.89060737 0.26843213]
683: [ 0.83203881 -0.26782961]
Odometry measurement
[0.3395666855402726, 0.12391842532050107, 0.6588617926278593]
Covariance:
[[0.00331894 0.00151827 0.00437999]
 [0.00151827 0.00813844 0.01841808]
 [0.00437999 0.01841808 0.11030397]]
Estimated pose: 
(0.33253, 0.132486, 0.697418)

Current pose: (0.33253026014216763, 0.1324858082170157, 0.6974175959198092)
Goal pose: (0.5, 0.5, 0)
Dist: 0.4038722507550503
Moving to goal, dist: 0.4038722507550503, theta_diff: 0.4458093988889913
dt=0.10083436965942383
raw_control = 0.20193612537752514 + 0.015526690412808072 + -0.0 = 0.21746281579033322
dt=0.1008307933807373
raw_control = 0.22290469944449565 + 0.08205197143162148 + -0.010938813118802286 = 0.2940178577573148
Velocities: 0.2 0.2940178577573148
Rel pose: (0.00959511, 5.09176e-05, 0.0165806)

Estimated landmark positions:
682: [0.89060737 0.26843213]
683: [ 0.83203881 -0.26782961]
Odometry measurement
[0.3471222696084283, 0.12983298005332256, 0.6754424205218056]
Covariance:
[[0.00347161 0.00164437 0.00469669]
 [0.00164437 0.00854891 0.01940125]
 [0.00469669 0.01940125 0.11994226]]
Estimated pose: 
(0.339852, 0.138687, 0.713998)

Current pose: (0.33985224511564877, 0.1386872067976415, 0.7139982238137556)
Goal pose: (0.5, 0.5, 0)
Dist: 0.3952141671628037
Moving to goal, dist: 0.3952141671628037, theta_diff: 0.439581216449754
dt=0.10134196281433105
raw_control = 0.19760708358140186 + 0.015927208207131168 + -0.0 = 0.21353429178853303
dt=0.10138177871704102
raw_control = 0.219790608224877 + 0.0842802477123353 + -0.006143295686910654 = 0.29792756025030165
Velocities: 0.2 0.29792756025030165
Rel pose: (0.0188471, 0.000258028, 0.0329867)

Estimated landmark positions:
682: [0.89060737 0.26843213]
683: [ 0.83203881 -0.26782961]
Odometry measurement
[0.3616697533355244, 0.14181833553026404, 0.7084291433844986]
Covariance:
[[0.00368944 0.0019165  0.00537763]
 [0.0019165  0.00930259 0.02149614]
 [0.00537763 0.02149614 0.12958054]]
Estimated pose: 
(0.353927, 0.151224, 0.746985)

Current pose: (0.35392692687594507, 0.1512244059298446, 0.7469849466764485)
Goal pose: (0.5, 0.5, 0)
Dist: 0.378129287031427
Moving to goal, dist: 0.378129287031427, theta_diff: 0.42718960609919054
dt=0.0996096134185791
raw_control = 0.1890646435157135 + 0.0163038613281656 + -0.0 = 0.2053685048438791
dt=0.0995783805847168
raw_control = 0.21359480304959527 + 0.08640719017123433 + -0.012444076995228138 = 0.28755791622560145
Velocities: 0.2 0.28755791622560145
Rel pose: (0.0191036, 0.000217366, 0.0282743)

Estimated landmark positions:
682: [0.89060737 0.26843213]
683: [ 0.83203881 -0.26782961]
Odometry measurement
[0.3760353207298875, 0.1544130064071948, 0.7367034772668066]
Covariance:
[[0.00390612 0.00219404 0.00602501]
 [0.00219404 0.01015218 0.02381079]
 [0.00602501 0.02381079 0.13921883]]
Estimated pose: 
(0.367796, 0.164363, 0.775259)

Current pose: (0.3677963406759746, 0.16436345543656558, 0.7752592805587567)
Goal pose: (0.5, 0.5, 0)
Dist: 0.36073494089863994
Moving to goal, dist: 0.36073494089863994, theta_diff: 0.4203095478539286
dt=0.10021495819091797
raw_control = 0.18036747044931997 + 0.016665371698367206 + -0.0 = 0.19703284214768718
dt=0.10021495819091797
raw_control = 0.2101547739269643 + 0.08851325535950558 + -0.0068653007190352285 = 0.2918027285674346
Velocities: 0.19703284214768718 0.2918027285674346
Rel pose: (0.00985087, 6.74186e-05, 0.0172788)

Estimated landmark positions:
682: [0.89060737 0.26843213]
683: [ 0.83203881 -0.26782961]
Odometry measurement
[0.3832864407527922, 0.16108124862084708, 0.7539822368615505]
Covariance:
[[0.00408511 0.0023666  0.00644982]
 [0.0023666  0.010655   0.02507452]
 [0.00644982 0.02507452 0.14885712]]
Estimated pose: 
(0.374785, 0.171306, 0.792538)

Current pose: (0.374785036049497, 0.1713062454227504, 0.7925380401535006)
Goal pose: (0.5, 0.5, 0)
Dist: 0.35173622431477675
Moving to goal, dist: 0.35173622431477675, theta_diff: 0.4142838585162071
dt=0.10002636909484863
raw_control = 0.17586811215738837 + 0.01701720067234059 + -0.0 = 0.19288531282972896
dt=0.1000213623046875
raw_control = 0.20714192925810354 + 0.09058511715498725 + -0.006024402386528107 = 0.29170264402656265
Velocities: 0.19288531282972896 0.29170264402656265
Rel pose: (0.0191036, 0.000218876, 0.0303687)

Estimated landmark positions:
682: [0.89060737 0.26843213]
683: [ 0.83203881 -0.26782961]
Odometry measurement
[0.3970625257829602, 0.17431810828881933, 0.7843509658462519]
Covariance:
[[0.00434005 0.00270933 0.007262  ]
 [0.00270933 0.01160959 0.0277105 ]
 [0.007262   0.0277105  0.1584954 ]]
Estimated pose: 
(0.388041, 0.185064, 0.822907)

Current pose: (0.38804065160788914, 0.18506428412135983, 0.822906769138202)
Goal pose: (0.5, 0.5, 0)
Dist: 0.3342445225106578
Moving to goal, dist: 0.3342445225106578, theta_diff: 0.4063242301047115
dt=0.10033488273620605
raw_control = 0.1671222612553289 + 0.01735256452205385 + -0.0 = 0.18447482577738275
dt=0.10034513473510742
raw_control = 0.20316211505235576 + 0.09262375013578705 + -0.007932251456443306 = 0.2878536137316995
Velocities: 0.18447482577738275 0.2878536137316995
Rel pose: (0.0184641, 0.000203657, 0.0261799)

Estimated landmark positions:
682: [0.89060737 0.26843213]
683: [ 0.83203881 -0.26782961]
Odometry measurement
[0.4099884155588557, 0.18750466735408214, 0.8105309046261666]
Covariance:
[[0.00459131 0.00305179 0.00802922]
 [0.00305179 0.01263272 0.03043722]
 [0.00802922 0.03043722 0.16813369]]
Estimated pose: 
(0.400449, 0.198739, 0.849087)

Current pose: (0.40044864266223235, 0.19873928775973346, 0.8490867079181166)
Goal pose: (0.5, 0.5, 0)
Dist: 0.31728298014123696
Moving to goal, dist: 0.31728298014123696, theta_diff: 0.4025570385116213
dt=0.09982490539550781
raw_control = 0.15864149007061848 + 0.017669291956815887 + -0.0 = 0.17631078202743436
dt=0.09982466697692871
raw_control = 0.20127851925581064 + 0.09463300625121912 + -0.0037738083253119324 = 0.2921377171817178
Velocities: 0.17631078202743436 0.2921377171817178
Rel pose: (0.00912608, 4.54101e-05, 0.0127409)

Estimated landmark positions:
682: [0.89060737 0.26843213]
683: [ 0.83203881 -0.26782961]
Odometry measurement
[0.4162444147348201, 0.1941492004388074, 0.8232718081657253]
Covariance:
[[0.00477156 0.00323231 0.00842827]
 [0.00323231 0.01322128 0.03186683]
 [0.00842827 0.03186683 0.17777197]]
Estimated pose: 
(0.406444, 0.20562, 0.861828)

Current pose: (0.40644387064361936, 0.20562002805879717, 0.8618276114576754)
Goal pose: (0.5, 0.5, 0)
Dist: 0.3088888428225454
Moving to goal, dist: 0.3088888428225454, theta_diff: 0.4012559808517774
dt=0.09806156158447266
raw_control = 0.1544444214112727 + 0.01797219317964788 + -0.0 = 0.17241661459092059
dt=0.09805536270141602
raw_control = 0.2006279904258887 + 0.0966002712881458 + -0.0013268602797438917 = 0.2959014014342906
Velocities: 0.17241661459092059 0.2959014014342906
Rel pose: (0.0173979, 0.000197447, 0.0300197)

Estimated landmark positions:
682: [0.89060737 0.26843213]
683: [ 0.83203881 -0.26782961]
Odometry measurement
[0.42792712031666447, 0.2070425701818918, 0.8532914713000278]
Covariance:
[[0.00507924 0.00365445 0.00943871]
 [0.00365445 0.01427292 0.034692  ]
 [0.00943871 0.034692   0.18741026]]
Estimated pose: 
(0.417621, 0.218954, 0.891847)

Current pose: (0.41762090276644087, 0.2189541401777004, 0.8918472745919777)
Goal pose: (0.5, 0.5, 0)
Dist: 0.29287043378304994
Moving to goal, dist: 0.29287043378304994, theta_diff: 0.3938195650762535
dt=0.10017991065979004
raw_control = 0.14643521689152497 + 0.01826559051856068 + -0.0 = 0.16470080741008564
dt=0.10018253326416016
raw_control = 0.19690978253812674 + 0.09857296337206224 + -0.0074228665748705324 = 0.28805987933531846
Velocities: 0.16470080741008564 0.28805987933531846
Rel pose: (0.0137736, 0.000140044, 0.023911)

Estimated landmark positions:
682: [0.89060737 0.26843213]
683: [ 0.83203881 -0.26782961]
Odometry measurement
[0.436877848363217, 0.2175123609301567, 0.8772024820523501]
Covariance:
[[0.00536308 0.00401841 0.01030093]
 [0.00401841 0.01517766 0.03703763]
 [0.01030093 0.03703763 0.19704854]]
Estimated pose: 
(0.426161, 0.229761, 0.915758)

Current pose: (0.42616140759825333, 0.2297611669710633, 0.9157582853443)
Goal pose: (0.5, 0.5, 0)
Dist: 0.28014489930161646
Moving to goal, dist: 0.28014489930161646, theta_diff: 0.38831387278328156
dt=0.10228538513183594
raw_control = 0.14007244965080823 + 0.018552137807738532 + -0.0 = 0.15862458745854677
dt=0.10228753089904785
raw_control = 0.19415693639164078 + 0.10055894673510468 + -0.005382564467614089 = 0.28933331865913137
Velocities: 0.15862458745854677 0.28933331865913137
Rel pose: (0.0163319, 0.000182079, 0.0272271)

Estimated landmark positions:
682: [0.89060737 0.26843213]
683: [ 0.83203881 -0.26782961]
Odometry measurement
[0.4471789042677968, 0.2301872408958208, 0.9044296183834615]
Covariance:
[[0.00569502 0.00447467 0.01135716]
 [0.00447467 0.01630433 0.03996143]
 [0.01135716 0.03996143 0.20668683]]
Estimated pose: 
(0.435966, 0.242824, 0.942985)

Current pose: (0.43596623882407565, 0.2428236942744965, 0.9429854216754113)
Goal pose: (0.5, 0.5, 0)
Dist: 0.2650282528277938
Moving to goal, dist: 0.2650282528277938, theta_diff: 0.3837851325930509
dt=0.09779691696166992
raw_control = 0.1325141264138969 + 0.018811327268081494 + -0.0 = 0.1513254536819784
dt=0.09778642654418945
raw_control = 0.19189256629652546 + 0.1024353955689578 + -0.0046312564537616206 = 0.28969670541172166
Velocities: 0.1513254536819784 0.28969670541172166
Rel pose: (0.0104906, 6.76119e-05, 0.0193732)

Estimated landmark positions:
682: [0.89060737 0.26843213]
683: [ 0.83203881 -0.26782961]
Odometry measurement
[0.4536103247125251, 0.23847537202373098, 0.9238027730805984]
Covariance:
[[0.00597563 0.00480971 0.01215719]
 [0.00480971 0.01708337 0.04190204]
 [0.01215719 0.04190204 0.21632511]]
Estimated pose: 
(0.442073, 0.251354, 0.962359)

Current pose: (0.44207340316065236, 0.25135357295518723, 0.9623585763725486)
Goal pose: (0.5, 0.5, 0)
Dist: 0.2553047909921389
Moving to goal, dist: 0.2553047909921389, theta_diff: 0.3795525591648683
dt=0.10007882118225098
raw_control = 0.12765239549606944 + 0.019066833293328235 + -0.0 = 0.14671922878939767
dt=0.1000814437866211
raw_control = 0.18977627958243415 + 0.10433470397466414 + -0.004229129065330719 = 0.28988185449176757
Velocities: 0.14671922878939767 0.28988185449176757
Rel pose: (0.0101068, 6.8282e-05, 0.0181514)

Estimated landmark positions:
682: [0.89060737 0.26843213]
683: [ 0.83203881 -0.26782961]
Odometry measurement
[0.45964810004755613, 0.24658071311783633, 0.9419541973013401]
Covariance:
[[0.00625683 0.0051437  0.01294065]
 [0.0051437  0.01786959 0.04386074]
 [0.01294065 0.04386074 0.2259634 ]]
Estimated pose: 
(0.447794, 0.259686, 0.98051)

Current pose: (0.4477942608084409, 0.25968562390510375, 0.9805100005932903)
Goal pose: (0.5, 0.5, 0)
Dist: 0.24591957742810217
Moving to goal, dist: 0.24591957742810217, theta_diff: 0.3763707430924299
dt=0.10012936592102051
raw_control = 0.12295978871405108 + 0.01931307100688265 + -0.0 = 0.14227285972093373
dt=0.10012578964233398
raw_control = 0.18818537154621495 + 0.10621892486718422 + -0.0031778187056545277 = 0.2912264777077446
Velocities: 0.14227285972093373 0.2912264777077446
Rel pose: (0.0170126, 0.000279553, 0.0350811)

Estimated landmark positions:
682: [0.89060737 0.26843213]
683: [ 0.83203881 -0.26782961]
Odometry measurement
[0.46942897166594816, 0.2605033763550071, 0.9770353152664256]
Covariance:
[[0.00674092 0.00579926 0.01454275]
 [0.00579926 0.01913605 0.04722394]
 [0.01454275 0.04722394 0.23560169]]
Estimated pose: 
(0.457031, 0.273975, 1.01559)

Current pose: (0.4570311969723551, 0.27397495599459326, 1.015591118558376)
