Robot Name: locobot
Robot Model: locobot_px100
Initialized InterbotixRobotXSCore!

Turret Group Name: camera
Pan Name: pan, Profile Type: time, Profile Velocity: 2.0, Profile Acceleration: 0.3
Tilt Name: tilt, Profile Type: time, Profile Velocity: 2.0, Profile Acceleration: 0.3
Initialized InterbotixTurretXSInterface!

Initialized InterbotixKobukiInterface!

Arm Group Name: arm
Moving Time: 2.00 seconds
Acceleration Time: 0.30 seconds
Drive Mode: Time-Based-Profile
Initialized InterbotixArmXSInterface!

Gripper Name: gripper
Gripper Pressure: 50%
Initialized InterbotixGripperXSInterface!

Reset odom:[0.0, 0.0, 0.00017453292519931107]
Estimated landmark positions:
Searching for block.
Starting travel to block.
Block estimated at 0.86701864656966, 0.08223141358329442
Starting move to goal: (0.4687990860210639, 0.04453285132313624, None)
Rel pose: (0, 0, 0)

Landmark 682 range: 0.9383623895274152 bearing: 0.4253845829315711
Raw z: 1.032171333622141,x: -0.38723505936836466 y: -0.1571002427965828
Initial estimate for 682: (0.8546680233398529, 0.38738423297799446)
Landmark 683 range: 0.9393587495437129 bearing: -0.2272857634777967
Raw z: 1.052823795543668,x: 0.21166939507598959 y: -0.17416852718585973
Initial estimate for 683: (0.9152368678949921, -0.21150965933047294)
Estimated landmark positions:
682: [0.85466802 0.38738423]
683: [ 0.91523687 -0.21150966]
Odometry measurement
[0.0, 0.0, 0.00017453292519931107]
Covariance:
[[ 2.00000000e-04  2.10942375e-23  4.32466753e-22]
 [ 2.10942375e-23  2.00000000e-04 -4.32466753e-21]
 [ 4.32466753e-22 -4.32466753e-21  9.73828555e-03]]
Estimated pose: 
(2.46519e-36, 4.30257e-40, 0.000174533)

Current pose: (2.4651902912686664e-36, 4.302568770769387e-40, 0.00017453292519931107)
Goal pose: (0.4687990860210639, 0.04453285132313624, None)
Dist: 0.4709095007548196
Moving to goal, dist: 0.4709095007548196, theta_diff: 0.0945347402163915
error=0.4709095007548196, dt=0
raw_control = 0.14127285022644587 + 0.0 + 0 = 0.14127285022644587
error=0.0945347402163915, dt=0
raw_control = 0.0378138960865566 + 0.0 + 0 = 0.0378138960865566
Velocities: 0.14127285022644587 0.0378138960865566
Rel pose: (0, 0, -0.000174533)

Landmark 682 range: 0.9378747433928207 bearing: 0.4252284941827772
Raw z: 1.031646596004775,x: -0.3869004718959002 y: -0.15725008794788245
Landmark 683 range: 0.939276031868271 bearing: -0.2275606244216957
Raw z: 1.0527466143613227,x: 0.21190227854714191 y: -0.1743928702914634
Estimated landmark positions:
682: [0.85450723 0.38714857]
683: [ 0.91515062 -0.21169928]
Odometry measurement
[0.0, 0.0, 0.0]
Covariance:
[[ 2.99959432e-04  2.89452375e-10  3.69121868e-07]
 [ 2.89452375e-10  2.99956722e-04 -3.72479925e-06]
 [ 3.69121868e-07 -3.72479925e-06  1.90189192e-02]]
Estimated pose: 
(9.79424e-08, 1.8805e-07, 1.44712e-05)

Current pose: (9.794241366854877e-08, 1.8804961757257805e-07, 1.4471213991048832e-05)
Goal pose: (0.4687990860210639, 0.04453285132313624, None)
Dist: 0.47090938546794653
Moving to goal, dist: 0.47090938546794653, theta_diff: 0.09469442405306244
error=0.47090938546794653, dt=0.10012936592102051
raw_control = 0.14127281564038396 + 0.002357592908658146 + -1.151379238124866e-07 = 0.1436302934111183
error=0.09469442405306244, dt=0.1001443862915039
raw_control = 0.03787776962122498 + 9.483114982021364e-05 + 0.00031890721504076135 = 0.03829150798608596
Velocities: 0.1436302934111183 0.03829150798608596
Rel pose: (0.0015779, -4.09373e-07, 0)

Landmark 682 range: 0.9383210706521503 bearing: 0.42532020130356973
Raw z: 1.0321569248106548,x: -0.3871629806115834 y: -0.15727495027448937
Landmark 683 range: 0.9386072929492799 bearing: -0.2274878405671296
Raw z: 1.0519257261396144,x: 0.21168485508465154 y: -0.17416007240710119
Estimated landmark positions:
682: [0.85509972 0.38716452]
683: [ 0.91543711 -0.21168235]
Odometry measurement
[0.0015779035724641133, -4.0937262940055566e-07, 0.0]
Covariance:
[[3.99837836e-04 1.72927521e-09 1.43585513e-06]
 [1.72927521e-09 3.99856769e-04 1.51015488e-05]
 [1.43585513e-06 1.51015488e-05 2.76359578e-02]]
Estimated pose: 
(0.00157693, -2.01871e-07, 3.33302e-05)

Current pose: (0.0015769275855955923, -2.0187121398261275e-07, 3.3330239768453384e-05)
Goal pose: (0.4687990860210639, 0.04453285132313624, None)
Dist: 0.46933968312929675
Moving to goal, dist: 0.46933968312929675, theta_diff: 0.09499410790260471
error=0.46933968312929675, dt=0.10016441345214844
raw_control = 0.14080190493878902 + 0.004708149612181307 + -0.001567125773066774 = 0.14394292877790354
error=0.09499410790260471, dt=0.10015296936035156
raw_control = 0.037997643161041886 + 0.00018997056960204863 + 0.000598452250504923 = 0.03878606598114886
Velocities: 0.14394292877790354 0.03878606598114886
Rel pose: (0.00690866, 1.76402e-06, 0.000872665)

Landmark 682 range: 0.9364873961686959 bearing: 0.42503187010004795
Raw z: 1.0298120615223068,x: -0.3861604058987854 y: -0.15559938249971642
Landmark 683 range: 0.9319612496250667 bearing: -0.22860892823643933
Raw z: 1.0435609641081842,x: 0.21120372712200414 y: -0.17127720327804563
Estimated landmark positions:
682: [0.85663975 0.38712694]
683: [ 0.91568106 -0.21132622]
Odometry measurement
[0.008486562204602229, 1.3546511915521924e-06, 0.0008726646259971105]
Covariance:
[[4.99594812e-04 1.87526206e-08 3.54057319e-06]
 [1.87526206e-08 5.00980874e-04 1.79183517e-04]
 [3.54057319e-06 1.79183517e-04 3.53676499e-02]]
Estimated pose: 
(0.00848118, 1.3932e-06, 0.000976357)

Current pose: (0.008481180812939713, 1.3931990157348928e-06, 0.0009763568273340195)
Goal pose: (0.4687990860210639, 0.04453285132313624, None)
Dist: 0.4624668902936252
Moving to goal, dist: 0.4624668902936252, theta_diff: 0.09546419619006301
error=0.4624668902936252, dt=0.1004648208618164
raw_control = 0.13874006708808756 + 0.007031232276574826 + -0.006840994466236774 = 0.13893030489842562
error=0.09546419619006301, dt=0.10046625137329102
raw_control = 0.038185678476025206 + 0.00028587986891784903 + 0.0009358133324028329 = 0.03940737167734589
Velocities: 0.13893030489842562 0.03940737167734589
Rel pose: (0.00925418, 1.31148e-05, 0.00244346)

Landmark 682 range: 0.9308324405643266 bearing: 0.42205390061829223
Raw z: 1.022707600425318,x: -0.38130153339594475 y: -0.1497524181166568
Landmark 683 range: 0.9301926620917261 bearing: -0.23221118044387293
Raw z: 1.04030862815871,x: 0.2140651596980174 y: -0.16541368476168522
Estimated landmark positions:
682: [0.85839193 0.38662423]
683: [ 0.91730351 -0.21113765]
Odometry measurement
[0.017740724308305422, 2.2545236980742615e-05, 0.0033161255787891313]
Covariance:
[[5.99190269e-04 8.05712540e-08 7.21540197e-06]
 [8.05712540e-08 6.06345975e-04 4.54252769e-04]
 [7.21540197e-06 4.54252769e-04 4.20966153e-02]]
Estimated pose: 
(0.0177215, 2.75328e-05, 0.00370832)

Current pose: (0.017721473078553724, 2.753276181420005e-05, 0.003708316277108572)
Goal pose: (0.4687990860210639, 0.04453285132313624, None)
Dist: 0.45326784165453193
Moving to goal, dist: 0.45326784165453193, theta_diff: 0.09463782214203624
error=0.45326784165453193, dt=0.09935331344604492
raw_control = 0.13598035249635956 + 0.009282915373920574 + -0.009258924861211526 = 0.1360043430090686
error=0.09463782214203624, dt=0.0993499755859375
raw_control = 0.037855128856814496 + 0.000379902522111025 + -0.0016635616529406313 = 0.036571469725984886
Velocities: 0.1360043430090686 0.036571469725984886
Rel pose: (0.00784687, 4.44355e-06, 0.00296706)

Landmark 682 range: 0.9247690616472293 bearing: 0.4222750732736399
Raw z: 1.0151903320792708,x: -0.3790043376975058 y: -0.14650582398355833
Landmark 683 range: 0.9197798714440444 bearing: -0.23888682590513555
Raw z: 1.0268476329645384,x: 0.2176394271302737 y: -0.16045604233159166
Estimated landmark positions:
682: [0.85970297 0.38640819]
683: [ 0.91789068 -0.21107779]
Odometry measurement
[0.02558753464793622, 5.300991680181961e-05, 0.006283185307179529]
Covariance:
[[6.98584800e-04 2.08806022e-07 1.31273276e-05]
 [2.08806022e-07 7.14403594e-04 7.05451974e-04]
 [1.31273276e-05 7.05451974e-04 4.78101696e-02]]
Estimated pose: 
(0.0255565, 6.68608e-05, 0.00707352)

Current pose: (0.02555651431842203, 6.686082844950643e-05, 0.007073515534052396)
Goal pose: (0.4687990860210639, 0.04453285132313624, None)
Dist: 0.4454673968768592
Moving to goal, dist: 0.4454673968768592, theta_diff: 0.0929117256283281
error=0.4454673968768592, dt=0.10098552703857422
raw_control = 0.13364021906305776 + 0.01153220336652614 + -0.007724319520254746 = 0.13744810290932916
error=0.0929117256283281, dt=0.10098552703857422
raw_control = 0.03716469025133124 + 0.00047372991791742614 + -0.0034185027584176723 = 0.034219917410831
Velocities: 0.13744810290932916 0.034219917410831
Rel pose: (0.011088, 1.0733e-05, 0.00261799)

Landmark 682 range: 0.9196656758975875 bearing: 0.4211601028000456
Raw z: 1.0085977050109238,x: -0.37597722083350865 y: -0.1409226501306907
Landmark 683 range: 0.9182258944019399 bearing: -0.24334921130793014
Raw z: 1.0238519994418254,x: 0.22125066429793064 y: -0.15471954563022353
Estimated landmark positions:
682: [0.86143245 0.38623002]
683: [ 0.91964114 -0.21108774]
Odometry measurement
[0.03667521030523585, 0.00013340996579250312, 0.008901179185171084]
Covariance:
[[7.97738560e-04 4.82511700e-07 2.04336581e-05]
 [4.82511700e-07 8.32880027e-04 1.11545197e-03]
 [2.04336581e-05 1.11545197e-03 5.25433773e-02]]
Estimated pose: 
(0.0366142, 0.000166671, 0.0102279)

Current pose: (0.0366141621210828, 0.00016667057916023691, 0.0102279106493275)
Goal pose: (0.4687990860210639, 0.04453285132313624, None)
Dist: 0.43445617320995633
Moving to goal, dist: 0.43445617320995633, theta_diff: 0.09206930136167919
error=0.43445617320995633, dt=0.09996223449707031
raw_control = 0.1303368519629869 + 0.013703663859781813 + -0.011015383681950005 = 0.13302513214081868
error=0.09206930136167919, dt=0.09997677803039551
raw_control = 0.03682772054467168 + 0.000565777838973928 + -0.0016852398791903198 = 0.03570825850445528
Velocities: 0.13302513214081868 0.03570825850445528
Rel pose: (0.00754835, 5.51536e-06, 0.00244346)

Landmark 682 range: 0.9143497774798734 bearing: 0.42032044430663545
Raw z: 1.0022102694861728,x: -0.37310319377141515 y: -0.13869889368457777
Landmark 683 range: 0.912352245124273 bearing: -0.24731605773079626
Raw z: 1.0162170742864876,x: 0.22334617095819825 y: -0.15165265905169628
Estimated landmark positions:
682: [0.86295505 0.38606451]
683: [ 0.92115655 -0.2109981 ]
Odometry measurement
[0.044223208332727804, 0.0002061134056876174, 0.011344640137963102]
Covariance:
[[8.96613094e-04 8.09435551e-07 2.90663546e-05]
 [8.09435551e-07 9.48817892e-04 1.36515759e-03]
 [2.90663546e-05 1.36515759e-03 5.64209179e-02]]
Estimated pose: 
(0.0441271, 0.000260449, 0.013226)

Current pose: (0.0441270706513404, 0.00026044858811378086, 0.013225972831110676)
Goal pose: (0.4687990860210639, 0.04453285132313624, None)
Dist: 0.4269734959949091
Moving to goal, dist: 0.4269734959949091, theta_diff: 0.09064960969932925
error=0.4269734959949091, dt=0.10027813911437988
raw_control = 0.12809204879847272 + 0.015844469241258343 + -0.007461922689363344 = 0.1364745953503677
error=0.09064960969932925, dt=0.10026431083679199
raw_control = 0.036259843879731704 + 0.0006566670454152023 + -0.002831898310578092 = 0.03408461261456881
Velocities: 0.1364745953503677 0.03408461261456881
Rel pose: (0.0113438, 1.07479e-05, 0.00226893)

Landmark 682 range: 0.9100409957840789 bearing: 0.4203529131431838
Raw z: 0.9964346244154206,x: -0.3713719582296569 y: -0.13300356876940528
Landmark 683 range: 0.9057265757749235 bearing: -0.25309964177356964
Raw z: 1.007036432679212,x: 0.22679941183078933 y: -0.14483882313559426
Estimated landmark positions:
682: [0.86480876 0.38607066]
683: [ 0.92281661 -0.21095176]
Odometry measurement
[0.055566195634387264, 0.00034554961454971993, 0.013613568165555817]
Covariance:
[[9.95168710e-04 1.39576383e-06 3.89551432e-05]
 [1.39576383e-06 1.08119384e-03 1.81324514e-03]
 [3.89551432e-05 1.81324514e-03 5.95264110e-02]]
Estimated pose: 
(0.0554177, 0.000437783, 0.0162575)

Current pose: (0.055417741936965276, 0.00043778297536738387, 0.016257513184522024)
Goal pose: (0.4687990860210639, 0.04453285132313624, None)
Dist: 0.4157264854316722
Moving to goal, dist: 0.4157264854316722, theta_diff: 0.09000988104011877
error=0.4157264854316722, dt=0.10014963150024414
raw_control = 0.12471794562950164 + 0.017926211957302023 + -0.011230206636566093 = 0.13141395095023756
error=0.09000988104011877, dt=0.10015177726745605
raw_control = 0.03600395241604751 + 0.0007468135409932043 + -0.001277518335999338 = 0.03547324762104138
Velocities: 0.13141395095023756 0.03547324762104138
Rel pose: (0.00946742, 3.92998e-06, 0.0010472)

Landmark 682 range: 0.9061285451419103 bearing: 0.42088526169898083
Raw z: 0.9913108304028366,x: -0.3702156854636281 y: -0.12898529907905237
Landmark 683 range: 0.9021874518278196 bearing: -0.2550779944529476
Raw z: 1.002102569893241,x: 0.2276407319834886 y: -0.14038001357851743
Estimated landmark positions:
682: [0.86678804 0.38610441]
683: [ 0.92473305 -0.21081958]
Odometry measurement
[0.06503268535311713, 0.00047836062068601923, 0.014660765716752337]
Covariance:
[[1.09336388e-03 1.97103661e-06 4.77848450e-05]
 [1.97103661e-06 1.21359058e-03 2.15357082e-03]
 [4.77848450e-05 2.15357082e-03 6.20078375e-02]]
Estimated pose: 
(0.0648117, 0.000610106, 0.0180094)

Current pose: (0.06481174427265679, 0.0006101063668356966, 0.018009435509916735)
Goal pose: (0.4687990860210639, 0.04453285132313624, None)
Dist: 0.40636803493562396
Moving to goal, dist: 0.40636803493562396, theta_diff: 0.09028825519606949
error=0.40636803493562396, dt=0.10012006759643555
raw_control = 0.12191041048068718 + 0.019960491713641292 + -0.009347227504650026 = 0.13252367468967843
error=0.09028825519606949, dt=0.10011720657348633
raw_control = 0.0361153020784278 + 0.0008372076199594496 + 0.0005560965302131058 = 0.03750860622860036
Velocities: 0.13252367468967843 0.03750860622860036
Rel pose: (0.0075057, 2.63487e-06, 0.000872665)

Landmark 682 range: 0.8945138773002104 bearing: 0.4221480514293704
Raw z: 0.9767177528100891,x: -0.3665010065625418 y: -0.12127064274355234
Landmark 683 range: 0.8864682776489072 bearing: -0.259592617158362
Raw z: 0.982053839609397,x: 0.22754474083911222 y: -0.13149058656424495
Estimated landmark positions:
682: [0.8680171  0.38594653]
683: [ 0.92554947 -0.21054488]
Odometry measurement
[0.07253754313811155, 0.0005910306202687032, 0.01553343034274957]
Covariance:
[[1.19116098e-03 2.55382376e-06 5.71311603e-05]
 [2.55382376e-06 1.34162300e-03 2.38042417e-03]
 [5.71311603e-05 2.38042417e-03 6.39944410e-02]]
Estimated pose: 
(0.0722691, 0.000767103, 0.0197341)

Current pose: (0.07226905358580964, 0.0007671033072819078, 0.019734110822246718)
Goal pose: (0.4687990860210639, 0.04453285132313624, None)
Dist: 0.3989379742798259
Moving to goal, dist: 0.3989379742798259, theta_diff: 0.09019279242697137
error=0.3989379742798259, dt=0.10020899772644043
raw_control = 0.11968139228394777 + 0.021959350441521183 + -0.007414564384808333 = 0.1342261783406606
error=0.09019279242697137, dt=0.10021328926086426
raw_control = 0.036077116970788546 + 0.0009275927839267413 + -0.0001905191812427687 = 0.036814190573472516
Velocities: 0.1342261783406606 0.036814190573472516
Rel pose: (0.0114718, 9.70585e-06, 0.00191986)

Landmark 682 range: 0.8918260720234317 bearing: 0.42292764197942456
Raw z: 0.9729984539653196,x: -0.3660338685675101 y: -0.11701674373957484
Landmark 683 range: 0.8873170004714376 bearing: -0.2634924415127574
Raw z: 0.9822404602073507,x: 0.23110529547946237 y: -0.12725088285508396
Estimated landmark positions:
682: [0.86966995 0.38596166]
683: [ 0.92721682 -0.21038482]
Odometry measurement
[0.08400778893713914, 0.0007789242380592922, 0.017453292519943434]
Covariance:
[[1.28852901e-03 3.69824915e-06 6.99168565e-05]
 [3.69824915e-06 1.49444717e-03 2.83451866e-03]
 [6.99168565e-05 2.83451866e-03 6.55373164e-02]]
Estimated pose: 
(0.0836478, 0.00102176, 0.0224529)

Current pose: (0.08364775841663669, 0.0010217601879214198, 0.022452867710685557)
Goal pose: (0.4687990860210639, 0.04453285132313624, None)
Dist: 0.38760129025485685
Moving to goal, dist: 0.38760129025485685, theta_diff: 0.09004159523356998
error=0.38760129025485685, dt=0.10017919540405273
raw_control = 0.11628038707645705 + 0.023900829711286396 + -0.011316405546326083 = 0.12886481124141735
error=0.09004159523356998, dt=0.10052752494812012
raw_control = 0.036016638093428 + 0.0010181093710388538 + -0.0003008075519205576 = 0.036733939912546296
Velocities: 0.12886481124141735 0.036733939912546296
Rel pose: (0.00597044, 3.21544e-06, 0.00139626)

Landmark 683 range: 0.8796602146396432 bearing: -0.2674070382744639
Raw z: 0.972101809671031,x: 0.23243395715071474 y: -0.12059489017780187
Landmark 682 range: 0.8864968427268458 bearing: 0.42334840282047326
Raw z: 0.966031262685353,x: -0.36418668896401485 y: -0.1107892162366143
Estimated landmark positions:
682: [0.87106848 0.3859779 ]
683: [ 0.92848091 -0.21020384]
Odometry measurement
[0.08997726827274044, 0.0008863378127875218, 0.018849555921538808]
Covariance:
[[1.38542480e-03 4.53911160e-06 8.18852226e-05]
 [4.53911160e-06 1.62087281e-03 2.94906707e-03]
 [8.18852226e-05 2.94906707e-03 6.67950135e-02]]
Estimated pose: 
(0.0895304, 0.00117528, 0.0246535)

Current pose: (0.08953035224241405, 0.0011752758466646409, 0.024653543831907997)
Goal pose: (0.4687990860210639, 0.04453285132313624, None)
Dist: 0.38173898382698396
Moving to goal, dist: 0.38173898382698396, theta_diff: 0.08917119769094241
error=0.38173898382698396, dt=0.1001596450805664
raw_control = 0.11452169514809518 + 0.025812571767962735 + -0.005852962461236125 = 0.1344813044548218
error=0.08917119769094241, dt=0.0998086929321289
raw_control = 0.03566847907637696 + 0.0011071099779261081 + -0.0017441317325324708 = 0.035031457321770605
Velocities: 0.1344813044548218 0.035031457321770605
Rel pose: (0.0133909, 7.71853e-06, 0.00226893)

Landmark 682 range: 0.8773050581575937 bearing: 0.42414451952846693
Raw z: 0.9548207836073273,x: -0.36104722475362966 y: -0.10686252449723661
Landmark 683 range: 0.8707205586857756 bearing: -0.2718990536630419
Raw z: 0.9606706320288587,x: 0.23384176443474552 y: -0.11584174634604497
Estimated landmark positions:
682: [0.87252367 0.38592889]
683: [ 0.92987021 -0.20993691]
Odometry measurement
[0.10336559809852588, 0.0011464516824559801, 0.02111848394913141]
Covariance:
[[1.48181793e-03 6.46730184e-06 9.77559888e-05]
 [6.46730184e-06 1.79866871e-03 3.51576092e-03]
 [9.77559888e-05 3.51576092e-03 6.77345666e-02]]
Estimated pose: 
(0.102809, 0.00153049, 0.0277015)

Current pose: (0.1028090399769937, 0.001530491419172553, 0.027701506072264025)
Goal pose: (0.4687990860210639, 0.04453285132313624, None)
Dist: 0.36850768887589125
Moving to goal, dist: 0.36850768887589125, theta_diff: 0.08925822165460513
error=0.36850768887589125, dt=0.10035562515258789
raw_control = 0.11055230666276737 + 0.027661662742496505 + -0.01318440788045005 = 0.12502956152481381
error=0.08925822165460513, dt=0.1003577709197998
raw_control = 0.03570328866184205 + 0.0011966875395413238 + 0.00017342745432691838 = 0.037073403655710296
Velocities: 0.12502956152481381 0.037073403655710296
Rel pose: (0.00737776, 4.57009e-06, 0.00139626)

Landmark 682 range: 0.8747326373190197 bearing: 0.4245791386743132
Raw z: 0.9511056352207251,x: -0.36033502206869333 y: -0.10060879124921907
Landmark 683 range: 0.8666264416500649 bearing: -0.27540810815532024
Raw z: 0.95481289430463,x: 0.23567012407155932 y: -0.10911310667779663
Estimated landmark positions:
682: [0.87404091 0.38595848]
683: [ 0.93126734 -0.20969748]
Odometry measurement
[0.11074162010236, 0.0013068163521878784, 0.022514747350726786]
Covariance:
[[1.57765958e-03 7.80471375e-06 1.10941810e-04]
 [7.80471375e-06 1.94125840e-03 3.69002332e-03]
 [1.10941810e-04 3.69002332e-03 6.85155801e-02]]
Estimated pose: 
(0.110056, 0.00175202, 0.0298598)

Current pose: (0.11005634834192761, 0.0017520230271809534, 0.02985983648594943)
Goal pose: (0.4687990860210639, 0.04453285132313624, None)
Dist: 0.3612845846520574
Moving to goal, dist: 0.3612845846520574, theta_diff: 0.08883175083830945
error=0.3612845846520574, dt=0.09904599189758301
raw_control = 0.10838537539561721 + 0.02945085224470497 + -0.007292676952847134 = 0.13054355068747506
error=0.08883175083830945, dt=0.09905123710632324
raw_control = 0.03553270033532378 + 0.0012846764876898761 + -0.0008611115393498845 = 0.035956265283663774
Velocities: 0.13054355068747506 0.035956265283663774
Rel pose: (0.00921155, 3.27498e-07, 0.000698132)

Landmark 682 range: 0.8685689426716399 bearing: 0.4262616461506306
Raw z: 0.9434438314554511,x: -0.3591270806841665 y: -0.09747547379877584
Landmark 683 range: 0.8581367791650818 bearing: -0.277068054828319
Raw z: 0.9442784630081624,x: 0.23473190523713372 y: -0.10559240747071849
Estimated landmark positions:
682: [0.87553014 0.38594188]
683: [ 0.93253113 -0.20937166]
Odometry measurement
[0.11995082360951811, 0.0015145218656838035, 0.023212879051524592]
Covariance:
[[1.67290655e-03 9.21694717e-06 1.21923619e-04]
 [9.21694717e-06 2.10117214e-03 3.98317338e-03]
 [1.21923619e-04 3.98317338e-03 6.91394674e-02]]
Estimated pose: 
(0.119126, 0.00203074, 0.0311458)

Current pose: (0.11912569374853962, 0.002030742393729116, 0.031145780477035007)
Goal pose: (0.4687990860210639, 0.04453285132313624, None)
Dist: 0.35224694537614065
Moving to goal, dist: 0.35224694537614065, theta_diff: 0.08980891117740655
error=0.35224694537614065, dt=0.09977602958679199
raw_control = 0.1056740836128422 + 0.031208142326890318 + -0.009057926350993116 = 0.1278242995887394
error=0.08980891117740655, dt=0.09977245330810547
raw_control = 0.03592356447096262 + 0.001374281041660872 + 0.0019587778123076748 = 0.03925662332493117
Velocities: 0.1278242995887394 0.03925662332493117
Rel pose: (0.011088, 8.63404e-06, 0.00314159)

Landmark 682 range: 0.8638138754715252 bearing: 0.42509013831780257
Raw z: 0.9372308758138624,x: -0.3562393469307673 y: -0.08954251187654838
Landmark 683 range: 0.8541697210037169 bearing: -0.28359402314510485
Raw z: 0.9382021273353338,x: 0.23900344593613954 y: -0.09672208372260004
Estimated landmark positions:
682: [0.87715196 0.38596996]
683: [ 0.93402779 -0.20908665]
Odometry measurement
[0.13103560133600248, 0.001780514060336723, 0.026354471705114402]
Covariance:
[[1.76759006e-03 1.23359460e-05 1.44310161e-04]
 [1.23359460e-05 2.28195676e-03 4.38606011e-03]
 [1.44310161e-04 4.38606011e-03 6.96215209e-02]]
Estimated pose: 
(0.13003, 0.00239535, 0.035108)

Current pose: (0.1300304181523246, 0.0023953501674423418, 0.035107994809212395)
Goal pose: (0.4687990860210639, 0.04453285132313624, None)
Dist: 0.3413792309634643
Moving to goal, dist: 0.3413792309634643, theta_diff: 0.08864071902872371
error=0.3413792309634643, dt=0.10185122489929199
raw_control = 0.10241376928903928 + 0.032946636968330674 + -0.010670185285863864 = 0.12469022097150609
error=0.08864071902872371, dt=0.10185122489929199
raw_control = 0.03545628761148949 + 0.001464562699751167 + -0.0022939187031632115 = 0.03462693160807744
Velocities: 0.12469022097150609 0.03462693160807744
Rel pose: (0.00767629, 1.04948e-06, 0.0010472)

Landmark 682 range: 0.8573682625433497 bearing: 0.42685409182027423
Raw z: 0.9295136731328988,x: -0.3549583669400682 y: -0.08908753757879238
Landmark 683 range: 0.849158870911328 bearing: -0.2861905330927567
Raw z: 0.9320263963345508,x: 0.23971734607903042 y: -0.09593631728928247
Estimated landmark positions:
682: [0.87862307 0.38596821]
683: [ 0.93548313 -0.20881329]
Odometry measurement
[0.13870919581677946, 0.0019838442700808832, 0.02740166925631105]
Covariance:
[[1.86157575e-03 1.41285495e-05 1.57111621e-04]
 [1.41285495e-05 2.43774690e-03 4.56353329e-03]
 [1.57111621e-04 4.56353329e-03 7.00446366e-02]]
Estimated pose: 
(0.137514, 0.0026688, 0.0367694)

Current pose: (0.1375142234882934, 0.002668801434117682, 0.036769446544417834)
Goal pose: (0.4687990860210639, 0.04453285132313624, None)
Dist: 0.3339195394349766
Moving to goal, dist: 0.3339195394349766, theta_diff: 0.08893300036691998
error=0.3339195394349766, dt=0.10015177726745605
raw_control = 0.10017586183049297 + 0.03461876873526784 + -0.007448386570880843 = 0.12734624399487995
error=0.08893300036691998, dt=0.10016441345214844
raw_control = 0.03557320014676799 + 0.0015536419179340893 + 0.0005836031542997047 = 0.03771044521900179
Velocities: 0.12734624399487995 0.03771044521900179
Rel pose: (0.00729246, 9.9738e-06, 0.00244346)

Landmark 682 range: 0.8524178468853113 bearing: 0.42615261267529925
Raw z: 0.9232496038582303,x: -0.3523644618278073 y: -0.08301960255351314
Landmark 683 range: 0.8444133869261122 bearing: -0.2917088857887559
Raw z: 0.9253895075050407,x: 0.2428442853545147 y: -0.08935425092844228
Estimated landmark positions:
682: [0.88001525 0.38597961]
683: [ 0.93688845 -0.20857272]
Odometry measurement
[0.14599864850247396, 0.002193614993670088, 0.029845130209103066]
Covariance:
[[1.95492436e-03 1.69241897e-05 1.76680355e-04]
 [1.69241897e-05 2.59265046e-03 4.72394097e-03]
 [1.76680355e-04 4.72394097e-03 7.04156442e-02]]
Estimated pose: 
(0.1446, 0.00295341, 0.0399652)

Current pose: (0.1446001411795348, 0.002953408736338411, 0.039965184491007055)
Goal pose: (0.4687990860210639, 0.04453285132313624, None)
Dist: 0.3268544108348389
Moving to goal, dist: 0.3268544108348389, theta_diff: 0.08759133550675369
error=0.3268544108348389, dt=0.09923219680786133
raw_control = 0.09805632325045167 + 0.036240492796441856 + -0.0071197946104302945 = 0.12717702143646323
error=0.08759133550675369, dt=0.09921050071716309
raw_control = 0.035036534202701475 + 0.0016405417204751898 + -0.002704683174599054 = 0.03397239274857761
Velocities: 0.12717702143646323 0.03397239274857761
Rel pose: (0.013135, 6.39364e-06, 0.00401426)

Landmark 682 range: 0.848737668003452 bearing: 0.42503496516831124
Raw z: 0.9186061843931645,x: -0.3499792147704809 y: -0.07776999543947138
Landmark 683 range: 0.8353402310542326 bearing: -0.29961734784907407
Raw z: 0.9134570350612986,x: 0.24655453136816827 y: -0.08214864097225551
Estimated landmark positions:
682: [0.8816619  0.38607407]
683: [ 0.93832047 -0.20830568]
Odometry measurement
[0.1591275775789515, 0.002591962465919293, 0.033859387488689996]
Covariance:
[[2.04763468e-03 2.25745462e-05 2.06803720e-04]
 [2.25745462e-05 2.80981285e-03 5.25687819e-03]
 [2.06803720e-04 5.25687819e-03 7.06682786e-02]]
Estimated pose: 
(0.157478, 0.00348864, 0.0448928)

Current pose: (0.15747759865155284, 0.003488636929662978, 0.04489279367712193)
Goal pose: (0.4687990860210639, 0.04453285132313624, None)
Dist: 0.31401543916365326
Moving to goal, dist: 0.31401543916365326, theta_diff: 0.08618990761655648
error=0.31401543916365326, dt=0.10152053833007812
raw_control = 0.09420463174909598 + 0.037834443617834355 + -0.012646674143355836 = 0.11939240122357449
error=0.08618990761655648, dt=0.10153007507324219
raw_control = 0.03447596304662259 + 0.0017280503983838377 + -0.002760616278843952 = 0.03344339716616247
Velocities: 0.11939240122357449 0.03344339716616247
Rel pose: (0.00699395, 5.63445e-06, 0.00244346)

Landmark 682 range: 0.842874260842103 bearing: 0.42444544041623194
Raw z: 0.9114186668780473,x: -0.34710867935586204 y: -0.07285671334889302
Landmark 683 range: 0.8306058325799968 bearing: -0.30483050400576533
Raw z: 0.907012246438582,x: 0.24929097249646642 y: -0.07650647973538233
Estimated landmark positions:
682: [0.88316698 0.38614618]
683: [ 0.93969461 -0.20806072]
Odometry measurement
[0.1661173251984737, 0.0028343592092148037, 0.036302848441482016]
Covariance:
[[2.13955081e-03 2.63022992e-05 2.28159348e-04]
 [2.63022992e-05 2.96881606e-03 5.37645813e-03]
 [2.28159348e-04 5.37645813e-03 7.09314259e-02]]
Estimated pose: 
(0.164208, 0.00381125, 0.0482493)

Current pose: (0.16420830370645753, 0.0038112512648607504, 0.04824928026001678)
Goal pose: (0.4687990860210639, 0.04453285132313624, None)
Dist: 0.30730081903947154
Moving to goal, dist: 0.30730081903947154, theta_diff: 0.0846554409564466
error=0.30730081903947154, dt=0.09916949272155762
raw_control = 0.09219024571184146 + 0.03935818693468753 + -0.006770852547400487 = 0.12477758009912851
error=0.0846554409564466, dt=0.09917020797729492
raw_control = 0.03386217638257864 + 0.0018120033752444418 + -0.0030946121650994194 = 0.032579567592723666
Velocities: 0.12477758009912851 0.032579567592723666
Rel pose: (0.00707924, 1.45886e-06, 0.00139626)

Landmark 683 range: 0.8244711375644188 bearing: -0.30857026843795204
Raw z: 0.8991644896842218,x: 0.25038919979812685 y: -0.07236550980392663
Landmark 682 range: 0.8376374479882006 bearing: 0.4238026659766827
Raw z: 0.905116590814128,x: -0.3444613702932635 y: -0.06964835592534603
Estimated landmark positions:
682: [0.88459649 0.38617842]
683: [ 0.94096907 -0.20778562]
Odometry measurement
[0.17319185080639335, 0.0030927573397547814, 0.03769911184307752]
Covariance:
[[2.23064801e-03 2.95266896e-05 2.44521864e-04]
 [2.95266896e-05 3.13111005e-03 5.51537534e-03]
 [2.44521864e-04 5.51537534e-03 7.11839214e-02]]
Estimated pose: 
(0.171013, 0.00415672, 0.0506354)

Current pose: (0.1710133314574396, 0.004156721616880778, 0.0506354404547791)
Goal pose: (0.4687990860210639, 0.04453285132313624, None)
Dist: 0.30051054469200156
Moving to goal, dist: 0.30051054469200156, theta_diff: 0.08413056893376403
error=0.30051054469200156, dt=0.10114097595214844
raw_control = 0.09015316340760046 + 0.04087788342339057 + -0.006713672953563925 = 0.12431737387742711
error=0.08413056893376403, dt=0.10114288330078125
raw_control = 0.03365222757350561 + 0.001897095458401402 + -0.0010378822623074648 = 0.03451144076959955
Velocities: 0.12431737387742711 0.03451144076959955
Rel pose: (0.0120262, 1.243e-05, 0.00331613)

Landmark 682 range: 0.8297561075730119 bearing: 0.4228783322662203
Raw z: 0.895505244655434,x: -0.3405210646927689 y: -0.06290357374819694
Landmark 683 range: 0.8126552374641824 bearing: -0.31487057268017116
Raw z: 0.8841289101540927,x: 0.25167397132444486 y: -0.06398985442304793
Estimated landmark positions:
682: [0.88605552 0.38616457]
683: [ 0.94212725 -0.207426  ]
Odometry measurement
[0.18520901129321346, 0.0035584472331805714, 0.041015237421866864]
Covariance:
[[2.32105457e-03 3.62956625e-05 2.72886829e-04]
 [3.62956625e-05 3.35375993e-03 5.97717546e-03]
 [2.72886829e-04 5.97717546e-03 7.13577877e-02]]
Estimated pose: 
(0.18274, 0.00477558, 0.0549529)

Current pose: (0.18273951589607118, 0.00477558095009498, 0.05495292880651662)
Goal pose: (0.4687990860210639, 0.04453285132313624, None)
Dist: 0.28880913802650143
Moving to goal, dist: 0.28880913802650143, theta_diff: 0.0831449200533563
error=0.28880913802650143, dt=0.09984230995178223
raw_control = 0.08664274140795043 + 0.04231965199717802 + -0.01171988776216335 = 0.1172425056429651
error=0.0831449200533563, dt=0.09984135627746582
raw_control = 0.033257968021342524 + 0.0019801084742584875 + -0.0019744300701776134 = 0.0332636464254234
Velocities: 0.1172425056429651 0.0332636464254234
Rel pose: (0.00724982, 7.0412e-06, 0.00453786)

Landmark 683 range: 0.8112195852188199 bearing: -0.32133477548051453
Raw z: 0.8816603391365945,x: 0.25621015552649584 y: -0.05939626287761943
Landmark 682 range: 0.8287888972407057 bearing: 0.4191543519794729
Raw z: 0.8944441512610792,x: -0.3373072645849876 y: -0.059009851130160725
Estimated landmark positions:
682: [0.88760312 0.38619433]
683: [ 0.94339493 -0.20709274]
Odometry measurement
[0.1924524460435295, 0.003862752265986016, 0.04555309347705205]
Covariance:
[[2.41077489e-03 4.37872641e-05 3.09125392e-04]
 [4.37872641e-05 3.52402758e-03 6.11255340e-03]
 [3.09125392e-04 6.11255340e-03 7.15527251e-02]]
Estimated pose: 
(0.189645, 0.00517023, 0.0604787)

Current pose: (0.18964461744411815, 0.005170229313440296, 0.060478694796786366)
Goal pose: (0.4687990860210639, 0.04453285132313624, None)
Dist: 0.2819160040472254
Moving to goal, dist: 0.2819160040472254, theta_diff: 0.07960435814976394
error=0.2819160040472254, dt=0.10015630722045898
raw_control = 0.08457480121416762 + 0.04373143529276392 + -0.006882376328136009 = 0.12142386017879553
error=0.07960435814976394, dt=0.10015606880187988
raw_control = 0.031841743259905575 + 0.0020598370699762597 + -0.007070089603049418 = 0.02683149072683242
Velocities: 0.12142386017879553 0.02683149072683242
Rel pose: (0.00750569, 1.4261e-05, 0.00261799)

Landmark 682 range: 0.8180451372004356 bearing: 0.4187774807508483
Raw z: 0.8816742976593632,x: -0.33265304846076627 y: -0.05513502234161616
Landmark 683 range: 0.8020600063564511 bearing: -0.3298364134843167
Raw z: 0.8698863466451239,x: 0.2597778233145014 y: -0.05385003303496581
Estimated landmark positions:
682: [0.88886925 0.38617592]
683: [ 0.94446656 -0.20678929]
Odometry measurement
[0.1999496956472525, 0.004218787450170737, 0.04817108735504339]
Covariance:
[[2.49950904e-03 4.99506907e-05 3.33790037e-04]
 [4.99506907e-05 3.70048221e-03 6.27781319e-03]
 [3.33790037e-04 6.27781319e-03 7.17474062e-02]]
Estimated pose: 
(0.196832, 0.0056445, 0.0643751)

Current pose: (0.19683202864436108, 0.005644496503977292, 0.06437512454393116)
Goal pose: (0.4687990860210639, 0.04453285132313624, None)
Dist: 0.2747332969239141
Moving to goal, dist: 0.2747332969239141, theta_diff: 0.0776513539668218
error=0.2747332969239141, dt=0.09930753707885742
raw_control = 0.08241998907717424 + 0.04509558964631734 + -0.007232791522769987 = 0.12028278720072158
error=0.0776513539668218, dt=0.09929680824279785
raw_control = 0.031060541586728718 + 0.002136942386022631 + -0.0039336696063114315 = 0.02926381436643992
Velocities: 0.12028278720072158 0.02926381436643992
Rel pose: (0.0126659, 1.61739e-05, 0.00331613)

Landmark 682 range: 0.8151132351963183 bearing: 0.41895090072292085
Raw z: 0.8779649831276558,x: -0.33158994527414737 y: -0.05069043585194745
Landmark 683 range: 0.7974345022012351 bearing: -0.33533687648132704
Raw z: 0.8637297117456162,x: 0.26242556792179816 y: -0.048675513469065575
Estimated landmark positions:
682: [0.89034541 0.38620738]
683: [ 0.94571932 -0.20648225]
Odometry measurement
[0.21260008116851584, 0.004844834771999124, 0.05148721293383274]
Covariance:
[[2.58741787e-03 5.91800695e-05 3.63268636e-04]
 [5.91800695e-05 3.94755076e-03 6.77739083e-03]
 [3.63268636e-04 6.77739083e-03 7.18691197e-02]]
Estimated pose: 
(0.209087, 0.0064605, 0.0686489)

Current pose: (0.20908712743067615, 0.0064605000572930645, 0.06864885009709855)
Goal pose: (0.4687990860210639, 0.04453285132313624, None)
Dist: 0.26248772421918143
Moving to goal, dist: 0.26248772421918143, theta_diff: 0.07690890746821936
error=0.26248772421918143, dt=0.10237646102905273
raw_control = 0.07874631726575443 + 0.046439217859773826 + -0.011961316675380692 = 0.11322421845014757
error=0.07690890746821936, dt=0.10237479209899902
raw_control = 0.030763562987287746 + 0.002215677720148832 + -0.0014504478756537378 = 0.03152879283178284
Velocities: 0.11322421845014757 0.03152879283178284
Rel pose: (0.00690865, 6.10337e-06, 0.00296706)

Landmark 683 range: 0.7906849089541799 bearing: -0.3433759828490728
Raw z: 0.8548958725252969,x: 0.26619823518026836 y: -0.043166236821383625
Landmark 682 range: 0.8108888142624737 bearing: 0.41606128320404556
Raw z: 0.8730567500807923,x: -0.32772955355866557 y: -0.04674718051552057
Estimated landmark positions:
682: [0.8917712 0.3862521]
683: [ 0.94685347 -0.20618253]
Odometry measurement
[0.21949926656965177, 0.0052064802911578984, 0.054454272662223024]
Covariance:
[[2.67446510e-03 6.71259167e-05 3.93211218e-04]
 [6.71259167e-05 4.12219124e-03 6.88401434e-03]
 [3.93211218e-04 6.88401434e-03 7.20353218e-02]]
Estimated pose: 
(0.215588, 0.00693519, 0.0730069)

Current pose: (0.21558766659457296, 0.0069351858539097744, 0.07300692178991633)
Goal pose: (0.4687990860210639, 0.04453285132313624, None)
Dist: 0.25598751410315734
Moving to goal, dist: 0.25598751410315734, theta_diff: 0.0743993651027455
error=0.25598751410315734, dt=0.10074281692504883
raw_control = 0.0767962542309472 + 0.047728663023193466 + -0.006452281477159951 = 0.11807263577698071
error=0.0743993651027455, dt=0.10074734687805176
raw_control = 0.0297597460410982 + 0.0022906331065839633 + -0.004981853008023138 = 0.027068526139659023
Velocities: 0.11807263577698071 0.027068526139659023
Rel pose: (0.006866, 1.01673e-05, 0.00244346)

Landmark 682 range: 0.8059499783469587 bearing: 0.4173638001875598
Raw z: 0.8669492730969545,x: -0.3266933986132759 y: -0.04248641930532042
Landmark 683 range: 0.7859854439469671 bearing: -0.347384135154176
Raw z: 0.8488298345395416,x: 0.26758038545232765 y: -0.03825342668677212
Estimated landmark positions:
682: [0.89311986 0.38629945]
683: [ 0.94795131 -0.20590786]
Odometry measurement
[0.22635453825868498, 0.005590330952701481, 0.05689773361501516]
Covariance:
[[2.76047646e-03 7.41151962e-05 4.16650074e-04]
 [7.41151962e-05 4.29837123e-03 7.00296666e-03]
 [4.16650074e-04 7.00296666e-03 7.22179138e-02]]
Estimated pose: 
(0.222032, 0.00741761, 0.0763051)

Current pose: (0.2220317750398243, 0.0074176087799664725, 0.07630510963016958)
Goal pose: (0.4687990860210639, 0.04453285132313624, None)
Dist: 0.24954287607132794
Moving to goal, dist: 0.24954287607132794, theta_diff: 0.07298171534680901
error=0.24954287607132794, dt=0.09906744956970215
raw_control = 0.07486286282139838 + 0.0489647418377272 + -0.006505303265423288 = 0.1173223013937023
error=0.07298171534680901, dt=0.09906721115112305
raw_control = 0.029192686138723608 + 0.002362934056628298 + -0.002861995890393885 = 0.02869362430495802
Velocities: 0.1173223013937023 0.02869362430495802
Rel pose: (0.0120688, 1.49905e-05, 0.00349066)

Landmark 683 range: 0.7801127837112372 bearing: -0.3523322523267932
Raw z: 0.8414051671545671,x: 0.26920734740137736 y: -0.03494305594946521
Landmark 682 range: 0.8027570922366362 bearing: 0.4159206718438936
Raw z: 0.8632259691135747,x: -0.32433977923989554 y: -0.04015624704321905
Estimated landmark positions:
682: [0.89463868 0.38634399]
683: [ 0.94915108 -0.20558149]
Odometry measurement
[0.23840296692528407, 0.006291614724260609, 0.06038839211900384]
Covariance:
[[2.84567643e-03 8.54799810e-05 4.48183265e-04]
 [8.54799810e-05 4.55203147e-03 7.46522416e-03]
 [4.48183265e-04 7.46522416e-03 7.23345910e-02]]
Estimated pose: 
(0.233582, 0.00830433, 0.0804776)

Current pose: (0.23358164456731656, 0.00830432987110562, 0.08047757940638266)
Goal pose: (0.4687990860210639, 0.04453285132313624, None)
Dist: 0.2379910723759345
Moving to goal, dist: 0.2379910723759345, theta_diff: 0.07234294623520991
error=0.2379910723759345, dt=0.09997415542602539
raw_control = 0.07139732171278035 + 0.0501543896607131 + -0.011554789981637852 = 0.1099969213918556
error=0.07234294623520991, dt=0.09996700286865234
raw_control = 0.028937178494083966 + 0.002435253131766518 + -0.0012779599133093697 = 0.03009447171254111
Velocities: 0.1099969213918556 0.03009447171254111
Rel pose: (0.00690864, 1.12987e-05, 0.00401426)

Landmark 682 range: 0.7970477616609319 bearing: 0.41297265003191824
Raw z: 0.856553848315279,x: -0.31988224046763175 y: -0.034664049713097916
Landmark 683 range: 0.7763696103383115 bearing: -0.3601456302031185
Raw z: 0.8361766274819125,x: 0.27360082149481163 y: -0.028318666724601115
Estimated landmark positions:
682: [0.89606054 0.38637306]
683: [ 0.9503388  -0.20527906]
Odometry measurement
[0.24529833563923412, 0.006719841166156342, 0.06440264939859076]
Covariance:
[[2.93007982e-03 9.65483135e-05 4.84810861e-04]
 [9.65483135e-05 4.73329761e-03 7.57264548e-03]
 [4.84810861e-04 7.57264548e-03 7.24933536e-02]]
Estimated pose: 
(0.239968, 0.00883263, 0.0853881)

Current pose: (0.23996759005036364, 0.0088326308178002, 0.08538809467692966)
Goal pose: (0.4687990860210639, 0.04453285132313624, None)
Dist: 0.23159956669285509
Moving to goal, dist: 0.23159956669285509, theta_diff: 0.0693752919315322
error=0.23159956669285509, dt=0.09963107109069824
raw_control = 0.06947987000785652 + 0.051308115305400644 + -0.006415173111268641 = 0.11437281220198851
