Robot Name: locobot
Robot Model: locobot_px100
Initialized InterbotixRobotXSCore!

Turret Group Name: camera
Pan Name: pan, Profile Type: time, Profile Velocity: 2.0, Profile Acceleration: 0.3
Tilt Name: tilt, Profile Type: time, Profile Velocity: 2.0, Profile Acceleration: 0.3
Initialized InterbotixTurretXSInterface!

Initialized InterbotixKobukiInterface!

Arm Group Name: arm
Moving Time: 2.00 seconds
Acceleration Time: 0.30 seconds
Drive Mode: Time-Based-Profile
Initialized InterbotixArmXSInterface!

Gripper Name: gripper
Gripper Pressure: 50%
Initialized InterbotixGripperXSInterface!

Reset odom:[0.0, 0.0, -0.0006981317007977996]
Estimated landmark positions:
Starting move to goal: (0.5, 0.5, 0)
Rel pose: (0, 0, -0.0015708)

Landmark 683 range: 0.8768584433859451 bearing: -0.32242579624702183
Raw z: 0.9641830221953612,x: 0.27784863074142546 y: -0.11527646953919966
Initial estimate for 683: (0.8310409758410652, -0.27973492132794714)
Landmark 682 range: 0.8726286671162679 bearing: 0.30313178780229394
Raw z: 0.9583547380318086,x: -0.2604889625760806 y: -0.09408309229012377
Initial estimate for 682: (0.8334311830774142, 0.2585986344652578)
Estimated landmark positions:
682: [0.83343118 0.25859863]
683: [ 0.83104098 -0.27973492]
Odometry measurement
[0.0, 0.0, -0.0022689280275925987]
Covariance:
[[2.00000000e-04 8.88178420e-24 2.62447926e-40]
 [8.88178420e-24 2.00000000e-04 1.72986701e-21]
 [2.62447926e-40 1.72986701e-21 9.73828555e-03]]
Estimated pose: 
(4.93037e-36, -1.11867e-38, -0.00226893)

Current pose: (4.93036796675217e-36, -1.1186669262568114e-38, -0.0022689280275925987)
Goal pose: (0.5, 0.5, 0)
Dist: 0.7071067811865476
Moving to goal, dist: 0.7071067811865476, theta_diff: 0.7876670914250409
dt=0
raw_control = 0.21213203435596426 + 0.0 + 0 = 0.21213203435596426
dt=0
raw_control = 0.39383354571252044 + 0.0 + 0 = 0.39383354571252044
Velocities: 0.2 0.39383354571252044
Rel pose: (0, 0, 0.000174533)

Landmark 682 range: 0.8721992185116294 bearing: 0.30308542624681595
Raw z: 0.9578378581355155,x: -0.2603221744460937 y: -0.09394521421026703
Landmark 683 range: 0.8772056433843954 bearing: -0.3226528975442487
Raw z: 0.9645798828336437,x: 0.27814758916483484 y: -0.11533131761665673
Estimated landmark positions:
682: [0.83320973 0.25858784]
683: [ 0.83119797 -0.27981271]
Odometry measurement
[0.0, 0.0, -0.0020943951023931757]
Covariance:
[[ 2.99958855e-04 -1.03156859e-12 -3.64238769e-08]
 [-1.03156859e-12  2.99950664e-04 -4.03548980e-06]
 [-3.64238769e-08 -4.03548980e-06  1.90189419e-02]]
Estimated pose: 
(2.87455e-08, 3.15079e-08, -0.0020958)

Current pose: (2.8745464857139783e-08, 3.150786900443739e-08, -0.0020957996537254013)
Goal pose: (0.5, 0.5, 0)
Dist: 0.7071067385810066
Moving to goal, dist: 0.7071067385810066, theta_diff: 0.7874939602887694
dt=0.09979820251464844
raw_control = 0.21213202157430197 + 0.0007056798149637987 + -0.0 = 0.21283770138926578
dt=0.09979844093322754
raw_control = 0.3937469801443847 + 0.0007859066948115219 + -0.00017348080255815272 = 0.3943594060366381
Velocities: 0.2 0.3943594060366381
Rel pose: (0.00221759, -1.71192e-07, -0.000174533)

Landmark 683 range: 0.8779751376349656 bearing: -0.32234788834956135
Raw z: 0.9654767824822935,x: 0.2781375984355998 y: -0.11507074537964691
Landmark 682 range: 0.8733056638457043 bearing: 0.303244868063137
Raw z: 0.9591123831477112,x: -0.2607853027408389 y: -0.09374711488248665
Estimated landmark positions:
682: [0.83422849 0.2586849 ]
683: [ 0.83224301 -0.27988819]
Odometry measurement
[0.002217589056863418, -4.815707018244047e-06, -0.0022689280275925987]
Covariance:
[[ 3.99835482e-04 -9.68540000e-11 -1.39847986e-07]
 [-9.68540000e-11  3.99867579e-04  2.58416638e-05]
 [-1.39847986e-07  2.58416638e-05  2.76361260e-02]]
Estimated pose: 
(0.00221509, -4.83427e-06, -0.00227729)

Current pose: (0.0022150874760117237, -4.834271672389873e-06, -0.0022772886735518963)
Goal pose: (0.5, 0.5, 0)
Dist: 0.705545642344673
Moving to goal, dist: 0.705545642344673, theta_diff: 0.7899002876057611
dt=0.10057926177978516
raw_control = 0.21166369270340188 + 0.001415312413553514 + -0.0 = 0.2130790051169554
dt=0.10061788558959961
raw_control = 0.39495014380288057 + 0.001580687662466605 + 0.0023915502724900064 = 0.3989223817378372
Velocities: 0.2 0.3989223817378372
Rel pose: (0.00498931, 4.16728e-05, 0.0207694)

Landmark 683 range: 0.8351802101629471 bearing: -0.34465421582360173
Raw z: 0.9122622804897471,x: 0.2821833799422545 y: -0.10450904565032335
Landmark 682 range: 0.864243759762272 bearing: 0.28022096984630773
Raw z: 0.950033165707834,x: -0.23902217341143134 y: -0.09370953376713237
Estimated landmark positions:
682: [0.83396079 0.25765241]
683: [ 0.82380093 -0.27674781]
Odometry measurement
[0.007206983743233938, 2.553663550594567e-05, 0.018500490071139852]
Covariance:
[[4.99588173e-04 8.63878372e-09 1.43761038e-06]
 [8.63878372e-09 5.00412176e-04 1.37154722e-04]
 [1.43761038e-06 1.37154722e-04 3.53705832e-02]]
Estimated pose: 
(0.00722513, 2.14614e-05, 0.018669)

Current pose: (0.007225129111295337, 2.1461361713710985e-05, 0.01866900591572123)
Goal pose: (0.5, 0.5, 0)
Dist: 0.7020011484878467
Moving to goal, dist: 0.7020011484878467, theta_diff: 0.7739852809585657
dt=0.10044980049133301
raw_control = 0.21060034454635398 + 0.0021204711666564227 + -0.0 = 0.2127208157130104
dt=0.10042214393615723
raw_control = 0.38699264047928283 + 0.0023579402753554865 + -0.015848104833644402 = 0.3735024759209939
Velocities: 0.2 0.3735024759209939
Rel pose: (0.00980729, 0.000130595, 0.0319395)

Landmark 682 range: 0.8604231270726378 bearing: 0.24309264761244515
Raw z: 0.9478756413778614,x: -0.20710857123406248 y: -0.09376127436800206
Estimated landmark positions:
682: [0.83523368 0.25622293]
683: [ 0.82385019 -0.27659558]
Odometry measurement
[0.017010174902380257, 0.0003375386645326475, 0.05044001538263609]
Covariance:
[[5.99391176e-04 2.19495490e-07 1.68939227e-05]
 [2.19495490e-07 6.05939730e-04 4.54880137e-04]
 [1.68939227e-05 4.54880137e-04 4.34765930e-02]]
Estimated pose: 
(0.0170221, 0.000348668, 0.0513851)

Current pose: (0.01702214465210829, 0.0003486675453560203, 0.051385071463345075)
Goal pose: (0.5, 0.5, 0)
Dist: 0.6949237819935005
Moving to goal, dist: 0.6949237819935005, theta_diff: 0.7509796927398639
dt=0.0994112491607666
raw_control = 0.20847713459805015 + 0.002811303579051404 + -0.0 = 0.21128843817710155
dt=0.09940266609191895
raw_control = 0.37548984636993193 + 0.003104434111747812 + -0.0231438341879364 = 0.35545044629374334
Velocities: 0.2 0.35545044629374334
Rel pose: (0.0166289, 0.000273197, 0.0357792)

Landmark 683 range: 0.8392580394424453 bearing: -0.4420170114342265
Raw z: 0.9065995975035469,x: 0.3590039495121646 y: -0.08470387714842088
Landmark 682 range: 0.8432150509321281 bearing: 0.20119319821081327
Raw z: 0.9292796190282031,x: -0.16850691762117764 y: -0.08949315663310314
Estimated landmark positions:
682: [0.83614224 0.25455372]
683: [ 0.82342765 -0.27864368]
Odometry measurement
[0.033604129432046104, 0.001448793685692196, 0.08621926504851997]
Covariance:
[[6.98710897e-04 1.15495549e-06 3.57998606e-05]
 [1.15495549e-06 7.29375022e-04 1.04621777e-03]
 [3.57998606e-05 1.04621777e-03 4.83411404e-02]]
Estimated pose: 
(0.0336094, 0.00155505, 0.0900721)

Current pose: (0.0336094120500294, 0.0015550499868939973, 0.09007205768138958)
Goal pose: (0.5, 0.5, 0)
Dist: 0.6826181573338692
Moving to goal, dist: 0.6826181573338692, theta_diff: 0.728536508271003
dt=0.10074639320373535
raw_control = 0.20478544720016076 + 0.0034990167519190767 + -0.0 = 0.20828446395207983
dt=0.10075569152832031
raw_control = 0.3642682541355015 + 0.0038384761086925397 + -0.022274855274605043 = 0.345831874969589
Velocities: 0.2 0.345831874969589
Rel pose: (0.0120682, 9.54928e-05, 0.0202458)

Landmark 682 range: 0.8537815188101623 bearing: 0.1776646932998762
Raw z: 0.9428198474981004,x: -0.15089009751076807 y: -0.08815448160199454
Estimated landmark positions:
682: [0.8400312  0.25368308]
683: [ 0.82353419 -0.27830961]
Odometry measurement
[0.04561931562135384, 0.002583157670937886, 0.10646508437165403]
Covariance:
[[7.98375246e-04 2.83863314e-06 7.09760512e-05]
 [2.83863314e-06 8.59039789e-04 1.54662256e-03]
 [7.09760512e-05 1.54662256e-03 5.53042612e-02]]
Estimated pose: 
(0.0455822, 0.00278248, 0.11218)

Current pose: (0.045582193475365955, 0.002782478192733829, 0.11218034486692371)
Goal pose: (0.5, 0.5, 0)
Dist: 0.6735880097498909
Moving to goal, dist: 0.6735880097498909, theta_diff: 0.7181624431965593
dt=0.09969282150268555
raw_control = 0.20207640292496726 + 0.004170535644142527 + -0.0 = 0.20624693856910978
dt=0.09969425201416016
raw_control = 0.35908122159827965 + 0.004554442784683968 + -0.010405880845537844 = 0.3532297835374258
Velocities: 0.2 0.3532297835374258
Rel pose: (0.0177813, 0.000222215, 0.0310669)

Landmark 682 range: 0.8412711300528206 bearing: 0.1504265412153878
Raw z: 0.928516985467473,x: -0.12607278259159402 y: -0.0829132025185815
Estimated landmark positions:
682: [0.84347377 0.25341771]
683: [ 0.82359986 -0.27809807]
Odometry measurement
[0.06327632204884549, 0.004693627477099218, 0.1375319450571532]
Covariance:
[[8.98155857e-04 7.81400931e-06 1.42962558e-04]
 [7.81400931e-06 1.02609465e-03 2.39481514e-03]
 [1.42962558e-04 2.39481514e-03 6.14721224e-02]]
Estimated pose: 
(0.0631816, 0.00504514, 0.144927)

Current pose: (0.06318158153999233, 0.0050451371913929855, 0.14492659723053813)
Goal pose: (0.5, 0.5, 0)
Dist: 0.6601444136882394
Moving to goal, dist: 0.6601444136882394, theta_diff: 0.7027841274918566
dt=0.09998273849487305
raw_control = 0.19804332410647182 + 0.0048305661069689525 + -0.0 = 0.20287389021344077
dt=0.09997367858886719
raw_control = 0.3513920637459283 + 0.005257041929476251 + -0.015382364560120536 = 0.341266741115284
Velocities: 0.2 0.341266741115284
Rel pose: (0.0146264, 0.00015097, 0.0270526)

Landmark 682 range: 0.8307245137267333 bearing: 0.11884304364425842
Raw z: 0.9165144734268846,x: -0.09849359854264576 y: -0.07792805816896818
Estimated landmark positions:
682: [0.84665636 0.2530512 ]
683: [ 0.8236667  -0.27788427]
Odometry measurement
[0.07774391054824202, 0.006848432847113037, 0.16458454846306528]
Covariance:
[[9.98102222e-04 1.52601973e-05 2.27115914e-04]
 [1.52601973e-05 1.20102665e-03 3.11115979e-03]
 [2.27115914e-04 3.11115979e-03 6.68966305e-02]]
Estimated pose: 
(0.0775753, 0.00738888, 0.174292)

Current pose: (0.07757530178595856, 0.007388875331705063, 0.17429157090641542)
Goal pose: (0.5, 0.5, 0)
Dist: 0.6489286137998435
Moving to goal, dist: 0.6489286137998435, theta_diff: 0.6876601689620448
dt=0.10010004043579102
raw_control = 0.19467858413995304 + 0.005480143911782014 + -0.0 = 0.20015872805173504
dt=0.10010266304016113
raw_control = 0.3438300844810224 + 0.005945408071273729 + -0.015108447738042714 = 0.33466704481425347
Velocities: 0.2 0.33466704481425347
Rel pose: (0.0117267, 0.000119725, 0.0258309)

Landmark 682 range: 0.8243742478588219 bearing: 0.08856247236649951
Raw z: 0.9092087647946739,x: -0.07291322073927929 y: -0.0722921267196082
Estimated landmark positions:
682: [0.8497436  0.25278131]
683: [ 0.82372637 -0.27769204]
Odometry measurement
[0.0892925165790091, 0.008887869902531119, 0.19041542139258139]
Covariance:
[[1.09831876e-03 2.49494059e-05 3.22032793e-04]
 [2.49494059e-05 1.37248775e-03 3.67367784e-03]
 [3.22032793e-04 3.67367784e-03 7.16445353e-02]]
Estimated pose: 
(0.0890316, 0.00964252, 0.202895)

Current pose: (0.08903156978417785, 0.00964251772292971, 0.20289513008483107)
Goal pose: (0.5, 0.5, 0)
Dist: 0.6398011496231969
Moving to goal, dist: 0.6398011496231969, theta_diff: 0.6703566028320829
dt=0.10020065307617188
raw_control = 0.19194034488695907 + 0.006121228842093313 + -0.0 = 0.1980615737290524
dt=0.10020923614501953
raw_control = 0.33517830141604144 + 0.006617167302419462 + -0.0172674364116705 = 0.3245280323067904
Velocities: 0.1980615737290524 0.3245280323067904
Rel pose: (0.0176959, 0.000228666, 0.0340339)

Estimated landmark positions:
682: [0.8497436  0.25278131]
683: [ 0.82372637 -0.27769204]
Odometry measurement
[0.10662524969790181, 0.012461640562570275, 0.22444934180647083]
Covariance:
[[1.20067705e-03 4.39630256e-05 4.73618905e-04]
 [4.39630256e-05 1.62243865e-03 4.92822688e-03]
 [4.73618905e-04 4.92822688e-03 8.12828208e-02]]
Estimated pose: 
(0.106318, 0.0134323, 0.236929)

Current pose: (0.10631835473227932, 0.01343231195353754, 0.23692905049872054)
Goal pose: (0.5, 0.5, 0)
Dist: 0.6258860542235934
Moving to goal, dist: 0.6258860542235934, theta_diff: 0.6536024688642665
dt=0.09972095489501953
raw_control = 0.18776581626707803 + 0.00674536839191984 + -0.0 = 0.19451118465899786
dt=0.09971499443054199
raw_control = 0.32680123443213327 + 0.00726890696784535 + -0.0168020206624859 = 0.31726812073749266
Velocities: 0.19451118465899786 0.31726812073749266
Rel pose: (0.0146264, 0.000152615, 0.0258309)

Landmark 682 range: 0.7950547950043474 bearing: 0.03055466676255049
Raw z: 0.8737973692721098,x: -0.02428885461182229 y: -0.0574299667676307
Estimated landmark positions:
682: [0.85247267 0.25276991]
683: [ 0.82376635 -0.2775597 ]
Odometry measurement
[0.12085079967161283, 0.015865816984536138, 0.2502802147359869]
Covariance:
[[1.30212615e-03 6.45543234e-05 6.06666018e-04]
 [6.45543234e-05 1.85476205e-03 5.63747858e-03]
 [6.06666018e-04 5.63747858e-03 8.25441468e-02]]
Estimated pose: 
(0.120399, 0.0171584, 0.265848)

Current pose: (0.12039890873587493, 0.017158419204870747, 0.2658482798884935)
Goal pose: (0.5, 0.5, 0)
Dist: 0.6141929506544779
Moving to goal, dist: 0.6141929506544779, theta_diff: 0.6386900326597609
dt=0.10007023811340332
raw_control = 0.18425788519634337 + 0.007359992740115514 + -0.0 = 0.19161787793645887
dt=0.10006284713745117
raw_control = 0.31934501632988044 + 0.007907998398907823 + -0.0149030700515859 = 0.31234994467720234
Velocities: 0.19161787793645887 0.31234994467720234
Rel pose: (0.0114711, 0.000104625, 0.0214675)

Landmark 682 range: 0.7938835815803126 bearing: 0.0030779659431385688
Raw z: 0.8721368062664412,x: -0.0024435427686139485 y: -0.051645921188318136
Estimated landmark positions:
682: [0.85556463 0.25296684]
683: [ 0.82379991 -0.27744437]
Odometry measurement
[0.13193856707831053, 0.018808288039151008, 0.271747764535517]
Covariance:
[[1.40384803e-03 8.52815537e-05 7.24294183e-04]
 [8.52815537e-05 2.06502726e-03 6.11428855e-03]
 [7.24294183e-04 6.11428855e-03 8.41890149e-02]]
Estimated pose: 
(0.131308, 0.0204291, 0.290692)

Current pose: (0.13130835871602214, 0.02042913998172004, 0.2906924425275455)
Goal pose: (0.5, 0.5, 0)
Dist: 0.6049146519397146
Moving to goal, dist: 0.6049146519397146, theta_diff: 0.6246821387800634
dt=0.10053491592407227
raw_control = 0.1814743955819144 + 0.007968143176855501 + -0.0 = 0.1894425387587699
dt=0.10054755210876465
raw_control = 0.3123410693900317 + 0.008536100997911852 + -0.013931611049610446 = 0.3069455593383331
Velocities: 0.1894425387587699 0.3069455593383331
Rel pose: (0.0168857, 0.000218923, 0.0342085)

Landmark 682 range: 0.8021732161930537 bearing: -0.027523169925841594
Raw z: 0.8816188446034131,x: 0.022075562361601457 y: -0.04462693105283177
Estimated landmark positions:
682: [0.85991862 0.25393413]
683: [ 0.82380944 -0.27739346]
Odometry measurement
[0.14814580691669904, 0.023551547535615388, 0.3059562178746059]
Covariance:
[[0.00150928 0.00012476 0.00093469]
 [0.00012476 0.00235588 0.00700982]
 [0.00093469 0.00700982 0.08587085]]
Estimated pose: 
(0.147241, 0.0255524, 0.326987)

Current pose: (0.14724148477354812, 0.025552363567387503, 0.3269872623423671)
Goal pose: (0.5, 0.5, 0)
Dist: 0.5912183435764349
Moving to goal, dist: 0.5912183435764349, theta_diff: 0.6044718602790916
dt=0.0996556282043457
raw_control = 0.17736550307293045 + 0.008557325531205924 + -0.0 = 0.18592282860413636
dt=0.09964442253112793
raw_control = 0.3022359301395458 + 0.009138423492450119 + -0.020282398138900648 = 0.2910919554930953
Velocities: 0.18592282860413636 0.2910919554930953
Rel pose: (0.0142427, 0.000146318, 0.0254818)

Landmark 682 range: 0.775640233613458 bearing: -0.056948354465881965
Raw z: 0.8492009034150177,x: 0.044147563325292453 y: -0.03902852751120801
Estimated landmark positions:
682: [0.8628089  0.25450035]
683: [ 0.82381976 -0.27734785]
Odometry measurement
[0.1616829630724166, 0.027981034930640858, 0.33143802495372315]
Covariance:
[[0.00161464 0.00016229 0.00109798]
 [0.00016229 0.00263109 0.00769135]
 [0.00109798 0.00769135 0.08752345]]
Estimated pose: 
(0.160532, 0.0303642, 0.354684)

Current pose: (0.16053175984806864, 0.030364212896138186, 0.3546843778931745)
Goal pose: (0.5, 0.5, 0)
Dist: 0.5794794721131311
Moving to goal, dist: 0.5794794721131311, theta_diff: 0.5902256280071929
dt=0.10066843032836914
raw_control = 0.17384384163393932 + 0.009140678419857332 + -0.0 = 0.18298452005379665
dt=0.10066604614257812
raw_control = 0.29511281400359646 + 0.009732580295485162 + -0.014151973597652854 = 0.2906934207014288
Velocities: 0.18298452005379665 0.2906934207014288
Rel pose: (0.0110872, 0.000110229, 0.0228638)

Landmark 682 range: 0.7885078876619988 bearing: -0.08470793178938192
Raw z: 0.8639430577560151,x: 0.06671302304521885 y: -0.03271947853492811
Estimated landmark positions:
682: [0.86680411 0.25544701]
683: [ 0.82382506 -0.27731129]
Odometry measurement
[0.17213084459850903, 0.031693062573623296, 0.354301838154849]
Covariance:
[[0.00172076 0.00019926 0.00124922]
 [0.00019926 0.00286914 0.00811892]
 [0.00124922 0.00811892 0.08912028]]
Estimated pose: 
(0.170667, 0.0344036, 0.379963)

Current pose: (0.17066743151785316, 0.03440358461838934, 0.3799628974797714)
Goal pose: (0.5, 0.5, 0)
Dist: 0.5702981349077457
Moving to goal, dist: 0.5702981349077457, theta_diff: 0.575201694196555
dt=0.1013643741607666
raw_control = 0.17108944047232372 + 0.009718757555157094 + -0.0 = 0.1808081980274808
dt=0.10137486457824707
raw_control = 0.2876008470982775 + 0.010315690234028702 + -0.014820176454136302 = 0.28309636087816986
Velocities: 0.1808081980274808 0.28309636087816986
Rel pose: (0.0166306, 0.000171378, 0.0253073)

Landmark 682 range: 0.780435195011246 bearing: -0.10775934417213953
Raw z: 0.8534464009307596,x: 0.08393651823234868 y: -0.023313799447359763
Estimated landmark positions:
682: [0.8707441  0.25654084]
683: [ 0.82382162 -0.27730085]
Odometry measurement
[0.18766904045624708, 0.03762354265460319, 0.3796091123087666]
Covariance:
[[0.00182956 0.00025196 0.00142821]
 [0.00025196 0.00321185 0.00900606]
 [0.00142821 0.00900606 0.090524  ]]
Estimated pose: 
(0.185819, 0.0407444, 0.406556)

Current pose: (0.1858187587069207, 0.040744400357729874, 0.4065564041072405)
Goal pose: (0.5, 0.5, 0)
Dist: 0.5564400760039138
Moving to goal, dist: 0.5564400760039138, theta_diff: 0.5642583428684886
dt=0.09859871864318848
raw_control = 0.1669320228011741 + 0.010267400340114136 + -0.0 = 0.17719942314128825
dt=0.09859013557434082
raw_control = 0.2821291714342443 + 0.010871993299252274 + -0.01109984408106897 = 0.2819013206524276
Velocities: 0.17719942314128825 0.2819013206524276
Rel pose: (0.0137741, 0.000102184, 0.0202458)

Landmark 682 range: 0.7498428148175432 bearing: -0.1329044606947584
Raw z: 0.8158971510162307,x: 0.09936432908022613 y: -0.014897286519858232
Estimated landmark positions:
682: [0.87327628 0.25720429]
683: [ 0.8238215  -0.27728796]
Odometry measurement
[0.20042468041299966, 0.04282254345107597, 0.3998549316319009]
Covariance:
[[0.00193798 0.00030123 0.00157536]
 [0.00030123 0.00352406 0.00964571]
 [0.00157536 0.00964571 0.09179725]]
Estimated pose: 
(0.19825, 0.046334, 0.428309)

Current pose: (0.1982502788129059, 0.04633399357762288, 0.42830931127518757)
Goal pose: (0.5, 0.5, 0)
Dist: 0.5448538699685608
Moving to goal, dist: 0.5448538699685608, theta_diff: 0.5555446569170622
dt=0.10035061836242676
raw_control = 0.16345616099056823 + 0.0108141645677992 + -0.0 = 0.17427032555836744
dt=0.10035133361816406
raw_control = 0.2777723284585311 + 0.011429489771313 + -0.008683179024388364 = 0.2805186392054558
Velocities: 0.17427032555836744 0.2805186392054558
Rel pose: (0.0108315, 9.37139e-05, 0.0204204)

Estimated landmark positions:
682: [0.87327628 0.25720429]
683: [ 0.8238215  -0.27728796]
Odometry measurement
[0.210365288680932, 0.04712540485887655, 0.42027528388023466]
Covariance:
[[0.0020514  0.0003539  0.00178369]
 [0.0003539  0.00383007 0.0106058 ]
 [0.00178369 0.0106058  0.10143553]]
Estimated pose: 
(0.208064, 0.0509179, 0.44873)

Current pose: (0.2080644444059913, 0.05091792886761474, 0.44872966352352134)
Goal pose: (0.5, 0.5, 0)
Dist: 0.5356314733401457
Moving to goal, dist: 0.5356314733401457, theta_diff: 0.5456410241892686
dt=0.09987783432006836
raw_control = 0.16068944200204371 + 0.011349141683308011 + -0.0 = 0.17203858368535171
dt=0.09988784790039062
raw_control = 0.2728205120946343 + 0.011974518847637311 + -0.009914752330703554 = 0.2748802786115681
Velocities: 0.17203858368535171 0.2748802786115681
Rel pose: (0.0133046, 0.000127369, 0.0240855)

Estimated landmark positions:
682: [0.87327628 0.25720429]
683: [ 0.8238215  -0.27728796]
Odometry measurement
[0.22246014741535822, 0.052670140758565256, 0.4443608275577562]
Covariance:
[[0.00217026 0.00042574 0.00205818]
 [0.00042574 0.00421092 0.01190925]
 [0.00205818 0.01190925 0.11107382]]
Estimated pose: 
(0.219997, 0.0568045, 0.472815)

Current pose: (0.21999665642807054, 0.05680452552980727, 0.4728152072010429)
Goal pose: (0.5, 0.5, 0)
Dist: 0.5242366841440221
Moving to goal, dist: 0.5242366841440221, theta_diff: 0.5345190411030687
dt=0.10012221336364746
raw_control = 0.15727100524320664 + 0.011874019054737199 + -0.0 = 0.16914502429794384
dt=0.10012292861938477
raw_control = 0.26725952055153435 + 0.012509694965617957 + -0.0111083277722328 = 0.2686608877449195
Velocities: 0.16914502429794384 0.2686608877449195
Rel pose: (0.0159058, 0.00015793, 0.0263545)

Landmark 682 range: 0.7390241397854641 bearing: -0.2119914709682299
Raw z: 0.8000441403512106,x: 0.15549600394587618 y: 0.009403177358988895
Estimated landmark positions:
682: [0.87698607 0.25828404]
683: [ 0.82381556 -0.2772861 ]
Odometry measurement
[0.23675339276461846, 0.05965034101575109, 0.4707152992628708]
Covariance:
[[0.00228988 0.00051076 0.00225884]
 [0.00051076 0.00459423 0.01239902]
 [0.00225884 0.01239902 0.10488549]]
Estimated pose: 
(0.233752, 0.0641935, 0.500571)

Current pose: (0.23375203462292327, 0.06419354586277475, 0.5005710569867894)
Goal pose: (0.5, 0.5, 0)
Dist: 0.5107007387258162
Moving to goal, dist: 0.5107007387258162, theta_diff: 0.521806526121184
dt=0.10022449493408203
raw_control = 0.15321022161774486 + 0.012385866290749774 + -0.0 = 0.16559608790849464
dt=0.10021758079528809
raw_control = 0.260903263060592 + 0.01303263684252854 + -0.012684915042852891 = 0.2612509848602676
Velocities: 0.16559608790849464 0.2612509848602676
Rel pose: (0.0101068, 6.77387e-05, 0.0165806)

Landmark 682 range: 0.7299196886565673 bearing: -0.23479578023002864
Raw z: 0.7883197956100815,x: 0.16981170904017248 y: 0.018460712710677264
Estimated landmark positions:
682: [0.88032098 0.2592498 ]
683: [ 0.82381048 -0.27728368]
Odometry measurement
[0.24573026264646658, 0.0642943703263231, 0.48729592715681674]
Covariance:
[[0.00240263 0.00056792 0.00235798]
 [0.00056792 0.00485763 0.01243848]
 [0.00235798 0.01243848 0.10167952]]
Estimated pose: 
(0.242252, 0.0691226, 0.518723)

Current pose: (0.24225167358539754, 0.06912258978250768, 0.5187234504504148)
Goal pose: (0.5, 0.5, 0)
Dist: 0.5020851943697021
Moving to goal, dist: 0.5020851943697021, theta_diff: 0.5129822986464223
dt=0.10005354881286621
raw_control = 0.15062555831091062 + 0.012888220345780637 + -0.0 = 0.16351377865669126
dt=0.1000516414642334
raw_control = 0.25649114932321115 + 0.013545884052745242 + -0.008819672866552754 = 0.26121736050940364
Velocities: 0.16351377865669126 0.26121736050940364
Rel pose: (0.0134333, 6.50376e-05, 0.0127409)

Landmark 682 range: 0.7077561117937521 bearing: -0.2452346125653798
Raw z: 0.7615198283937024,x: 0.1718318064225661 y: 0.021969968387142932
Estimated landmark positions:
682: [0.8828698 0.2600421]
683: [ 0.82380374 -0.27729028]
Odometry measurement
[0.25756948248958705, 0.07064181176926018, 0.5000368306963755]
Covariance:
[[0.00251125 0.00062574 0.00241294]
 [0.00062574 0.00522306 0.01289396]
 [0.00241294 0.01289396 0.09997588]]
Estimated pose: 
(0.253648, 0.0757514, 0.531293)

Current pose: (0.25364816419850333, 0.07575143443961319, 0.5312930451093492)
Goal pose: (0.5, 0.5, 0)
Dist: 0.4905874767896276
Moving to goal, dist: 0.4905874767896276, theta_diff: 0.5134122562512706
dt=0.10034728050231934
raw_control = 0.14717624303688828 + 0.013380511537223975 + -0.0 = 0.16055675457411225
dt=0.10034298896789551
raw_control = 0.2567061281256353 + 0.014061057256395278 + 0.0004284879384905335 = 0.27119567332052114
Velocities: 0.16055675457411225 0.27119567332052114
Rel pose: (0.0151384, 0.00014111, 0.0253073)

Landmark 682 range: 0.6773891042964052 bearing: -0.2788844596586683
Raw z: 0.7242495829904282,x: 0.18647396269505195 y: 0.03362861741720791
Estimated landmark positions:
682: [0.88447024 0.26052685]
683: [ 0.82380018 -0.27729242]
Odometry measurement
[0.2707867384948486, 0.07802386047785694, 0.5253441048502935]
Covariance:
[[0.0026393  0.00073085 0.00265018]
 [0.00073085 0.00563178 0.01350728]
 [0.00265018 0.01350728 0.09910048]]
Estimated pose: 
(0.266453, 0.0835148, 0.5569)

Current pose: (0.26645258038847847, 0.08351484412071303, 0.5569002941841588)
Goal pose: (0.5, 0.5, 0)
Dist: 0.4774979395505221
Moving to goal, dist: 0.4774979395505221, theta_diff: 0.5028307901665068
dt=0.09958338737487793
raw_control = 0.14324938186515662 + 0.013856020160073632 + -0.0 = 0.15710540202523027
dt=0.09958720207214355
raw_control = 0.2514153950832534 + 0.014561812371479353 + -0.010625327215336725 = 0.25535188023939603
Velocities: 0.15710540202523027 0.25535188023939603
Rel pose: (0.00976561, 6.49923e-05, 0.0164061)

Landmark 682 range: 0.6860569422056996 bearing: -0.30797986120637966
Raw z: 0.7334727950937886,x: 0.2079673012659818 y: 0.04224528389857337
Estimated landmark positions:
682: [0.88666976 0.26116201]
683: [ 0.82379692 -0.27729054]
Odometry measurement
[0.2792028796933079, 0.0829776493131675, 0.54175019981904]
Covariance:
[[0.00275928 0.00080491 0.00278385]
 [0.00080491 0.00591484 0.01366644]
 [0.00278385 0.01366644 0.09882604]]
Estimated pose: 
(0.274404, 0.088783, 0.575076)

Current pose: (0.27440396735482675, 0.08878302439852158, 0.5750763618895408)
Goal pose: (0.5, 0.5, 0)
Dist: 0.4690340829492767
Moving to goal, dist: 0.4690340829492767, theta_diff: 0.493947759567943
dt=0.10012650489807129
raw_control = 0.140710224884783 + 0.014325647594111464 + -0.0 = 0.15503587247889444
dt=0.10012483596801758
raw_control = 0.2469738797839715 + 0.015056376755514453 + -0.008871955207398526 = 0.25315830133208744
Velocities: 0.15503587247889444 0.25315830133208744
Rel pose: (0.0118976, 0.000100151, 0.0221657)

Landmark 682 range: 0.6829065542363792 bearing: -0.3160309181467239
Raw z: 0.7295700172208828,x: 0.21224496665125678 y: 0.04653805600073344
Estimated landmark positions:
682: [0.88899417 0.26191762]
683: [ 0.82378906 -0.27730161]
Odometry measurement
[0.2893451567809134, 0.0891982741902403, 0.563915881319368]
Covariance:
[[0.00288695 0.00090044 0.00296967]
 [0.00090044 0.00625822 0.0140537 ]
 [0.00296967 0.0140537  0.09885241]]
Estimated pose: 
(0.284115, 0.0951164, 0.595192)

Current pose: (0.28411485306723, 0.09511635194064605, 0.5951921759664901)
Goal pose: (0.5, 0.5, 0)
Dist: 0.45884329038576394
Moving to goal, dist: 0.45884329038576394, theta_diff: 0.4857483561614052
dt=0.10735487937927246
raw_control = 0.13765298711572918 + 0.014818238255044986 + -0.0 = 0.15247122537077418
dt=0.10738539695739746
raw_control = 0.2428741780807026 + 0.01557799955599241 + -0.007635492011814894 = 0.25081668562488013
Velocities: 0.15247122537077418 0.25081668562488013
Rel pose: (0.0154373, 0.000104306, 0.0205949)

Landmark 682 range: 0.6527320731995258 bearing: -0.3568709905827906
Raw z: 0.6926436187245963,x: 0.22802808793162213 y: 0.05879356454526015
Estimated landmark positions:
682: [0.89051044 0.26237631]
683: [ 0.82378573 -0.27730352]
Odometry measurement
[0.3023365650925334, 0.09753769016859509, 0.584510766492901]
Covariance:
[[0.0030194  0.00101606 0.0031661 ]
 [0.00101606 0.0067136  0.0147799 ]
 [0.0031661  0.0147799  0.09899313]]
Estimated pose: 
(0.296622, 0.103835, 0.616246)

Current pose: (0.2966220025770257, 0.10383489606167833, 0.6162457944388852)
Goal pose: (0.5, 0.5, 0)
Dist: 0.44531943525321294
Moving to goal, dist: 0.44531943525321294, theta_diff: 0.48026678369632336
dt=0.09334540367126465
raw_control = 0.1335958305759639 + 0.015233923479508693 + -0.0 = 0.14882975405547258
dt=0.09331822395324707
raw_control = 0.24013339184816168 + 0.0160261759887752 + -0.005874064285479918 = 0.25028550355145696
Velocities: 0.14882975405547258 0.25028550355145696
Rel pose: (0.00925397, 5.04266e-05, 0.0150098)

Landmark 682 range: 0.6461944365136791 bearing: -0.3850975376443539
Raw z: 0.6842081408616053,x: 0.2427426381076443 y: 0.0681081640188055
Estimated landmark positions:
682: [0.89196495 0.26279971]
683: [ 0.8237834  -0.27730279]
Odometry measurement
[0.3100263872273061, 0.10268600732305733, 0.5995205980600524]
Covariance:
[[0.00314577 0.00110142 0.00329658]
 [0.00110142 0.00700501 0.01495498]
 [0.00329658 0.01495498 0.09932187]]
Estimated pose: 
(0.303877, 0.109285, 0.632998)

Current pose: (0.3038772013211771, 0.10928534859654679, 0.6329984616288297)
Goal pose: (0.5, 0.5, 0)
Dist: 0.43717512621709853
Moving to goal, dist: 0.43717512621709853, theta_diff: 0.47258415580065594
dt=0.10003209114074707
raw_control = 0.13115253786512956 + 0.015671238900210858 + -0.0 = 0.14682377676534042
dt=0.10003185272216797
raw_control = 0.23629207790032797 + 0.016498910675494013 + -0.007680181548776699 = 0.2451108070270453
Velocities: 0.14682377676534042 0.2451108070270453
Rel pose: (0.00946712, 5.94621e-05, 0.0167552)

Landmark 682 range: 0.6443108381568254 bearing: -0.4158556084024897
Raw z: 0.6811681262320444,x: 0.2602840301153754 y: 0.07762403559375047
Estimated landmark positions:
682: [0.89352853 0.26324835]
683: [ 0.82378124 -0.27730101]
Odometry measurement
[0.3178089522577031, 0.10807689346485394, 0.6162757588791977]
Covariance:
[[0.0032808  0.00120195 0.00346626]
 [0.00120195 0.0073003  0.01517469]
 [0.00346626 0.01517469 0.09974398]]
Estimated pose: 
(0.311139, 0.115052, 0.652585)

Current pose: (0.3111391699842763, 0.1150523335125471, 0.6525850580723446)
Goal pose: (0.5, 0.5, 0)
Dist: 0.42878096861726894
Moving to goal, dist: 0.42878096861726894, theta_diff: 0.46210037230532264
dt=0.09983086585998535
raw_control = 0.12863429058518067 + 0.01609929465382431 + -0.0 = 0.14473358523900498
dt=0.09983420372009277
raw_control = 0.23105018615266132 + 0.016960244902572617 + -0.01050119408447119 = 0.23750923697076273
Velocities: 0.14473358523900498 0.23750923697076273
Rel pose: (0.0164592, 0.000218879, 0.0328122)

Estimated landmark positions:
682: [0.89352853 0.26324835]
683: [ 0.82378124 -0.27730101]
Odometry measurement
[0.33111377237222817, 0.11776894026539911, 0.6490879488166912]
Covariance:
[[0.00346651 0.00140173 0.00399426]
 [0.00140173 0.00783964 0.01669434]
 [0.00399426 0.01669434 0.10938227]]
Estimated pose: 
(0.324083, 0.125221, 0.685397)

Current pose: (0.3240833866497643, 0.12522097474022503, 0.685397248009838)
Goal pose: (0.5, 0.5, 0)
Dist: 0.41401204406065695
Moving to goal, dist: 0.41401204406065695, theta_diff: 0.44653993719652973
dt=0.10001182556152344
raw_control = 0.12420361321819708 + 0.016513355657133952 + -0.0 = 0.14071696887533103
dt=0.10000777244567871
raw_control = 0.22326996859826487 + 0.0174068195468432 + -0.015559225776421404 = 0.22511756236868666
Velocities: 0.14071696887533103 0.22511756236868666
Rel pose: (0.00895543, 5.29274e-05, 0.0151844)

Estimated landmark positions:
682: [0.89352853 0.26324835]
683: [ 0.82378124 -0.27730101]
Odometry measurement
[0.33821599547361275, 0.12322430619512723, 0.6642723133090419]
Covariance:
[[0.00361078 0.00150698 0.00425637]
 [0.00150698 0.00820272 0.01761131]
 [0.00425637 0.01761131 0.11902055]]
Estimated pose: 
(0.330983, 0.130931, 0.700582)

Current pose: (0.33098289161120015, 0.13093056506764808, 0.7005816125021888)
Goal pose: (0.5, 0.5, 0)
Dist: 0.40592983473673977
Moving to goal, dist: 0.40592983473673977, theta_diff: 0.44076532390551615
dt=0.10016131401062012
raw_control = 0.12177895042102192 + 0.01691994031356741 + -0.0 = 0.13869889073458933
dt=0.10016155242919922
raw_control = 0.22038266195275807 + 0.017848296937836555 + -0.005765299309927792 = 0.23246565958066684
Velocities: 0.13869889073458933 0.23246565958066684
Rel pose: (0.00844365, 5.11035e-05, 0.0176278)

Estimated landmark positions:
682: [0.89352853 0.26324835]
683: [ 0.82378124 -0.27730101]
Odometry measurement
[0.3448327304143119, 0.1284699382475705, 0.6819001387541848]
Covariance:
[[0.00376622 0.00162733 0.00457777]
 [0.00162733 0.00855274 0.01853847]
 [0.00457777 0.01853847 0.12865884]]
Estimated pose: 
(0.337405, 0.136413, 0.718209)

Current pose: (0.33740484201903104, 0.13641293589367343, 0.7182094379473316)
Goal pose: (0.5, 0.5, 0)
Dist: 0.39828725636695217
Moving to goal, dist: 0.39828725636695217, theta_diff: 0.4320661226914304
dt=0.09970879554748535
raw_control = 0.11948617691008565 + 0.017317067739710024 + -0.0 = 0.13680324464979568
dt=0.09970617294311523
raw_control = 0.2160330613457152 + 0.018279093533355883 + -0.008724837146290673 = 0.2255873177327804
Velocities: 0.13680324464979568 0.2255873177327804
Rel pose: (0.0151805, 0.000170178, 0.0287979)

Estimated landmark positions:
682: [0.89352853 0.26324835]
683: [ 0.82378124 -0.27730101]
Odometry measurement
[0.35651127692214435, 0.138169881232839, 0.7106980714120911]
Covariance:
[[0.0039666  0.0018454  0.00514402]
 [0.0018454  0.0091433  0.0203519 ]
 [0.00514402 0.0203519  0.13829712]]
Estimated pose: 
(0.348724, 0.14653, 0.747007)

Current pose: (0.34872357032927626, 0.14653043222048084, 0.7470073706052379)
Goal pose: (0.5, 0.5, 0)
Dist: 0.38448055024950417
Moving to goal, dist: 0.38448055024950417, theta_diff: 0.41940046123130525
dt=0.10014867782592773
raw_control = 0.11534416507485125 + 0.017702119927282753 + -0.0 = 0.133046285002134
dt=0.10015034675598145
raw_control = 0.20970023061565263 + 0.01869912454957522 + -0.01264664763566453 = 0.21575270752956333
Velocities: 0.133046285002134 0.21575270752956333
Rel pose: (0.00865696, 4.50453e-05, 0.0150098)

Estimated landmark positions:
682: [0.89352853 0.26324835]
683: [ 0.82378124 -0.27730101]
Odometry measurement
[0.3630430564860261, 0.14385149984453469, 0.7257079029792423]
Covariance:
[[0.00412409 0.00197125 0.00546065]
 [0.00197125 0.00954809 0.02146959]
 [0.00546065 0.02146959 0.14793541]]
Estimated pose: 
(0.355045, 0.152445, 0.762017)

Current pose: (0.35504479446695575, 0.1524454182501535, 0.7620172021723892)
Goal pose: (0.5, 0.5, 0)
Dist: 0.376571638478574
Moving to goal, dist: 0.376571638478574, theta_diff: 0.4136428754382888
dt=0.10054636001586914
raw_control = 0.1129714915435722 + 0.018080749002625077 + -0.0 = 0.13105224054619727
dt=0.10054612159729004
raw_control = 0.2068214377191444 + 0.01911502641809193 + -0.005726313160120559 = 0.22021015097711577
Velocities: 0.13105224054619727 0.22021015097711577
Rel pose: (0.0107461, 0.000104371, 0.0207694)

Estimated landmark positions:
682: [0.89352853 0.26324835]
683: [ 0.82378124 -0.27730101]
Odometry measurement
[0.37101216202906656, 0.15106135818164293, 0.7464773210779748]
Covariance:
[[0.00430969 0.00214835 0.00592293]
 [0.00214835 0.01003986 0.02294125]
 [0.00592293 0.02294125 0.1575737 ]]
Estimated pose: 
(0.362747, 0.15994, 0.782787)

Current pose: (0.3627469201060059, 0.15993981355952483, 0.7827866202711217)
Goal pose: (0.5, 0.5, 0)
Dist: 0.36671424616766374
Moving to goal, dist: 0.36671424616766374, theta_diff: 0.4043916296507103
dt=0.0996558666229248
raw_control = 0.11001427385029912 + 0.018446201262673188 + -0.0 = 0.12846047511297232
dt=0.09965372085571289
raw_control = 0.20219581482535515 + 0.019518017723867916 + -0.009283392238783798 = 0.21243044031043926
Velocities: 0.12846047511297232 0.21243044031043926
Rel pose: (0.0121961, 0.000102005, 0.0251327)

Estimated landmark positions:
682: [0.89352853 0.26324835]
683: [ 0.82378124 -0.27730101]
Odometry measurement
[0.3798958599453039, 0.15941807129453034, 0.7716100623066932]
Covariance:
[[0.00452392 0.00237388 0.0065298 ]
 [0.00237388 0.01060745 0.02470674]
 [0.0065298  0.02470674 0.16721198]]
Estimated pose: 
(0.371321, 0.168614, 0.807919)

Current pose: (0.37132140295716853, 0.1686135086529218, 0.80791936149984)
Goal pose: (0.5, 0.5, 0)
Dist: 0.3554928803566093
Moving to goal, dist: 0.3554928803566093, theta_diff: 0.39249410079264135
dt=0.10043478012084961
raw_control = 0.10664786410698279 + 0.018803239755404624 + -0.0 = 0.12545110386238742
dt=0.10044121742248535
raw_control = 0.19624705039632068 + 0.01991224357701548 + -0.01184526548301822 = 0.20431402849031793
Velocities: 0.12545110386238742 0.20431402849031793
Rel pose: (0.00835824, 6.47462e-05, 0.0197222)

Estimated landmark positions:
682: [0.89352853 0.26324835]
683: [ 0.82378124 -0.27730101]
Odometry measurement
[0.3858418090905142, 0.1652926018325417, 0.7913322828542292]
Covariance:
[[0.0047213  0.00255322 0.00703251]
 [0.00255322 0.01103391 0.0259707 ]
 [0.00703251 0.0259707  0.17685027]]
Estimated pose: 
(0.37705, 0.1747, 0.827642)

Current pose: (0.377050179845064, 0.1747000130403005, 0.827641582047376)
Goal pose: (0.5, 0.5, 0)
Dist: 0.34775960057504063
Moving to goal, dist: 0.34775960057504063, theta_diff: 0.3817930488814346
dt=0.0994720458984375
raw_control = 0.10432788017251218 + 0.01914916334490485 + -0.0 = 0.12347704351741703
dt=0.09946608543395996
raw_control = 0.1908965244407173 + 0.020291998177196808 + -0.010758493072808874 = 0.20043002954510525
Velocities: 0.12347704351741703 0.20043002954510525
Rel pose: (0.00776136, 4.86848e-05, 0.0143117)

Estimated landmark positions:
682: [0.89352853 0.26324835]
683: [ 0.82378124 -0.27730101]
Odometry measurement
[0.3912626249392686, 0.17084740103366727, 0.8056439827205824]
Covariance:
[[0.00489659 0.00270167 0.0074145 ]
 [0.00270167 0.01147173 0.02723998]
 [0.0074145  0.02723998 0.18648855]]
Estimated pose: 
(0.382266, 0.180448, 0.841953)

Current pose: (0.3822657762272458, 0.18044793379629734, 0.8419532819137291)
Goal pose: (0.5, 0.5, 0)
Dist: 0.340550833888905
Moving to goal, dist: 0.340550833888905, theta_diff: 0.3758402160922226
dt=0.10335898399353027
raw_control = 0.1021652501666715 + 0.019501153226793917 + -0.0 = 0.1216664033934654
dt=0.10341191291809082
raw_control = 0.1879201080461113 + 0.02068066173417326 + -0.005756428462866784 = 0.2028443413174178
Velocities: 0.1216664033934654 0.2028443413174178
Rel pose: (0.0139439, 0.000162125, 0.0267035)

Estimated landmark positions:
682: [0.89352853 0.26324835]
683: [ 0.82378124 -0.27730101]
Odometry measurement
[0.40080386168438986, 0.1810170823140553, 0.8323475202760957]
Covariance:
[[0.00514893 0.00299303 0.00817838]
 [0.00299303 0.01221291 0.02963255]
 [0.00817838 0.02963255 0.19612684]]
Estimated pose: 
(0.391432, 0.190957, 0.868657)

Current pose: (0.3914315513763728, 0.19095727163999435, 0.8686568194692427)
Goal pose: (0.5, 0.5, 0)
Dist: 0.3275584161470095
Moving to goal, dist: 0.3275584161470095, theta_diff: 0.364302022089802
dt=0.0968012809753418
raw_control = 0.09826752484410284 + 0.019818233969566765 + -0.0 = 0.1180857588136696
dt=0.09674954414367676
raw_control = 0.182151011044901 + 0.02103312227985134 + -0.011925838105537701 = 0.19125829521921464
Velocities: 0.1180857588136696 0.19125829521921464
Rel pose: (0.0077188, 3.68283e-05, 0.0120428)

Estimated landmark positions:
682: [0.89352853 0.26324835]
683: [ 0.82378124 -0.27730101]
Odometry measurement
[0.4059724704456343, 0.1867500289971566, 0.8443902921148564]
Covariance:
[[0.00532299 0.00314484 0.00854564]
 [0.00314484 0.01270738 0.03104575]
 [0.00854564 0.03104575 0.20576512]]
Estimated pose: 
